# IEM Climodat http://mesonet.agron.iastate.edu/climodat/
# Report Generated: 30 Aug 2005 
# Climate Record: 01 Jan 1951 -> 01 Aug 2005
# Site Information: [IA0133] ALGONA
# Contact Information: Daryl Herzmann akrherz@iastate.edu 515.294.5978
# DAILY MAXIMUM PRECIPITATION FOR STATION NUMBER ia0133 
#    JAN   FEB   MAR   APR   MAY   JUN   JUL   AUG   SEP   OCT   NOV   DEC
  1  0.17  0.41  0.76  0.51  1.30  0.97  0.60  2.06  0.57  0.85  1.52  0.40
  2  0.52  0.50  0.50  0.65  2.10  1.10  1.78  1.54  0.71  0.85  1.11  0.58
  3  0.41  0.18  0.62  1.45  0.72  1.65  1.72  1.90  0.63  1.68  0.42  0.35
  4  0.30  0.50  1.21  0.90  1.08  3.40  2.50  1.70  1.12  1.28  0.85  0.58
  5  0.60  0.46  0.51  1.07  1.41  2.17  1.94  2.29  2.78  0.38  1.25  0.62
  6  0.25  0.32  1.06  2.11  0.78  0.88  4.70  1.13  1.54  0.96  0.82  0.18
  7  0.20  0.09  0.73  0.88  1.30  2.63  2.12  1.35  1.45  1.20  1.00  0.75
  8  0.15  0.25  2.65  0.71  1.65  2.33  1.95  3.10  2.57  1.94  0.50  0.21
  9  0.04  0.28  1.06  1.06  1.02  1.48  2.49  0.47  0.90  1.02  0.60  0.39
 10  0.29  0.96  0.20  0.70  1.39  1.51  2.19  1.89  1.32  1.33  1.54  0.20
 11  1.30  0.12  0.56  1.60  1.44  0.97  1.65  0.79  0.43  1.40  2.00  0.57
 12  0.83  1.20  0.98  1.00  0.89  2.35  1.71  0.65  1.62  1.52  0.59  0.45
 13  0.16  0.12  1.77  2.13  2.00  2.10  1.47  1.30  4.25  1.65  0.53  0.50
 14  0.58  0.35  1.02  0.81  1.25  1.82  2.12  1.80  1.30  0.86  0.60  0.65
 15  0.30  0.56  0.55  0.86  0.72  1.92  1.02  1.33  1.20  1.46  1.55  0.34
 16  0.52  0.28  0.48  1.90  2.09  2.53  1.03  3.87  0.50  0.75  1.00  0.94
 17  0.20  0.26  0.90  1.19  1.05  1.81  1.80  1.75  1.62  1.78  0.77  0.25
 18  0.73  0.91  1.16  0.84  1.11  6.18  1.65  1.52  1.04  0.40  0.66  0.26
 19  0.62  1.57  0.70  0.92  1.05  1.17  1.72  1.33  2.13  0.61  0.59  0.60
 20  0.50  0.88  1.00  1.40  1.05  0.89  2.03  1.04  3.24  0.98  1.35  0.29
 21  0.30  1.24  0.55  2.00  3.49  1.71  0.88  1.20  1.22  0.66  1.35  0.35
 22  0.42  0.26  0.69  0.77  0.68  1.82  1.54  5.20  1.36  1.42  0.53  0.41
 23  0.68  0.60  1.44  1.64  2.05  3.40  1.00  1.34  1.00  1.06  0.56  0.47
 24  0.28  0.20  0.82  3.38  1.87  5.09  1.99  2.68  1.17  0.48  1.07  0.56
 25  0.30  0.70  1.24  0.79  1.03  2.10  2.45  1.12  2.83  0.20  0.57  0.78
 26  0.29  0.30  1.05  0.50  1.42  2.84  0.75  1.69  2.04  0.32  0.49  0.75
 27  0.31  0.74  0.76  2.16  1.10  1.21  1.95  0.79  0.64  1.04  0.72  0.34
 28  0.50  0.88  0.95  2.01  2.12  1.41  2.04  1.56  1.40  0.40  1.14  1.03
 29  0.25  0.15  0.97  1.07  1.06  2.00  1.54  3.25  2.06  0.95  0.59  0.42
 30  0.68  ****  1.49  1.31  1.90  1.74  1.33  1.65  1.77  1.41  2.42  0.49
 31  0.20  ****  1.10  ****  1.60  ****  3.70  7.17  ****  1.22  ****  0.13
