# IEM Climodat http://mesonet.agron.iastate.edu/climodat/
# Report Generated: 30 Aug 2005 
# Climate Record: 01 Jan 1951 -> 01 Aug 2005
# Site Information: [IA0112] ALBIA
# Contact Information: Daryl Herzmann akrherz@iastate.edu 515.294.5978
 THESE ARE THE MONTHLY AVG. MEAN TEMPS 1951-2006 FOR STATION # ia0112
 YEAR   JAN   FEB  MARCH APRIL  MAY  JUNE  JULY AUGUST SEPT   OCT   NOV   DEC   ANN
 1951    22    28    30    47    63    66    75    74    62    55    34    24    48
 1952    26    34    36    52    62    76    76    72    68    52    42    30    52
 1953    26    32    40    46    62    76    78    77    68    61    44    32    54
 1954    23    40    36    56    58    76    81    75    70    55    44    32    54
 1955    24    26    38    58    64    69    82    78    70    56    34    26    52
 1956    23    28    38    50    66    77    76    75    67    62    40    31    53
 1957    18    33    38    52    62    71    80    76    64    52    38    34    51
 1958    26    18    36    52    65    68    72    74    67    57    44    25    50
 1959    18    27    38    50    65    73    74    78    66    52    33    36    51
 1960    24    22    24    54    62    70    74    76    69    56    43    28    50
 1961    24    32    40    46    60    72    75    75    65    57    40    24    51
 1962    16    25    32    50    70    72    74    74    64    57    42    28    50
 1963    14    23    43    55    62    76    76    72    66    66    44    16    51
 1964    30    31    35    52    67    71    76    70    65    52    44    25    52
 1965    22    25    24    51    67    70    74    72    64    55    44    38    50
 1966    17    28    44    49    60    71    80    72    64    56    42    28    51
 1967    28    26    42    54    58    70    73    72    64    54    38    31    51
 1968    24    26    46    54    60    74    76    75    66    56    37    25    51
 1969    20    28    33    54    64    68    78    76    66    52    41    26    50
 1970    16    30    34    54    66    72    77    74    66    54    40    30    51
 1971    18    26    36    54    60    78    74    74    70    61    42    32    52
 1972    22    25    40    51    64    70    75    74    68    52    36    22    50
 1973    25    31    46    50    60    72    76    75    66    60    41    24    52
 1974    22    30    42    56    62    68    79    70    60    54    40    30    51
 1975    26    24    31    48    64    71    78    76    62    58    46    32    51
 1976    25    38    43    56    60    71    76    72    66    50    34    24    51
 1977    12    30    46    58    68    74    80    72    66    54    40    24    52
 1978    14    16    34    52    61    72    76    74    72    54    41    26    49
 1979    10    16    38    48    62    72    74    75    68    56    40    34    49
 1980    25    24    36    52    65    72    81    78    68    52    42    30    52
 1981    28    32    44    60    60    73    75    73    68    54    44    25    53
 1982    16    25    37    48    66    68    76    72    64    55    40    34    50
 1983    28    34    40    45    59    72    80    82    68    54    42    12    52
 1984    24    37    32    49    58    72    74    74    64    54    40    30    51
 1985    16    23    42    56    64    68    76    70    66    54    34    16    49
 1986    28    24    44    56    62    74    78    69    68    54    36    30    52
 1987    28    36    44    56    66    74    78    72    65    50    46    32    54
 1988    22    22    40    52    66    74    78    78    68    48    42    30    52
 1989    34    17    39    52    60    68    76    73    62    55    38    17    49
 1990    34    32    44    51    58    72    74    74    69    54    46    24    53
 1991    18    34    44    54    66    74    76    74    66    53    32    32    52
 1992    32    36    43    50    61    68    72    68    63    54    36    28    51
 1993    24    22    35    48    62    69    74    74    60    52    38    30    49
 1994    16    24    41    53    62    72    72    72    66    56    43    33    51
 1995    22    29    40    48    58    70    76    78    63    54    34    26    50
 1996    20    26    34    51    59    70    73    72    64    56    34    26    49
 1997    20    29    42    47    56    70    76    72    66    52    36    29    50
 1998    27    37    34    50    64    68    76    74    69    54    43    32    52
 1999    20    36    36    52    61    70    78    72    62    52    47    29    51
 2000    24    35    44    50    63    69    72    74    66    56    35    12    50
 2001    22    22    32    54    62    68    76    74    62    52    50    34    51
 2002    31    32    34    50    58    74    78    72    67    48    36    32    51
 2003    21    22    36    52    58    68    74    76    62    54    38    31    49
 2004    19    25    42    52    62    68    71    67    66    52    42    28    50
 2005    22    32    37    54    58    72    75   -99   -99   -99   -99   -99      
 MEAN    22    28    38    52    62    71    76    74    66    55    40    28    50
