# IEM Climodat http://mesonet.agron.iastate.edu/climodat/
# Report Generated: 30 Aug 2005 
# Climate Record: 01 Jan 1951 -> 01 Aug 2005
# Site Information: [IA0157] ALLISON
# Contact Information: Daryl Herzmann akrherz@iastate.edu 515.294.5978
 THESE ARE THE MONTHLY AVG. MIN TEMPS 1951-2006 FOR STATION # ia0157
 YEAR   JAN   FEB  MARCH APRIL  MAY  JUNE  JULY AUGUST SEPT   OCT   NOV   DEC   ANN
 1951     4    12    17    35    50    56    61    59    49    40    19    10    34
 1952     8    23    23    38    48    61    64    58    50    32    27    17    37
 1953    11    17    25    34    49    60    62    62    49    43    29    18    38
 1954     6    26    21    38    44    61    65    60    53    41    30    19    39
 1955    10    10    21    43    51    56    67    64    51    40    20     8    37
 1956     8    11    21    33    49    62    60    61    48    45    27    17    37
 1957     4    20    23    37    47    58    66    62    50    39    27    19    38
 1958    16     6    24    37    48    55    60    60    52    42    29     8    36
 1959     3     8    23    37    52    59    60    66    52    38    18    25    37
 1960    11    13    10    40    48    56    61    62    55    41    29    12    36
 1961     9    19    27    32    45    58    61    61    52    42    29    10    37
 1962     3    12    19    35    54    58    61    60    49    44    30    14    37
 1963     0     7    27    39    49    61    63    60    53    48    32     5    37
 1964    15    17    20    38    54    58    65    58    52    38    30    13    38
 1965     6     7    14    37    52    57    61    58    49    40    27    23    36
 1966    -1    10    28    34    42    58    64    56    48    38    25    14    35
 1967    11     6    26    37    42    58    58    56    48    39    25    19    35
 1968    10    11    28    38    44    59    61    61    52    42    28    13    37
 1969     5    15    16    39    49    52    63    61    52    38    27    14    36
 1970    -1    10    22    38    51    59    61    60    52    42    28    12    36
 1971     0    12    22    36    44    63    58    57    53    46    30    17    36
 1972     4     8    24    35    51    56    61    62    52    38    29    10    36
 1973    12    18    34    37    46    60    64    63    54    47    31    12    40
 1974     9    15    27    39    48    56    66    59    46    41    29    20    38
 1975    12    14    19    35    52    60    63    63    47    41    32    19    38
 1976     9    21    27    40    46    58    62    59    49    34    19     5    36
 1977    -3    14    31    43    55    58    62    56    52    38    25     9    37
 1978    -4     1    21    37    49    58    61    59    55    38    24    10    34
 1979    -4     1    23    35    47    59    61    60    52    41    28    19    35
 1980    11     8    20    36    48    57    62    61    52    36    26    13    36
 1981     9    15    26    40    45    57    61    57    49    37    29    11    36
 1982    -5     8    22    31    53    52    62    58    50    39    23    19    34
 1983    14    20    26    32    43    57    62    63    51    40    31     1    37
 1984     9    24    21    38    46    59    59    61    50    43    28    16    38
 1985     5    12    30    42    52    55    61    57    53    41    21     0    36
 1986    12    11    29    41    50    61    65    57    56    42    20    17    38
 1987    15    24    31    42    53    62    66    60    52    35    33    21    41
 1988     4     7    27    36    53    59    62    63    51    35    27    15    37
 1989    20     4    23    36    47    57    63    60    49    40    22     5    36
 1990    20    17    29    37    47    60    62    62    55    39    30     9    39
 1991     3    18    28    41    55    64    63    61    52    38    21    18    38
 1992    17    24    28    36    47    56    59    55    50    39    27    14    38
 1993     9    11    22    35    50    57    64    63    48    39    26    17    37
 1994    -1     6    27    37    49    61    61    58    55    45    31    18    37
 1995    11    14    28    34    47    61    63    66    49    40    20    15    37
 1996     6    14    18    33    47    60    61    59    51    41    20    12    35
 1997     6    16    26    33    43    60    64    60    54    41    24    22    37
 1998    15    28    26    41    55    59    64    64    56    44    32    20    42
 1999     7    24    26    40    52    60    67    60    50    39    32    17    40
 2000    12    23    32    37    51    58    63    63    52    44    25     2    38
 2001    12     7    21    41    52    59    65    63    51    40    38    22    39
 2002    20    21    21    38    46    62    66    60    55    37    26    19    39
 2003    10     9    24    38    48    58    63    62    50    40    27    20    37
 2004     8    15    32    38    51    58    61    57    54    42    32    18    39
 2005    10    23    25    42    47    63    64   -99   -99   -99   -99   -99      
 MEAN     8    14    24    37    49    59    62    60    51    40    27    14    36
