# IEM Climodat http://mesonet.agron.iastate.edu/climodat/
# Report Generated: 30 Aug 2005 
# Climate Record: 01 Jan 1951 -> 01 Aug 2005
# Site Information: [IA0157] ALLISON
# Contact Information: Daryl Herzmann akrherz@iastate.edu 515.294.5978
# DAILY MAXIMUM PRECIPITATION FOR STATION NUMBER ia0157 
#    JAN   FEB   MAR   APR   MAY   JUN   JUL   AUG   SEP   OCT   NOV   DEC
  1  0.22  1.33  1.10  0.70  1.10  1.38  0.59  1.25  0.50  0.72  2.58  0.90
  2  0.95  0.30  1.00  1.06  1.32  1.24  2.45  1.80  1.58  1.49  1.35  0.50
  3  0.30  0.23  0.42  1.16  0.67  0.92  2.27  2.55  0.78  1.01  0.98  0.90
  4  0.30  0.63  1.05  1.50  0.98  1.54  1.79  1.84  1.60  0.75  1.26  0.60
  5  0.34  0.80  1.30  0.88  0.95  0.93  1.11  2.28  2.09  2.20  1.10  1.28
  6  0.28  0.30  1.20  1.03  2.26  1.18  2.00  1.40  1.26  0.94  0.95  0.42
  7  0.10  0.82  0.60  1.16  1.64  1.63  2.05  2.52  1.12  1.10  0.65  0.60
  8  0.50  0.80  1.10  0.80  0.50  1.39  2.10  1.58  4.02  1.25  0.17  0.40
  9  0.40  0.37  0.60  0.98  1.12  3.90  2.50  1.42  2.20  3.10  1.70  0.50
 10  0.72  0.33  0.65  1.11  2.49  1.25  1.40  4.20  1.65  0.72  0.44  0.65
 11  0.30  0.44  0.80  1.28  1.46  1.25  1.28  0.45  0.92  1.89  1.23  0.66
 12  0.43  0.25  1.21  2.12  1.00  1.13  2.53  1.76  1.11  1.65  0.85  1.50
 13  0.22  0.50  0.80  0.67  1.30  2.47  0.90  2.92  2.80  0.55  1.00  0.15
 14  0.24  0.36  1.57  0.82  0.70  1.53  2.65  1.76  1.04  0.55  0.32  0.40
 15  0.72  0.33  1.00  1.56  1.13  2.60  1.56  0.83  1.00  1.59  1.60  0.35
 16  0.79  0.50  1.20  1.40  2.57  0.92  0.70  4.02  1.20  0.87  1.00  0.28
 17  0.22  0.20  0.80  2.21  3.86  1.52  7.16  1.28  0.56  2.30  2.35  0.40
 18  0.40  0.90  1.19  1.65  1.38  2.58  1.36  1.55  2.47  0.95  1.20  0.47
 19  0.40  0.62  0.83  1.69  2.12  1.78  2.80  1.94  1.59  0.83  1.04  1.10
 20  0.30  0.58  0.57  2.15  1.40  1.50  1.95  2.60  4.12  0.54  1.52  0.66
 21  0.40  1.60  0.25  1.32  1.29  3.05  2.17  1.85  1.05  0.72  0.75  1.63
 22  0.40  0.80  0.85  1.43  1.25  1.90  1.78  3.20  0.72  2.57  0.90  0.80
 23  0.35  0.80  0.75  0.90  1.72  4.49  1.47  0.92  1.84  0.79  1.00  0.50
 24  0.30  0.24  1.10  1.26  1.02  2.27  1.50  2.10  1.20  0.88  0.30  0.25
 25  0.36  0.60  0.81  0.98  1.37  3.18  1.37  2.08  1.80  0.55  0.45  0.45
 26  0.27  0.95  1.47  0.71  3.35  7.00  1.67  1.67  2.10  0.42  0.46  0.20
 27  0.65  0.15  1.20  1.34  2.00  1.23  2.12  0.96  1.55  0.86  0.99  0.55
 28  0.21  0.54  0.80  0.85  1.26  1.77  3.45  1.75  1.75  0.70  0.40  1.35
 29  0.82  0.00  0.92  3.06  2.85  1.56  3.30  3.20  1.37  0.90  0.70  0.78
 30  0.20  ****  1.95  1.89  0.88  1.41  1.47  1.51  1.12  0.92  0.58  0.40
 31  0.35  ****  0.70  ****  3.50  ****  1.76  2.10  ****  1.77  ****  0.30
