# IEM Climodat http://mesonet.agron.iastate.edu/climodat/
# Report Generated: 30 Aug 2005 
# Climate Record: 01 Jan 1951 -> 01 Aug 2005
# Site Information: [IA0200] AMES-8-WSW
# Contact Information: Daryl Herzmann akrherz@iastate.edu 515.294.5978
 THESE ARE THE MONTHLY AVG. MIN TEMPS 1951-2006 FOR STATION # ia0200
 YEAR   JAN   FEB  MARCH APRIL  MAY  JUNE  JULY AUGUST SEPT   OCT   NOV   DEC   ANN
 1951     9    15    18    36    51    56    62    61    49    42    21    11    36
 1952     9    25    25    38    48    63    63    59    50    31    27    18    38
 1953    14    20    28    34    49    62    63    60    49    43    29    19    39
 1954     7    26    23    41    44    62    66    62    55    42    31    21    40
 1955    11    13    23    44    51    56    68    63    52    40    20    10    38
 1956    10    13    23    34    50    62    61    63    50    46    27    19    38
 1957     5    22    26    39    48    58    67    62    49    40    26    22    39
 1958    17     6    26    38    49    55    61    61    53    42    28    11    37
 1959     5    12    26    37    52    60    60    66    53    38    19    26    38
 1960    12    12    11    40    49    57    61    62    54    40    29    15    37
 1961    11    20    30    34    46    57    62    60    52    43    29    12    38
 1962     3    15    20    36    56    58    61    60    49    45    30    15    37
 1963     1    10    31    41    50    62    64    60    54    50    32     7    38
 1964    17    17    22    39    55    59    65    57    52    37    30    14    39
 1965     8     9    15    38    53    59    63    59    50    42    29    24    37
 1966     4    14    29    34    44    58    65    57    49    39    27    14    36
 1967    13    10    27    39    44    59    59    56    48    40    27    18    37
 1968    10    11    29    38    45    59    62    61    51    42    27    14    37
 1969     7    17    16    39    50    54    65    61    52    38    27    16    37
 1970     2    13    23    38    52    59    62    61    53    42    29    15    37
 1971     5    14    25    37    46    63    59    58    54    46    30    19    38
 1972     6     7    25    36    50    57    62    61    53    38    28    10    36
 1973    13    18    35    37    47    60    63    62    54    46    30    14    40
 1974     8    17    27    40    48    56    65    57    46    41    29    19    38
 1975    12    14    20    34    51    59    62    60    47    39    31    20    37
 1976    10    21    29    41    47    56    63    58    49    34    18     6    36
 1977    -3    15    32    44    56    59    65    59    55    40    28    14    39
 1978     0     3    23    40    50    59    63    59    56    38    27    11    36
 1979    -2     2    24    35    47    58    62    62    52    40    27    20    36
 1980    13    12    24    38    50    58    65    62    53    37    28    16    38
 1981    12    17    28    42    46    60    63    60    51    39    32    15    39
 1982    -2    12    25    34    53    54    64    61    53    41    26    21    37
 1983    18    22    28    34    46    60    66    66    52    42    32     1    39
 1984     9    25    22    39    48    62    61    61    51    43    28    17    39
 1985     6    12    31    43    52    55    61    57    54    42    21     1    36
 1986    15    13    32    42    51    62    66    57    57    42    22    19    40
 1987    18    23    31    40    53    61    65    60    52    35    34    22    41
 1988     8    12    27    36    53    60    63    63    53    36    29    16    38
 1989    21     5    25    38    48    57    64    60    49    40    23     6    36
 1990    21    18    30    37    47    61    64    63    56    40    31    12    40
 1991     4    21    30    42    56    63    63    61    52    39    21    21    39
 1992    20    26    30    36    49    57    60    56    51    39    27    17    39
 1993    10    13    25    36    50    59    65    63    49    40    26    18    38
 1994     1     9    29    38    50    61    60    59    54    45    31    18    38
 1995    11    17    29    35    48    61    63    66    49    41    21    18    38
 1996     7    15    19    34    49    61    61    61    51    41    23    13    36
 1997     7    18    28    34    44    60    64    60    54    42    26    23    38
 1998    16    28    26    41    55    58    65    65    57    44    33    20    42
 1999    11    26    27    41    52    61    68    61    49    39    33    18    40
 2000    14    25    32    38    52    58    63    63    54    45    25     1    39
 2001    15    10    23    43    52    59    67    63    51    41    38    23    40
 2002    19    21    21    39    47    63    66    61    55    37    25    19    39
 2003    11    10    25    40    49    58    64    63    50    41    27    22    38
 2004     9    15    33    40    52    58    62    57    55    44    33    18    40
 2005    11    24    26    44    48    63    65   -99   -99   -99   -99   -99      
 MEAN    10    16    26    38    50    59    63    61    52    41    28    16    37
