# IEM Climodat http://mesonet.agron.iastate.edu/climodat/
# Report Generated: 30 Aug 2005 
# Climate Record: 01 Jan 1951 -> 01 Aug 2005
# Site Information: [IA0200] AMES-8-WSW
# Contact Information: Daryl Herzmann akrherz@iastate.edu 515.294.5978
# DAILY MAXIMUM PRECIPITATION FOR STATION NUMBER ia0200 
#    JAN   FEB   MAR   APR   MAY   JUN   JUL   AUG   SEP   OCT   NOV   DEC
  1  0.31  1.58  0.78  0.92  1.17  1.30  0.87  2.16  0.79  0.72  2.00  0.89
  2  1.18  0.28  0.64  0.91  1.21  2.91  2.37  1.12  1.48  0.95  0.70  0.18
  3  0.80  0.07  0.75  1.43  0.95  1.13  2.23  1.18  0.93  1.23  1.41  0.90
  4  0.80  0.67  1.09  0.46  1.46  1.78  2.98  2.51  2.38  1.19  1.89  0.70
  5  0.49  0.26  0.79  1.45  0.80  2.22  1.77  4.58  1.63  0.89  0.94  1.47
  6  0.33  0.25  1.21  0.85  3.62  2.56  1.40  2.13  1.30  0.95  1.31  0.22
  7  0.06  0.13  1.42  0.56  2.02  1.24  2.24  1.63  1.51  1.12  0.35  0.38
  8  0.52  0.39  0.77  2.45  1.50  1.41  1.18  3.05  2.43  1.11  0.12  0.55
  9  0.31  0.57  0.48  0.75  1.95  2.65  4.65  1.54  1.88  0.97  1.21  0.31
 10  0.53  0.62  0.59  0.93  1.26  2.31  2.32  1.91  1.15  1.58  0.45  0.65
 11  0.19  0.30  0.93  1.44  1.87  2.20  2.28  0.53  0.74  2.81  1.62  0.75
 12  0.43  0.11  0.86  1.82  3.31  4.02  2.31  1.15  2.22  1.17  0.85  0.90
 13  0.36  0.30  1.03  0.94  4.71  2.12  1.70  2.11  2.18  0.86  1.01  0.50
 14  0.73  0.20  0.63  1.47  1.02  3.40  1.28  1.27  1.59  1.41  0.18  0.96
 15  0.46  0.60  0.45  0.65  0.96  1.52  1.22  0.90  1.59  0.95  0.68  0.37
 16  0.81  0.35  0.62  2.23  1.51  2.87  2.46  2.55  0.53  0.92  1.00  0.15
 17  0.43  0.28  1.30  2.09  0.95  1.88  2.93  2.51  1.00  1.69  1.26  0.31
 18  0.59  1.70  1.42  1.36  1.92  1.44  2.02  2.96  1.07  1.12  0.87  0.23
 19  0.36  0.36  1.26  0.83  2.52  1.04  1.13  1.61  1.60  0.80  1.55  1.30
 20  0.27  0.61  0.60  1.67  0.76  1.63  1.18  1.40  1.86  0.47  1.44  0.69
 21  0.39  2.00  0.33  1.66  1.42  1.72  0.97  1.36  1.60  0.62  0.56  0.59
 22  1.14  0.80  0.70  1.71  1.51  3.65  0.82  5.95  0.81  2.52  1.09  0.60
 23  0.41  0.41  1.12  2.69  1.51  2.02  1.15  1.84  1.22  1.42  0.75  0.19
 24  0.83  0.47  0.38  1.09  2.25  1.82  2.44  0.72  1.50  0.74  0.41  0.91
 25  0.17  0.90  0.94  1.33  1.38  2.53  1.77  2.41  1.56  0.57  0.79  0.52
 26  0.75  0.38  1.84  1.93  2.08  2.41  2.04  3.05  1.63  0.70  0.48  0.29
 27  0.40  0.15  0.92  1.24  1.89  2.32  1.18  1.87  1.27  1.08  0.86  0.72
 28  0.12  0.52  0.91  1.21  2.31  1.62  1.35  2.25  1.09  0.83  1.04  1.07
 29  0.64  0.31  0.67  3.01  1.46  1.51  1.58  1.88  1.59  0.89  0.74  0.59
 30  0.13  ****  1.68  1.61  1.55  2.89  0.92  1.46  4.16  1.05  0.57  0.61
 31  0.25  ****  0.80  ****  1.66  ****  1.31  0.72  ****  2.35  ****  0.29
