# IEM Climodat http://mesonet.agron.iastate.edu/climodat/
# Report Generated: 30 Aug 2005 
# Climate Record: 01 Jan 1951 -> 01 Aug 2005
# Site Information: [IA0200] AMES-8-WSW
# Contact Information: Daryl Herzmann akrherz@iastate.edu 515.294.5978
 THESE ARE THE MONTHLY AVG. MEAN TEMPS 1951-2006 FOR STATION # ia0200
 YEAR   JAN   FEB  MARCH APRIL  MAY  JUNE  JULY AUGUST SEPT   OCT   NOV   DEC   ANN
 1951    18    24    26    44    62    66    72    70    60    52    31    20    45
 1952    19    32    32    50    59    74    74    70    64    46    38    25    49
 1953    22    28    37    44    60    72    74    72    64    58    41    29    50
 1954    18    37    32    53    56    72    78    72    66    52    42    28    50
 1955    20    22    34    56    63    67    79    76    66    53    30    20    49
 1956    19    23    34    47    62    75    74    74    64    58    36    28    49
 1957    14    30    36    50    58    68    78    72    60    50    34    30    48
 1958    24    16    34    49    62    66    70    72    64    55    40    21    48
 1959    15    21    35    48    62    71    72    76    63    48    28    32    48
 1960    20    19    20    51    60    68    72    72    64    52    40    24    47
 1961    21    28    36    44    58    69    72    72    62    55    37    20    48
 1962    13    22    28    48    67    68    71    72    61    54    40    25    47
 1963    10    20    40    52    60    74    74    70    65    63    42    16    49
 1964    27    28    32    50    66    70    76    68    63    51    41    22    50
 1965    18    19    22    48    66    70    74    71    60    54    39    33    48
 1966    13    24    40    45    58    69    76    69    62    54    38    24    48
 1967    22    22    40    52    57    69    70    68    61    51    36    27    48
 1968    20    22    44    52    58    71    73    72    62    54    35    22    49
 1969    15    24    26    50    62    66    74    72    64    49    38    23    47
 1970    10    26    31    51    64    70    74    72    64    52    37    24    48
 1971    14    22    33    51    58    76    70    71    67    58    38    26    49
 1972    16    17    36    48    62    70    72    72    64    49    34    18    46
 1973    20    26    43    48    58    72    74    74    63    58    38    21    50
 1974    16    26    38    52    58    68    78    68    60    53    38    26    48
 1975    20    22    28    44    64    70    74    72    60    54    41    28    48
 1976    22    33    38    54    59    69    75    72    64    47    31    19    49
 1977     8    29    43    57    68    73    78    70    66    50    36    22    50
 1978    10    13    32    50    61    70    73    71    69    51    36    20    46
 1979     6    12    32    44    60    70    72    72    65    52    36    30    46
 1980    20    20    34    52    63    70    77    74    66    50    40    26    49
 1981    24    29    42    56    59    72    74    70    64    50    40    23    50
 1982     8    20    34    46    63    65    74    71    63    52    36    29    47
 1983    25    30    36    44    57    71    78    78    66    52    38     8    48
 1984    18    34    29    48    58    72    72    74    64    53    38    27    49
 1985    16    20    41    55    65    68    73    68    64    52    28    12    47
 1986    24    20    42    54    62    72    76    68    67    52    32    26    50
 1987    27    35    42    54    66    74    76    70    64    48    42    28    52
 1988    18    22    40    50    68    74    76    76    66    48    39    27    50
 1989    30    14    35    52    61    68    75    72    62    54    34    16    48
 1990    32    29    40    50    58    71    73    72    68    53    42    20    51
 1991    13    30    40    52    65    74    74    71    64    52    28    28    49
 1992    28    32    40    48    62    69    68    66    62    52    32    24    49
 1993    18    18    32    46    60    68    72    72    58    50    35    26    46
 1994    10    18    40    52    62    71    71    70    66    55    40    26    48
 1995    18    26    38    46    58    70    74    76    62    52    31    25    48
 1996    16    24    32    48    58    70    71    70    62    53    30    20    46
 1997    16    24    39    46    56    72    74    70    66    54    33    28    48
 1998    22    34    33    50    66    67    74    74    70    54    42    30    52
 1999    17    34    38    50    62    70    78    70    62    54    46    28    51
 2000    24    34    44    52    64    68    72    73    68    56    33     9    50
 2001    22    18    30    56    62    70    76    74    62    52    49    31    50
 2002    30    30    33    51    59    74    76    71    67    47    36    30    50
 2003    22    21    36    52    60    68    74    74    62    54    36    29    49
 2004    19    23    42    53    62    68    72    67    68    54    42    28    50
 2005    18    32    38    55    60    74    76   -99   -99   -99   -99   -99      
 MEAN    19    25    36    50    61    70    74    72    64    52    37    24    48
