# IEM Climodat http://mesonet.agron.iastate.edu/climodat/
# Report Generated: 30 Aug 2005 
# Climate Record: 01 Jan 1951 -> 01 Aug 2005
# Site Information: [IA0241] ANKENY-3-S
# Contact Information: Daryl Herzmann akrherz@iastate.edu 515.294.5978
 THESE ARE THE MONTHLY AVG. MEAN TEMPS 1951-2006 FOR STATION # ia0241
 YEAR   JAN   FEB  MARCH APRIL  MAY  JUNE  JULY AUGUST SEPT   OCT   NOV   DEC   ANN
 1951    20    26    28    46    62    66    73    72    60    52    32    20    47
 1952    21    33    34    50    60    75    76    70    65    48    39    26    50
 1953    23    30    38    44    60    72    74    72    64    58    43    30    51
 1954    19    38    32    54    56    72    76    71    66    52    41    28    50
 1955    20    22    34    54    63    66    79    77    67    54    30    20    49
 1956    18    24    34    47    62    74    72    72    63    59    37    27    49
 1957    14    30    36    49    59    69    78    74    61    50    34    30    49
 1958    24    15    34    49    62    66    70    73    64    54    40    22    48
 1959    15    22    36    48    62    72    72    76    63    48    29    32    48
 1960    20    19    20    50    60    68    72    74    66    52    40    24    47
 1961    21    28    36    44    58    69    72    72    62    55    38    19    48
 1962    14    20    28    49    68    70    72    73    62    57    42    27    48
 1963    10    21    42    54    62    75    76    72    66    65    44    16    50
 1964    29    30    35    52    68    70    76    70    64    52    44    24    51
 1965    20    22    24    50    67    70    74    72    62    56    41    36    50
 1966    14    26    42    48    58    70    78    70    63    56    40    26    49
 1967    24    24    42    53    58    70    72    70    60    50    36    27    49
 1968    18    22    41    50    56    72    72    72    62    52    34    22    48
 1969    14    24    26    50    60    65    74    72    64    48    38    23    47
 1970    10    26    32    50    64    70    74    72    63    51    36    24    48
 1971    14    20    32    52    57    76    70    70    66    58    38    26    48
 1972    16    18    36    48    62    69    72    72    64    48    34    18    46
 1973    21    26    43    48    58    72    74    73    64    57    40    22    50
 1974    18    26    38    52    58    67    78    69    59    52    38    26    48
 1975    20    21    27    44    64    69    74    74    60    54    42    28    48
 1976    21    33    38    53    58    70    76    72    64    48    32    18    49
 1977     8    27    43    56    68    72    78    70    66    50    37    21    50
 1978    10    12    31    49    62    72    74    73    70    52    38    22    47
 1979     8    13    32    44    60    70    74    72    66    52    37    30    47
 1980    22    21    34    52    64    70    78    75    66    50    40    26    50
 1981    26    30    42    58    60    72    74    71    66    50    42    24    51
 1982    10    23    34    46    64    66    76    72    63    54    38    30    48
 1983    26    31    37    44    57    72    78    80    66    51    38     8    49
 1984    18    34    30    48    58    72    74    75    63    54    40    28    49
 1985    16    22    41    56    66    69    75    71    66    52    30    14    48
 1986    26    22    44    54    62    73    77    69    68    53    34    29    51
 1987    27    36    42    55    66    74    77    70    64    48    42    30    53
 1988    19    22    40    51    66    76    77    78    66    48    40    28    51
 1989    32    15    36    52    61    69    76    72    60    52    34    14    48
 1990    29    26    39    48    56    70    72    72    67    50    42    20    49
 1991    12    30    40    52    64    73    74    72    63    49    28    28    49
 1992    28    32    40    46    60    68    69    66    60    51    34    24    48
 1993    18    18    32    45    60    68    72    72    57    50    34    26    46
 1994    11    18    38    50    60    71    71    69    64    54    40    27    48
 1995    16    26    37    45    56    70    74    76    60    50    30    24    47
 1996    16    21    30    45    56    70    72    70    60    52    29    20    45
 1997    14    25    38    44    54    70    74    70    64    52    34    28    47
 1998    24    34    32    48    64    67    74    74    69    53    41    29    51
 1999    16    33    36    49    61    70    79    70    61    50    44    28    50
 2000    24    34    44    50    64    69    73    74    66    56    34    10    50
 2001    22    19    30    54    61    69    76    74    62    50    48    32    50
 2002    30    30    32    49    58    74    78    72    66    48    34    30    50
 2003    20    20    34    52    60    68    74    76    62    54    37    30    49
 2004    18    23    42    51    62    68    72    68    68    52    41    28    49
 2005    20    32    36    54    58    74    76   -99   -99   -99   -99   -99      
 MEAN    19    25    35    50    61    70    75    72    64    52    37    25    48
