# IEM Climodat http://mesonet.agron.iastate.edu/climodat/
# Report Generated: 30 Aug 2005 
# Climate Record: 01 Jan 1951 -> 01 Aug 2005
# Site Information: [IA0213] ANAMOSA-1-WNW
# Contact Information: Daryl Herzmann akrherz@iastate.edu 515.294.5978
# LENGTH OF SEASON FOR STATION NUMBER  ia0213   BASE TEMP=30
 LAST SPRING OCCURENCE FIRST FALL OCCURENCE  LENGTH OF SEASON
   YEAR MONTH DAY DOY         MONTH DAY DOY
   1951   4    26 116           9    28 271          155
   1952   5    29 150          10     3 277          127
   1953   4    27 117           9    22 265          148
   1954   5    20 140          10    18 291          151
   1955   4     7  97           9    12 255          158
   1956   4    30 121           9    20 264          143
   1957   4    14 104           9    28 271          167
   1958   5     7 127          10     1 274          147
   1959   4    21 111          10    12 285          174
   1960   4    18 109          10    19 293          184
   1961   5     3 123          10     2 275          152
   1962   4    20 110           9    20 263          153
   1963   5    23 143          10    28 301          158
   1964   4    15 106           9    28 272          166
   1965   5    29 149          10    12 285          136
   1966   5    14 134          10     6 279          145
   1967   5    16 136           9    29 272          136
   1968   4    27 118          10     4 278          160
   1969   4    29 119          10    14 287          168
   1970   5     2 122          10     4 277          155
   1971   5    13 133          10     7 280          147
   1972   4    26 117           9    30 274          157
   1973   5    17 137          10    30 303          166
   1974   5     6 126           9    22 265          139
   1975   5     1 121           9    26 269          148
   1976   5     8 129           9    22 266          137
   1977   5    10 130          10     3 276          146
   1978   5     6 126          10     8 281          155
   1979   5    16 136          10     7 280          144
   1980   5     8 129           9    26 270          141
   1981   5    12 132          10     2 275          143
   1982   4    28 118           9    22 265          147
   1983   5     9 129           9    22 265          136
   1984   5    29 150           9    16 260          110
   1985   4    15 105           9    27 270          165
   1986   5     3 123          10     6 279          156
   1987   4    11 101          10     3 276          175
   1988   4    29 120          10     3 277          157
   1989   5     7 127           9    24 267          140
   1990   5     2 122          10    11 284          162
   1991   4    22 112           9    20 263          151
   1992   5    27 148           9    29 273          125
   1993   4    22 112          10     5 278          166
   1994   5     3 123          10    10 283          160
   1995   4    25 115           9    23 266          151
   1996   5     2 123          10    11 285          162
   1997   5    16 136          10    15 288          152
   1998   4    18 108          10    14 287          179
   1999   4    19 109          10    14 287          178
   2000   4    22 113          10     7 281          168
   2001   4    19 109          10     6 279          170
   2002   5    21 141          10    16 289          148
   2003   4    23 113           9    29 272          159
   2004   5     5 126          10     5 279          153
             MEAN=123              MEAN=276     MEAN=153
