# IEM Climodat http://mesonet.agron.iastate.edu/climodat/
# Report Generated: 30 Aug 2005 
# Climate Record: 01 Jan 1951 -> 01 Aug 2005
# Site Information: [IA0364] ATLANTIC-1-NE
# Contact Information: Daryl Herzmann akrherz@iastate.edu 515.294.5978
# LENGTH OF SEASON FOR STATION NUMBER  ia0364   BASE TEMP=32
 LAST SPRING OCCURENCE FIRST FALL OCCURENCE  LENGTH OF SEASON
   YEAR MONTH DAY DOY         MONTH DAY DOY
   1951   4    26 116           9    28 271          155
   1952   5    13 134           9    23 267          133
   1953   5    14 134           9    22 265          131
   1954   5    11 131           9    22 265          134
   1955   5     8 128           9    11 254          126
   1956   5    16 137           9    30 274          137
   1957   5     6 126          10    18 291          165
   1958   5     5 125          10     1 274          149
   1959   5    15 135          10     9 282          147
   1960   5    12 133          10     7 281          148
   1961   5    26 146           9    15 258          112
   1962   5     2 122           9    20 263          141
   1963   5    23 143          10    28 301          158
   1964   4    10 101           9    28 272          171
   1965   4    28 118           9    24 267          149
   1966   5     9 129           9    16 259          130
   1967   5    15 135           9    24 267          132
   1968   5    21 142          10     3 277          135
   1969   6     3 154          10     7 280          126
   1970   5     2 122          10     4 277          155
   1971   5     3 123           9    24 267          144
   1972   4    25 116           9    30 274          158
   1973   5    17 137           9    18 261          124
   1974   4    24 114           9     3 246          132
   1975   5     1 121           9    22 265          144
   1976   5     8 129          10     6 280          151
   1977   4    26 116          10     3 276          160
   1978   5     3 123          10     4 277          154
   1979   5    12 132          10     2 275          143
   1980   5    14 135           9    17 261          126
   1981   5    11 131          10     2 275          144
   1982   5     1 121           9    21 264          143
   1983   5    15 135           9    21 264          129
   1984   5     1 122           9    26 270          148
   1985   4    15 105          10     1 274          169
   1986   4    22 112          10     6 279          167
   1987   4    28 118          10     3 276          158
   1988   4    28 119          10     4 278          159
   1989   5     7 127           9    24 267          140
   1990   5     2 122          10    10 283          161
   1991   4    24 114           9    19 262          148
   1992   5     6 127           9    29 273          146
   1993   4    26 116           9    15 258          142
   1994   4    29 119          10    12 285          166
   1995   5     2 122           9    21 264          142
   1996   4    27 118           9    14 258          140
   1997   5    20 140          10    14 287          147
   1998   4    23 113          12     1 335          222
   1999   4    18 108           9    21 264          156
   2000   4    26 117           9    21 265          148
   2001   4    24 114           9    25 268          154
   2002   5    19 139           9    24 267          128
   2003   4    22 112           9    25 268          156
   2004   5     3 124           9    29 273          149
             MEAN=125              MEAN=271     MEAN=146
