# IEM Climodat http://mesonet.agron.iastate.edu/climodat/
# Report Generated: 30 Aug 2005 
# Climate Record: 01 Jan 1951 -> 01 Aug 2005
# Site Information: [IA0576] BEDFORD-1-NNW
# Contact Information: Daryl Herzmann akrherz@iastate.edu 515.294.5978
 THESE ARE THE MONTHLY AVG. MIN TEMPS 1951-2006 FOR STATION # ia0576
 YEAR   JAN   FEB  MARCH APRIL  MAY  JUNE  JULY AUGUST SEPT   OCT   NOV   DEC   ANN
 1951    14    19    23    36    50    55    63    60    49    42    23    14    37
 1952    16    27    26    39    51    66    64    62    54    35    29    22    41
 1953    19    24    30    36    50    63    64    62    52    47    33    22    42
 1954    12    29    26    44    46    65    69    65    57    46    34    23    43
 1955    17    15    27    46    52    57    70    65    56    42    23    17    41
 1956    16    17    27    36    54    63    64    63    51    48    28    21    41
 1957     9    24    28    40    50    59    69    63    51    42    30    25    41
 1958    19    12    27    39    52    57    62    63    56    44    33    17    40
 1959     9    18    30    39    54    60    60    66    52    38    23    26    40
 1960    15    14    15    42    49    58    61    63    54    44    30    18    39
 1961    13    22    31    36    48    58    63    60    50    41    29    12    39
 1962     8    20    24    37    57    59    63    61    51    45    32    20    40
 1963     6    16    34    43    52    63    64    61    54    48    30     5    40
 1964    18    18    23    41    55    59    65    57    54    35    33    16    40
 1965    12    12    18    41    55    60    62    58    50    40    28    25    38
 1966     6    14    28    34    45    58    67    56    50    38    30    18    37
 1967    16    15    30    44    47    59    59    58    49    42    29    23    39
 1968    13    16    31    40    47    62    63    63    52    44    28    16    40
 1969    15    21    23    40    53    56    67    63    55    40    28    19    40
 1970     8    16    25    40    54    61    62    63    55    42    29    22    40
 1971     8    13    27    39    47    63    60    59    53    47    32    24    39
 1972    11    16    29    38    50    57    63    61    55    39    30    13    38
 1973    14    21    37    39    47    59    64    62    55    46    32    17    41
 1974    11    21    32    41    51    56    64    58    46    42    31    22    40
 1975    14    16    23    39    52    60    63    64    49    40    34    21    40
 1976    13    23    30    43    47    56    63    61    52    35    19    11    38
 1977    -1    17    35    45    56    60    66    62    56    42    31    16    40
 1978     4     5    22    41    49    59    66    62    57    38    31    17    38
 1979     1     5    27    38    49    59    63    63    53    42    29    22    38
 1980    16    14    25    39    49    60    69    66    55    38    30    20    40
 1981    17    19    31    47    48    60    66    62    55    43    34    18    42
 1982     4    16    28    38    54    56    65    63    56    44    30    24    40
 1983    20    25    32    37    48    61    67    69    56    44    32     2    41
 1984    13    27    25    41    49    62    62    63    53    45    32    20    41
 1985     7    14    34    46    53    57    63    59    55    45    26     8    39
 1986    21    16    35    43    54    64    68    60    60    45    25    23    43
 1987    19    27    34    44    56    63    67    63    54    35    33    25    43
 1988    11    12    26    37    56    67    67    66    54    36    29    19    40
 1989    24     7    28    42    49    57    66    62    50    42    26     7    38
 1990    23    21    32    39    49    63    66    63    58    41    34    14    42
 1991     9    23    32    43    58    64    66    63    53    41    22    23    41
 1992    22    27    33    38    50    58    63    58    54    43    30    21    41
 1993    14    15    28    39    53    60    67    66    49    42    27    21    40
 1994     9    12    29    40    51    63    63    61    54    46    34    24    40
 1995    15    21    31    38    49    60    65    69    53    42    24    21    41
 1996     8    18    22    37    52    62    64    64    53    44    27    16    39
 1997     9    22    30    36    46    62    66    61    55    42    27    21    40
 1998    20    29    24    39    56    59    67    66    59    45    33    19    43
 1999    12    25    27    41    50    60    67    62    49    38    33    19    40
 2000    16    23    32    38    52    58    65    66    53    46    24     2    40
 2001    13    11    23    42    53    59    68    64    52    40    38    23    40
 2002    17    20    22    39    46    63    68    64    56    37    25    20    40
 2003    11    12    26    40    48    57    65    66    49    41    29    22    39
 2004    11    16    33    40    52    58    62    57    56    43    33    18    40
 2005    14    23    26    42    47    63    64   -99   -99   -99   -99   -99      
 MEAN    13    18    28    40    51    60    65    62    53    42    29    18    39
