# IEM Climodat http://mesonet.agron.iastate.edu/climodat/
# Report Generated: 30 Aug 2005 
# Climate Record: 01 Jan 1951 -> 01 Aug 2005
# Site Information: [IA0600] BELLE-PLAINE
# Contact Information: Daryl Herzmann akrherz@iastate.edu 515.294.5978
 THESE ARE THE MONTHLY AVG. MAX TEMPS 1951-2006 FOR STATION # ia0600
 YEAR   JAN   FEB  MARCH APRIL  MAY  JUNE  JULY AUGUST SEPT   OCT   NOV   DEC   ANN
 1951    27    31    36    55    75    76    83    81    72    63    41    30    56
 1952    31    38    41    63    71    86    87    82    80    63    50    34    60
 1953    32    38    46    55    72    84    87    87    80    73    53    38    62
 1954    31    48    43    65    69    85    89    82    79    63    52    35    62
 1955    30    33    47    68    76    79    92    91    81    65    43    32    61
 1956    30    34    45    61    76    88    86    84    77    73    47    37    62
 1957    26    39    47    61    70    80    89    84    73    61    44    41    60
 1958    31    28    43    62    76    77    80    84    75    68    52    31    59
 1959    25    32    44    60    73    83    83    87    76    58    39    39    58
 1960    30    30    32    62    71    78    84    84    78    64    51    34    58
 1961    32    39    45    54    69    82    84    84    73    66    46    29    59
 1962    24    29    38    60    78    80    81    83    73    66    49    34    58
 1963    19    29    51    64    71    85    85    81    76    76    52    24    59
 1964    37    39    44    61    78    81    87    82    74    64    53    31    61
 1965    28    32    33    58    76    79    83    82    71    65    49    42    58
 1966    23    34    52    57    69    80    88    81    75    66    49    33    59
 1967    34    31    50    61    69    80    82    79    74    61    45    36    58
 1968    30    33    56    64    70    83    84    82    74    65    44    31    60
 1969    25    32    40    62    73    76    83    84    75    60    49    31    58
 1970    21    36    42    62    76    80    86    82    74    62    45    35    58
 1971    25    30    42    64    69    86    81    83    79    71    47    36    59
 1972    27    29    45    58    73    80    82    82    75    58    41    27    56
 1973    30    36    53    57    68    82    84    85    72    69    48    29    59
 1974    27    35    47    63    66    77    88    79    71    64    45    34    58
 1975    31    30    36    54    76    80    87    85    71    69    53    37    59
 1976    33    46    50    66    71    82    87    84    77    60    43    30    61
 1977    20    40    54    70    80    86    90    80    75    61    45    28    61
 1978    20    25    41    61    71    83    83    84    81    62    46    30    57
 1979    15    22    42    55    73    81    83    82    78    64    45    41    57
 1980    29    28    43    63    76    81    89    86    78    60    50    35    60
 1981    36    39    53    68    71    83    83    81    76    61    50    32    61
 1982    20    31    43    57    74    76    86    82    74    64    46    40    58
 1983    33    38    46    54    68    83    89    91    77    62    48    19    59
 1984    28    42    37    58    69    82    84    86    75    64    50    38    59
 1985    25    30    51    68    77    80    86    81    75    62    39    23    58
 1986    32    28    52    67    74    83    85    79    76    63    42    34    60
 1987    36    48    52    67    78    85    88    82    76    60    51    36    63
 1988    27    30    50    63    80    88    91    90    78    58    48    37    62
 1989    39    25    44    60    72    80    86    82    73    66    47    24    58
 1990    39    39    50    60    67    80    81    82    77    63    54    30    60
 1991    24    39    51    62    74    84    86    83    75    61    39    36    60
 1992    35    39    49    57    73    81    78    77    72    64    39    31    58
 1993    26    27    38    55    70    77    81    81    67    61    44    33    55
 1994    19    26    48    62    72    82    81    79    75    65    50    35    58
 1995    24    34    48    55    67    81    85    88    72    63    39    31    57
 1996    25    30    40    57    64    77    80    80    71    63    37    28    54
 1997    24    32    47    55    64    80    82    78    75    62    41    33    56
 1998    30    42    40    59    75    76    83    82    79    63    49    39    60
 1999    23    41    45    59    71    78    87    81    76    65    56    34    60
 2000    27    41    56    62    75    79    81    83    78    67    42    18    59
 2001    28    27    37    65    71    78    85    84    72    61    59    40    59
 2002    39    40    43    59    68    82    88    81    80    58    44    39    60
 2003    28    30    44    62    69    78    83    87    74    66    45    36    58
 2004    26    31    50    63    72    78    80    77    79    61    50    35    58
 2005    26    39    46    65    68    84    85   -99   -99   -99   -99   -99      
 MEAN    28    34    45    61    72    81    85    83    75    64    47    33    58
