# IEM Climodat http://mesonet.agron.iastate.edu/climodat/
# Report Generated: 30 Aug 2005 
# Climate Record: 01 Jan 1951 -> 01 Aug 2005
# Site Information: [IA0600] BELLE-PLAINE
# Contact Information: Daryl Herzmann akrherz@iastate.edu 515.294.5978
# DAILY MAXIMUM PRECIPITATION FOR STATION NUMBER ia0600 
#    JAN   FEB   MAR   APR   MAY   JUN   JUL   AUG   SEP   OCT   NOV   DEC
  1  0.41  0.66  0.73  1.37  1.66  1.50  1.09  1.70  1.53  0.88  1.77  1.03
  2  0.53  0.64  1.58  1.27  0.94  2.54  3.41  0.93  1.12  2.61  1.91  0.31
  3  1.10  0.24  0.95  1.93  0.78  0.87  0.99  1.57  3.05  1.64  1.67  0.85
  4  0.69  0.76  1.76  1.36  0.75  0.38  2.73  1.14  1.50  1.31  3.55  1.30
  5  0.75  0.77  1.25  1.15  1.16  1.69  1.45  5.32  1.60  1.96  0.48  1.22
  6  0.51  0.23  1.25  1.94  3.63  2.82  1.04  1.48  1.09  0.73  0.25  0.41
  7  0.09  0.29  0.30  0.52  1.21  1.41  2.32  1.35  2.21  1.21  0.96  1.09
  8  0.40  0.72  1.45  1.07  1.08  1.86  1.21  2.33  1.63  1.36  0.27  0.53
  9  0.50  1.31  0.81  1.35  1.64  2.29  2.50  1.78  1.66  1.70  1.09  0.42
 10  0.27  0.54  0.93  0.40  2.75  2.67  4.75  3.17  0.73  1.78  0.66  0.77
 11  0.23  0.22  1.12  1.30  2.44  0.94  1.33  1.74  0.78  1.96  0.76  0.89
 12  3.25  0.39  1.41  2.22  2.41  1.56  2.01  2.37  2.79  0.99  1.24  0.83
 13  0.40  0.37  1.31  0.93  2.20  2.35  2.61  2.75  2.51  2.33  1.04  0.36
 14  0.47  0.57  0.77  0.87  1.33  2.81  6.38  1.64  1.43  1.15  0.57  0.66
 15  0.80  0.63  0.43  2.13  1.80  1.89  1.39  2.21  2.28  0.86  1.10  1.40
 16  1.47  0.58  0.65  2.10  2.32  3.32  1.52  6.02  0.73  0.86  1.55  0.40
 17  0.31  0.45  0.82  1.00  1.77  1.32  1.47  0.98  1.30  1.02  2.88  0.38
 18  0.55  0.90  1.05  1.30  1.62  1.31  2.79  0.76  2.45  1.39  1.05  0.73
 19  0.69  0.39  0.94  0.98  1.05  1.20  2.55  1.67  3.41  1.00  1.38  0.84
 20  0.63  0.69  0.89  2.17  1.33  2.28  1.56  4.08  2.89  0.65  1.34  0.86
 21  0.47  1.26  0.55  1.37  1.31  2.21  1.30  0.66  1.17  1.25  1.42  0.58
 22  0.55  1.81  0.64  0.99  1.24  1.26  1.43  2.74  1.22  2.42  0.86  0.41
 23  0.55  1.03  1.28  1.15  1.46  1.35  0.92  1.21  1.61  1.76  2.08  0.32
 24  1.25  0.48  0.61  2.75  1.20  3.28  0.70  1.40  1.68  1.48  0.47  1.26
 25  0.30  1.32  1.00  0.99  1.13  0.87  1.66  2.65  1.50  0.68  0.78  0.50
 26  0.73  0.60  1.41  1.41  1.58  1.30  2.41  3.76  2.40  0.87  0.88  0.82
 27  1.47  0.47  1.81  1.73  2.22  2.20  1.97  1.62  0.92  0.79  0.75  0.71
 28  0.42  0.76  0.91  2.47  2.05  4.26  1.67  2.00  0.64  0.54  0.96  0.66
 29  0.35  0.02  1.26  1.29  1.50  1.17  1.15  2.56  1.65  0.78  2.06  0.61
 30  0.53  ****  1.30  1.87  1.77  3.78  2.00  2.93  1.16  1.33  0.56  0.52
 31  0.31  ****  2.15  ****  1.16  ****  2.65  0.66  ****  1.87  ****  0.27
