# IEM Climodat http://mesonet.agron.iastate.edu/climodat/
# Report Generated: 30 Aug 2005 
# Climate Record: 01 Jan 1951 -> 01 Aug 2005
# Site Information: [IA0923] BRITT
# Contact Information: Daryl Herzmann akrherz@iastate.edu 515.294.5978
 THESE ARE THE MONTHLY AVG. MIN TEMPS 1951-2006 FOR STATION # ia0923
 YEAR   JAN   FEB  MARCH APRIL  MAY  JUNE  JULY AUGUST SEPT   OCT   NOV   DEC   ANN
 1951     4    12    15    33    47    53    60    56    44    37    14     5    32
 1952     3    23    21    37    47    60    62    58    51    31    25    17    36
 1953     9    13    25    32    47    60    62    61    48    44    29    16    37
 1954     3    26    21    38    42    61    64    59    51    40    29    18    38
 1955    10     8    20    42    49    55    67    63    50    39    18     6    36
 1956     5     7    20    31    48    61    58    60    48    45    25    16    35
 1957     2    17    23    36    46    56    66    59    49    38    26    19    36
 1958    16     4    24    36    47    53    59    60    51    41    26     6    35
 1959     1     4    22    36    51    59    60    64    51    36    16    23    35
 1960    11    10     8    37    47    55    60    61    53    39    27    10    35
 1961     7    15    26    32    45    57    60    60    50    40    26     9    36
 1962     0    10    16    32    53    56    59    58    47    42    29    12    34
 1963    -2     4    26    37    47    60    61    58    52    48    29     3    35
 1964    13    15    17    38    52    58    65    57    51    37    28    10    37
 1965     3     3    10    35    51    58    60    58    46    39    24    21    34
 1966    -4     7    26    32    41    58    64    57    49    37    23    13    34
 1967     9     5    25    36    42    58    58    56    48    38    24    16    35
 1968     8     8    26    37    43    58    61    60    51    41    27    12    36
 1969     2    12    12    38    49    52    64    60    51    37    26    12    35
 1970    -3     6    20    37    51    60    62    59    52    41    27     8    35
 1971     0    11    22    36    45    63    58    57    53    46    29    14    36
 1972     1     6    24    35    51    57    61    61    51    37    28     5    35
 1973    11    15    32    36    46    62    63    63    53    46    29    10    39
 1974     6    14    26    40    46    56    65    58    47    42    28    17    37
 1975     7    11    16    34    52    60    63    62    48    41    31    17    37
 1976     9    22    26    41    46    58    63    59    48    35    21     5    36
 1977    -6    15    32    44    58    61    65    57    53    41    25     8    38
 1978    -5     1    20    36    48    55    60    59    55    38    21     5    33
 1979    -5     0    19    34    45    57    59    61    51    37    25    17    33
 1980     8     7    21    36    49    58    61    58    52    38    29    14    36
 1981    11    16    27    42    47    60    63    60    51    40    33    13    39
 1982    -7    12    25    38    52    57    65    62    54    46    28    19    38
 1983    13    20    28    35    46    61    66    62    53    35    30    -2    37
 1984     5    20    20    38    47    60    60    60    47    42    27    13    37
 1985     4     9    30    41    51    54    59    55    52    39    18    -3    34
 1986    11    10    29    40    49    60    64    55    54    41    18    16    37
 1987    15    21    30    39    53    61    65    59    53    33    32    20    40
 1988    -1     5    26    34    52    60    62    62    51    32    26    11    35
 1989    18     2    21    35    46    56    63    60    49    39    21     3    34
 1990    16    15    28    35    45    60    61    61    54    38    29     6    37
 1991     1    16    27    40    54    63    62    60    51    37    19    17    37
 1992    17    24    27    34    48    55    56    55    49    38    26    14    37
 1993     5     9    20    34    48    56    63    61    47    37    23    16    35
 1994    -2     4    24    33    46    59    57    55    52    41    28    15    34
 1995     7    11    24    31    44    60    61    64    46    38    18    13    35
 1996     2    10    15    31    45    58    58    57    48    37    17     8    32
 1997     1    12    23    31    40    58    62    58    50    39    22    19    35
 1998    11    23    23    39    54    56    63    62    54    40    29    15    39
 1999     4    21    24    37    50    58    65    59    47    36    29    14    37
 2000     7    20    29    34    50    56    60    58    47    40    22    -3    35
 2001     8     1    15    36    49    57    63    61    48    36    35    19    36
 2002    14    16    16    33    42    60    64    59    52    33    22    16    36
 2003     4     4    19    35    46    56    61    60    47    36    23    17    34
 2004     4    11    28    34    47    56    60    54    54    40    29    13    36
 2005     7    19    21    39    45    62    63   -99   -99   -99   -99   -99      
 MEAN     5    12    23    36    48    58    62    59    50    39    25    12    35
