# IEM Climodat http://mesonet.agron.iastate.edu/climodat/
# Report Generated: 30 Aug 2005 
# Climate Record: 01 Jan 1951 -> 01 Aug 2005
# Site Information: [IA0923] BRITT
# Contact Information: Daryl Herzmann akrherz@iastate.edu 515.294.5978
# OF DAYS EACH YEAR WHERE MIN >=32 F  1951-2006 FOR STATION  ia0923
 1951 1952 1953 1954 1955 1956 1957 1958 1959 1960 1961 1962 1963 1964 1965 1966 1967 1968 1969 1970
  194  207  221  212  209  200  205  216  208  208  202  209  219  215  210  201  206  215  213  217

 1971 1972 1973 1974 1975 1976 1977 1978 1979 1980 1981 1982 1983 1984 1985 1986 1987 1988 1989
  220  212  232  223  217  212  237  207  198  211  240  229  211  211  213  219  233  207  204

 1991 1992 1993 1994 1995 1996 1997 1998 1999 2000 2001 2002 2003 2004 2005
  218  218  205  211  208  187  195  242  216  224  219  186  211  214  116

  MEAN=210
