# IEM Climodat http://mesonet.agron.iastate.edu/climodat/
# Report Generated: 30 Aug 2005 
# Climate Record: 01 Jan 1951 -> 01 Aug 2005
# Site Information: [IA1233] CARROLL-2-SSW
# Contact Information: Daryl Herzmann akrherz@iastate.edu 515.294.5978
# OF DAYS EACH YEAR WHERE MIN >=32 F  1951-2006 FOR STATION  ia1233
 1951 1952 1953 1954 1955 1956 1957 1958 1959 1960 1961 1962 1963 1964 1965 1966 1967 1968 1969 1970
  197  200  213  221  213  207  208  204  204  202  192  209  225  209  214  200  206  213  210  209

 1971 1972 1973 1974 1975 1976 1977 1978 1979 1980 1981 1982 1983 1984 1985 1986 1987 1988 1989
  218  209  238  226  210  214  233  219  209  208  227  219  218  233  221  225  220  205  205

 1991 1992 1993 1994 1995 1996 1997 1998 1999 2000 2001 2002 2003 2004 2005
  220  220  207  219  224  203  213  249  220  226  222  206  219  221  122

  MEAN=213
