# IEM Climodat http://mesonet.agron.iastate.edu/climodat/
# Report Generated: 30 Aug 2005 
# Climate Record: 01 Jan 1951 -> 01 Aug 2005
# Site Information: [IA1277] CASTANA-EXP-FARM
# Contact Information: Daryl Herzmann akrherz@iastate.edu 515.294.5978
# DAILY MAXIMUM PRECIPITATION FOR STATION NUMBER ia1277 
#    JAN   FEB   MAR   APR   MAY   JUN   JUL   AUG   SEP   OCT   NOV   DEC
  1  0.19  0.31  0.94  0.71  1.99  1.78  0.97  2.04  2.14  0.51  1.41  0.22
  2  0.25  0.35  0.70  1.31  1.92  2.24  4.28  0.94  0.70  1.01  1.31  0.62
  3  0.32  0.21  1.08  0.90  1.37  1.37  1.25  2.63  1.58  0.99  0.69  1.12
  4  0.37  0.59  0.48  1.28  1.21  1.17  0.76  1.34  1.30  1.82  1.21  0.25
  5  0.48  0.35  0.88  1.18  1.93  2.58  1.43  3.85  1.33  1.84  0.88  0.15
  6  0.11  0.10  1.77  0.54  1.87  2.19  1.69  2.86  1.39  0.74  2.02  0.49
  7  0.08  0.25  0.65  2.52  1.39  1.27  2.43  1.76  1.52  2.35  0.45  0.27
  8  0.16  0.29  0.58  0.85  0.65  1.28  1.37  1.76  2.00  2.60  0.61  0.29
  9  0.30  0.51  1.18  1.31  1.32  2.30  5.66  2.77  2.07  3.71  1.59  0.21
 10  0.50  0.61  0.47  0.35  0.99  0.88  2.00  1.31  0.95  1.89  0.65  0.55
 11  0.51  0.42  1.44  1.21  1.70  1.76  2.06  0.70  1.49  2.10  1.15  0.88
 12  0.28  0.25  1.26  1.13  0.84  2.47  1.83  0.87  3.11  1.37  0.78  1.21
 13  0.28  0.57  1.21  0.59  0.69  2.30  2.38  2.14  5.41  0.84  0.39  0.93
 14  0.58  0.40  0.82  0.65  2.00  2.45  1.50  2.58  0.96  0.23  0.23  0.62
 15  0.89  0.97  1.15  1.24  1.12  2.25  4.42  2.04  1.16  1.54  0.82  1.19
 16  0.92  0.21  0.18  1.10  1.12  3.63  0.88  1.66  1.37  2.40  1.20  0.73
 17  0.15  0.21  0.68  1.36  0.90  3.08 12.02  0.90  0.37  2.00  0.75  0.75
 18  0.45  0.97  1.35  0.94  2.90  1.70  2.40  2.03  1.44  0.80  0.85  0.47
 19  0.72  0.82  1.33  1.69  1.88  1.68  2.23  0.96  1.40  1.45  1.51  0.82
 20  0.23  1.64  0.58  1.07  1.85  0.80  1.57  1.40  1.32  0.53  1.25  0.85
 21  0.30  0.33  0.51  2.92  1.78  2.08  1.42  1.38  1.07  0.71  0.94  0.27
 22  0.59  0.85  1.30  2.38  2.63  1.65  1.00  2.49  1.61  1.31  0.16  0.45
 23  0.51  0.29  2.28  1.08  1.25  1.71  0.73  0.83  0.77  0.90  0.75  0.25
 24  0.32  0.41  1.54  0.85  1.67  2.74  1.07  1.22  1.00  0.62  0.79  0.76
 25  0.20  0.71  0.62  0.89  1.82  3.16  1.46  1.86  0.65  0.33  1.11  0.44
 26  0.27  0.56  1.82  1.35  2.21  1.07  1.18  1.45  2.62  1.04  0.37  0.22
 27  0.40  0.73  1.25  3.80  1.65  2.03  1.37  1.13  0.87  1.35  0.96  1.37
 28  0.38  1.47  1.01  2.92  1.97  1.34  0.67  1.29  2.30  0.51  0.55  0.87
 29  0.65  0.23  1.05  1.44  1.10  2.44  4.00  2.14  1.00  1.16  0.40  0.68
 30  0.38  ****  0.89  1.22  0.86  1.30  1.12  3.79  1.04  2.00  2.15  0.46
 31  0.24  ****  0.96  ****  2.06  ****  0.90  2.94  ****  1.14  ****  0.34
