# IEM Climodat http://mesonet.agron.iastate.edu/climodat/
# Report Generated: 30 Aug 2005 
# Climate Record: 01 Jan 1951 -> 01 Aug 2005
# Site Information: [IA1257] CASCADE
# Contact Information: Daryl Herzmann akrherz@iastate.edu 515.294.5978
# DAILY MAXIMUM PRECIPITATION FOR STATION NUMBER ia1257 
#    JAN   FEB   MAR   APR   MAY   JUN   JUL   AUG   SEP   OCT   NOV   DEC
  1  0.78  0.27  0.57  1.40  1.70  2.90  1.57  0.70  2.00  0.99  2.35  1.02
  2  0.48  0.92  1.10  1.16  1.20  2.40  1.14  1.98  1.33  1.32  2.50  1.23
  3  0.71  0.25  1.30  1.22  1.23  1.28  1.10  1.35  0.90  0.80  1.25  1.02
  4  1.45  0.56  1.05  1.01  0.49  5.05  1.10  2.25  0.72  0.96  3.30  0.58
  5  0.40  0.88  1.86  0.55  0.85  1.02  2.88  1.70  2.00  1.38  0.30  1.00
  6  0.52  0.83  0.84  1.40  2.00  1.05  1.54  2.06  0.80  1.40  0.37  0.42
  7  0.30  0.56  1.25  0.57  1.53  1.10  1.72  2.48  1.50  0.76  0.71  0.98
  8  0.10  0.23  1.25  0.89  2.00  2.32  4.30  2.44  1.15  1.04  0.40  1.30
  9  0.35  1.95  0.75  1.70  0.81  1.92  2.18  2.56  0.94  1.15  0.67  0.42
 10  0.36  0.51  0.72  0.45  1.80  1.60  1.58  2.31  1.59  1.51  0.72  1.10
 11  0.15  0.25  1.05  1.22  1.12  1.22  1.52  0.91  1.82  1.00  1.55  0.70
 12  1.40  0.48  1.06  0.68  1.20  1.70  1.10  0.66  1.54  1.34  1.20  0.53
 13  1.30  0.33  1.10  0.56  3.10  1.70  1.47  1.15  3.25  1.00  0.78  0.61
 14  0.47  0.16  0.68  1.40  0.98  2.38  3.00  1.93  4.18  1.13  0.66  0.47
 15  1.38  0.65  1.05  0.52  0.60  2.18  1.10  1.78  1.85  0.85  1.30  1.53
 16  1.00  0.53  0.42  1.50  1.38  2.07  0.80  1.38  0.68  1.26  2.12  1.00
 17  0.55  0.60  0.28  0.97  1.28  4.03  0.82  1.82  1.74  1.35  1.62  0.50
 18  0.73  0.48  0.80  1.00  0.70  2.09  3.73  2.20  1.48  1.39  1.90  0.39
 19  0.70  0.60  0.76  0.80  0.95  1.42  3.85  0.78  1.45  1.81  0.85  0.90
 20  0.82  1.52  0.95  1.91  0.51  3.57  1.55  2.06  2.00  0.60  1.19  1.12
 21  0.34  1.13  1.90  1.10  2.29  1.72  1.20  2.10  2.10  0.90  1.93  0.29
 22  0.48  0.65  0.80  1.53  2.15  1.40  1.20  7.55  1.50  0.76  0.58  0.20
 23  0.47  0.91  0.92  2.00  0.98  1.40  1.20  1.20  2.30  2.75  1.95  0.70
 24  0.62  0.68  0.90  1.80  1.55  1.95  0.98  1.85  1.52  0.92  0.40  0.68
 25  0.40  0.78  0.63  0.80  0.90  2.65  1.57  1.80  2.29  0.92  0.43  0.58
 26  0.55  0.32  0.40  0.84  1.95  2.40  0.67  2.83  2.23  0.97  1.00  0.36
 27  1.00  1.20  1.53  0.91  1.30  1.91  0.90  0.88  1.30  0.40  0.67  0.82
 28  0.14  0.37  0.63  1.50  1.52  2.24  1.50  2.12  0.48  0.87  0.88  0.85
 29  0.40  0.00  1.25  2.45  2.65  2.19  1.72  2.69  2.02  0.75  0.65  0.45
 30  0.72  ****  1.18  1.46  0.67  2.40  1.98  1.15  1.60  1.28  2.10  0.95
 31  0.13  ****  2.14  ****  2.16  ****  0.97  2.95  ****  1.60  ****  0.22
