# IEM Climodat http://mesonet.agron.iastate.edu/climodat/
# Report Generated: 30 Aug 2005 
# Climate Record: 01 Jan 1951 -> 01 Aug 2005
# Site Information: [IA1233] CARROLL-2-SSW
# Contact Information: Daryl Herzmann akrherz@iastate.edu 515.294.5978
 THESE ARE THE MONTHLY AVG. MAX TEMPS 1951-2006 FOR STATION # ia1233
 YEAR   JAN   FEB  MARCH APRIL  MAY  JUNE  JULY AUGUST SEPT   OCT   NOV   DEC   ANN
 1951    28    33    35    52    73    74    82    82    71    61    41    28    55
 1952    29    39    41    61    70    87    86    81    79    63    49    34    60
 1953    30    34    46    55    70    83    87    85    81    72    55    40    62
 1954    31    49    41    66    69    83    92    83    78    60    53    38    62
 1955    31    28    44    71    78    79    91    92    81    68    41    29    61
 1956    28    34    47    61    74    89    86    85    78    73    45    38    62
 1957    25    39    47    61    70    79    90    84    72    59    42    39    59
 1958    29    26    40    61    77    78    81    85    78    69    51    33    59
 1959    26    30    44    62    72    83    84    88    73    59    38    41    58
 1960    26    25    27    63    72    78    85    85    77    67    51    34    58
 1961    31    37    42    56    71    81    85    84    72    68    45    27    58
 1962    23    28    35    62    78    78    83    84    74    65    50    36    58
 1963    19    32    49    65    71    87    88    83    77    75    53    25    60
 1964    37    39    42    61    78    81    89    81    74    64    50    30    60
 1965    28    29    30    60    77    81    85    85    70    67    49    42    59
 1966    21    35    52    55    73    82    89    83    75    67    47    33    59
 1967    32    34    53    64    70    80    84    84    75    62    46    36    60
 1968    29    33    58    65    71    86    85    84    74    66    43    29    60
 1969    23    31    33    64    76    78    85    86    77    59    48    29    57
 1970    19    37    37    64    78    85    88    84    75    61    44    33    59
 1971    23    30    41    64    71    89    84    86    81    68    47    33    60
 1972    25    28    47    62    74    84    85    83    75    60    41    26    58
 1973    28    33    50    61    71    86    84    85    72    69    46    27    59
 1974    24    35    51    64    71    82    94    81    74    67    46    34    60
 1975    29    28    36    55    79    83    91    90    74    73    52    36    60
 1976    34    47    49    69    74    87    92    89    81    60    44    34    63
 1977    20    41    55    71    83    86    92    82    77    61    45    29    62
 1978    18    23    43    59    73    84    86    87    85    67    46    30    58
 1979    15    21    40    56    72    82    83    82    76    62    42    40    56
 1980    29    27    41    63    74    82    90    88    77    58    50    32    59
 1981    35    37    53    68    70    83    84    80    75    57    48    29    60
 1982    16    28    42    57    71    76    86    80    71    62    42    35    56
 1983    29    35    42    50    66    80    88    89    77    60    43    16    56
 1984    29    42    40    57    70    82    85    87    73    61    48    34    59
 1985    26    29    50    65    76    78    85    79    71    61    35    21    56
 1986    36    27    51    63    71    83    85    77    74    61    41    33    58
 1987    35    45    50    66    78    85    87    78    75    58    49    34    62
 1988    26    30    52    62    80    88    87    87    77    59    47    38    61
 1989    39    23    43    64    74    79    86    82    74    65    45    24    58
 1990    42    39    49    61    68    82    82    83    79    65    52    28    61
 1991    22    40    50    62    74    83    84    83    74    61    34    35    58
 1992    38    40    50    57    73    81    78    77    73    63    38    33    58
 1993    25    24    38    55    68    77    81    81    69    59    43    34    54
 1994    18    28    52    62    75    82    81    80    77    64    48    33    58
 1995    26    36    45    55    67    79    86    87    73    61    40    33    57
 1996    24    35    42    59    65    81    81    80    71    63    36    25    55
 1997    24    32    49    54    67    84    85    81    77    65    40    33    58
 1998    29    39    37    59    76    77    85    83    83    65    50    40    60
 1999    26    41    47    58    70    79    87    82    76    66    58    37    61
 2000    33    42    55    63    76    81    83    85    81    67    39    18    60
 2001    28    25    39    65    71    80    86    85    73    62    59    40    59
 2002    38    39    39    61    69    85    89    82    77    55    45    39    60
 2003    29    30    45    62    69    78    84    87    75    67    44    35    59
 2004    26    28    50    65    71    78    81    78    81    64    50    37    59
 2005    25    39    48    65    70    83    86   -99   -99   -99   -99   -99      
 MEAN    28    33    45    61    73    82    86    84    76    64    46    33    58
