# IEM Climodat http://mesonet.agron.iastate.edu/climodat/
# Report Generated: 30 Aug 2005 
# Climate Record: 01 Jan 1951 -> 01 Aug 2005
# Site Information: [IA1354] CENTERVILLE
# Contact Information: Daryl Herzmann akrherz@iastate.edu 515.294.5978
 THESE ARE THE MONTHLY AVG. MEAN TEMPS 1951-2006 FOR STATION # ia1354
 YEAR   JAN   FEB  MARCH APRIL  MAY  JUNE  JULY AUGUST SEPT   OCT   NOV   DEC   ANN
 1951    24    28    32    48    64    66    74    73    62    55    34    24    49
 1952    27    35    35    52    62    76    76    72    66    50    41    30    52
 1953    27    34    41    47    61    76    78    77    68    60    44    32    54
 1954    24    40    36    56    56    75    80    75    70    54    44    32    54
 1955    24    26    38    58    64    68    80    77    69    55    34    26    52
 1956    23    28    39    50    66    75    74    74    66    62    40    30    52
 1957    19    34    38    51    62    71    80    74    64    52    38    34    51
 1958    26    19    36    52    64    69    72    74    66    56    44    25    50
 1959    18    27    39    52    64    72    74    77    66    51    33    34    51
 1960    24    22    24    52    60    70    74    75    68    56    43    28    50
 1961    24    32    40    46    59    71    75    75    64    56    40    23    50
 1962    16    26    34    50    69    70    74    73    63    58    42    28    50
 1963    14    24    44    56    62    75    76    74    67    66    46    18    52
 1964    32    30    36    53    67    70    77    72    66    52    46    26    52
 1965    23    24    26    52    67    69    75    72    64    56    43    38    51
 1966    18    28    43    48    58    68    78    69    62    54    42    26    50
 1967    28    24    42    54    60    69    73    70    63    52    38    30    50
 1968    23    25    44    52    59    74    75    74    64    56    36    24    51
 1969    18    28    32    52    64    68    76    75    67    52    42    26    50
 1970    16    30    36    53    66    72    78    74    66    55    40    31    51
 1971    18    26    36    53    60    78    73    74    70    61    42    32    52
 1972    22    26    40    52    64    72    76    74    68    52    36    24    50
 1973    24    31    46    49    60    72    76    76    67    60    43    26    53
 1974    22    32    42    54    63    68    78    70    61    56    40    30    52
 1975    27    26    32    48    66    72    76    76    62    57    46    32    52
 1976    24    38    42    55    59    72    76    72    65    48    34    22    51
 1977    12    29    46    58    68    74    80    73    68    54    40    25    52
 1978    12    16    32    52    61    72    76    73    70    52    40    26    48
 1979     8    15    38    48    62    70    74    73    66    55    38    33    48
 1980    24    22    34    51    63    70    79    76    66    51    42    29    51
 1981    26    31    42    58    58    72    75    72    66    52    44    26    52
 1982    14    25    36    48    65    66    75    72    64    54    40    32    49
 1983    28    34    40    45    58    72    82    84    68    54    42    12    51
 1984    22    36    32    49    58    73    74    77    64    55    42    32    51
 1985    16    24    44    57    64    68    75    70    66    55    34    17    49
 1986    29    24    46    56    63    74    78    70    69    54    36    30    52
 1987    28    37    45    57    68    74    78    74    64    49    44    32    54
 1988    22    23    41    52    66    74    78    79    68    49    42    30    52
 1989    35    18    40    54    60    69    76    73    62    55    39    17    50
 1990    36    34    44    52    58    72    74    74    69    54    46    25    53
 1991    20    35    44    55    67    74    76    76    66    54    33    32    53
 1992    32    36    44    50    62    70    72    68    63    54    36    29    52
 1993    24    24    36    49    63    70    75    75    60    52    38    30    50
 1994    18    25    42    53    62    72    74    73    66    56    44    34    51
 1995    22    29    42    49    58    71    76    79    63    54    36    27    51
 1996    20    29    34    50    60    71    73    72    63    56    34    26    49
 1997    20    30    42    48    57    72    76    74    66    53    36    30    50
 1998    28    38    34    50    66    69    76    76    70    55    44    32    53
 1999    20    36    38    52    61    70    78    72    64    54    48    29    52
 2000    26    36    44    52    64    70    74    75    66    57    35    13    51
 2001    24    23    32    56    62    69    77    74    63    52    50    34    51
 2002    32    32    34    51    58    74    78    73    68    50    37    32    51
 2003    22    24    38    52    60    68    75    77    62    55    39    32    50
 2004    20    26    43    54    63    68    72    68    67    53    44    29    50
 2005    23    34    38    54    60    74    77   -99   -99   -99   -99   -99      
 MEAN    23    28    39    52    62    71    76    74    66    54    40    28    50
