# IEM Climodat http://mesonet.agron.iastate.edu/climodat/
# Report Generated: 30 Aug 2005 
# Climate Record: 01 Jan 1951 -> 01 Aug 2005
# Site Information: [IA1442] CHEROKEE
# Contact Information: Daryl Herzmann akrherz@iastate.edu 515.294.5978
 THESE ARE THE MONTHLY AVG. MAX TEMPS 1951-2006 FOR STATION # ia1442
 YEAR   JAN   FEB  MARCH APRIL  MAY  JUNE  JULY AUGUST SEPT   OCT   NOV   DEC   ANN
 1951    25    35    32    51    72    73    81    80    69    61    40    26    54
 1952    26    36    37    60    69    85    85    81    79    63    48    31    58
 1953    28    32    45    52    70    84    86    84    78    72    52    38    60
 1954    28    47    39    64    67    81    88    81    76    59    54    37    60
 1955    31    28    42    71    78    79    90    93    80    68    41    26    61
 1956    27    31    44    59    74    90    86    87    79    73    45    38    61
 1957    23    39    45    61    69    79    88    82    72    58    43    42    58
 1958    33    29    41    61    77    78    81    87    79    70    52    32    60
 1959    26    30    45    62    72    83    84    86    74    59    37    40    58
 1960    26    27    29    60    72    77    85    84    75    66    50    34    57
 1961    31    37    43    55    69    80    84    84    72    66    45    27    58
 1962    24    27    35    61    76    78    82    83    72    66    51    35    58
 1963    19    32    51    66    71    86    87    83    78    76    55    26    61
 1964    38    42    42    61    78    82    88    80    74    65    50    29    61
 1965    27    29    30    59    77    82    86    84    66    67    48    41    58
 1966    21    33    53    55    73    81    90    82    75    68    45    32    59
 1967    30    29    50    61    68    78    84    82    73    63    46    34    58
 1968    27    32    54    61    68    82    84    83    72    62    44    28    58
 1969    21    30    33    60    72    75    84    84    75    57    46    31    56
 1970    18    34    37    61    74    83    85    84    74    59    43    31    57
 1971    22    29    39    63    70    85    81    84    76    66    46    30    58
 1972    24    25    43    55    71    80    82    82    73    58    40    25    55
 1973    28    31    48    59    69    84    83    85    72    68    46    27    58
 1974    25    35    46    61    70    80    91    79    73    65    46    35    59
 1975    28    26    34    51    75    79    88    85    71    69    49    32    57
 1976    29    43    45    66    72    85    89    88    78    59    42    29    60
 1977    17    40    50    67    81    84    88    80    77    61    44    28    60
 1978    16    21    42    58    73    82    85    85    81    63    44    26    56
 1979    12    19    37    55    70    81    85    82    79    63    43    39    55
 1980    29    28    40    63    76    83    91    84    77    61    52    33    60
 1981    36    38    53    68    71    84    84    81    78    59    49    29    61
 1982    16    27    41    56    70    76    86    81    72    62    41    33    55
 1983    28    32    40    50    67    78    88    90    75    62    42    13    55
 1984    28    38    35    54    68    82    85    86    74    62    46    33    58
 1985    24    30    51    64    76    79    86    79    70    60    33    20    56
 1986    31    27    48    62    72    83    87    79    74    62    40    34    58
 1987    33    46    48    66    78    86    87    80    75    58    49    34    62
 1988    22    27    50    60    79    88    86    88    76    59    46    32    59
 1989    36    24    41    62    74    80    88    83    74    66    43    22    58
 1990    38    36    47    60    67    82    83    83    79    63    50    28    60
 1991    22    39    48    61    72    82    84    83    75    62    33    33    58
 1992    35    38    48    54    74    79    77    77    73    63    38    30    57
 1993    24    24    37    54    68    76    80    81    68    60    41    31    54
 1994    17    23    49    62    75    82    81    80    77    64    48    32    58
 1995    25    34    43    53    66    80    85    86    71    60    38    32    56
 1996    23    33    39    56    65    81    81    80    70    64    35    22    54
 1997    21    31    45    55    64    84    84    81    77    65    39    35    57
 1998    28    41    38    60    77    77    84    82    82    64    48    39    60
 1999    24    39    46    58    71    77    87    82    75    64    57    37    60
 2000    30    40    53    62    75    80    84    84    78    65    37    17    59
 2001    29    24    37    63    71    81    86    83    72    62    60    39    59
 2002    37    39    36    61    69    84    90    82    76    54    45    38    59
 2003    28    31    45    63    68    79    84    87    74    67    43    34    59
 2004    26    28    50    65    70    78    82    79    79    63    50    36    59
 2005    25    39    46    65    69    82    86   -99   -99   -99   -99   -99      
 MEAN    26    32    43    60    72    81    85    83    75    63    45    31    57
