# IEM Climodat http://mesonet.agron.iastate.edu/climodat/
# Report Generated: 30 Aug 2005 
# Climate Record: 01 Jan 1951 -> 01 Aug 2005
# Site Information: [IA1541] CLARION
# Contact Information: Daryl Herzmann akrherz@iastate.edu 515.294.5978
 THESE ARE THE MONTHLY AVG. MEAN TEMPS 1951-2006 FOR STATION # ia1541
 YEAR   JAN   FEB  MARCH APRIL  MAY  JUNE  JULY AUGUST SEPT   OCT   NOV   DEC   ANN
 1951    14    20    24    42    62    64    70    68    58    51    28    17    43
 1952    16    29    30    48    57    72    73    69    64    44    36    23    47
 1953    18    23    34    42    58    72    72    71    63    57    39    26    48
 1954    14    34    30    50    54    70    76    70    64    50    40    26    48
 1955    18    18    30    54    62    66    78    76    64    52    28    16    47
 1956    15    19    30    44    60    73    70    72    62    57    34    24    47
 1957    12    26    33    48    58    68    76    71    59    48    32    28    46
 1958    20    12    30    48    62    64    69    72    64    54    38    17    46
 1959    13    16    31    48    62    71    71    76    62    47    26    31    46
 1960    18    19    18    50    59    67    72    72    64    51    38    20    46
 1961    18    24    34    42    56    69    70    71    61    54    35    18    46
 1962    10    18    24    46    65    68    70    70    59    53    40    23    45
 1963     7    16    38    50    60    73    72    70    65    62    40    13    47
 1964    24    28    29    48    65    70    76    68    62    50    39    20    48
 1965    14    16    20    44    64    69    72    69    58    52    36    31    46
 1966     8    22    38    43    56    70    76    68    61    51    35    22    46
 1967    20    19    38    50    56    68    70    68    60    48    32    25    46
 1968    18    19    40    50    56    71    71    70    62    54    34    20    47
 1969    12    20    22    49    61    64    73    71    62    47    36    19    45
 1970     6    19    29    48    62    70    73    70    62    50    35    20    45
 1971    10    18    30    49    57    74    69    69    64    56    37    22    46
 1972    12    15    33    46    61    68    70    70    62    47    34    14    44
 1973    20    24    41    46    58    71    72    71    60    54    36    18    48
 1974    13    20    33    48    56    66    76    66    57    50    36    22    45
 1975    18    18    25    40    62    69    74    72    58    52    39    24    46
 1976    18    30    34    51    56    69    74    70    62    44    28    14    46
 1977     3    25    40    54    67    70    76    67    62    47    32    17    47
 1978     6    11    30    46    60    68    72    70    67    48    32    14    44
 1979     1     7    28    42    56    68    71    70    63    48    34    26    43
 1980    16    15    29    48    60    69    75    71    62    46    37    21    46
 1981    20    25    38    52    56    70    72    68    60    47    40    19    47
 1982     4    16    31    42    61    63    73    68    59    52    34    25    44
 1983    21    26    34    41    54    68    76    76    63    49    36     4    46
 1984    14    28    26    46    56    70    70    73    60    50    35    22    46
 1985    12    17    38    52    64    66    72    66    62    48    26     6    44
 1986    18    16    36    50    59    70    74    65    62    50    28    22    46
 1987    23    33    38    52    65    73    76    68    62    44    39    26    50
 1988    10    14    36    46    65    74    74    74    63    44    35    19    46
 1989    25    12    29    46    58    68    74    70    60    50    30    11    44
 1990    26    24    36    46    56    70    72    70    65    49    39    14    47
 1991     9    23    35    50    63    74    73    70    60    47    24    23    46
 1992    24    29    36    44    60    68    67    66    60    50    32    22    46
 1993    12    15    26    43    56    66    70    70    57    48    32    23    43
 1994     6    12    34    46    60    70    68    66    63    52    37    22    45
 1995    14    20    34    42    55    70    73    75    58    50    28    22    45
 1996    13    20    27    42    55    68    70    68    60    50    26    16    43
 1997    12    21    34    43    52    71    72    68    62    51    30    26    45
 1998    20    30    30    48    66    66    74    72    68    52    39    28    49
 1999    14    30    34    48    60    68    76    70    60    49    42    24    48
 2000    18    30    42    46    62    67    72    71    63    53    30     6    47
 2001    18    13    26    50    60    68    74    70    60    48    46    29    47
 2002    26    26    27    46    56    72    76    70    64    44    32    26    47
 2003    16    17    32    48    57    67    72    74    60    50    33    24    46
 2004    16    20    39    49    59    66    70    66    66    50    38    23    47
 2005    15    29    33    52    56    72    74   -99   -99   -99   -99   -99      
 MEAN    15    21    32    47    59    69    73    70    62    50    34    21    45
