# IEM Climodat http://mesonet.agron.iastate.edu/climodat/
# Report Generated: 30 Aug 2005 
# Climate Record: 01 Jan 1951 -> 01 Aug 2005
# Site Information: [IA1533] CLARINDA
# Contact Information: Daryl Herzmann akrherz@iastate.edu 515.294.5978
 THESE ARE THE MONTHLY AVG. MIN TEMPS 1951-2006 FOR STATION # ia1533
 YEAR   JAN   FEB  MARCH APRIL  MAY  JUNE  JULY AUGUST SEPT   OCT   NOV   DEC   ANN
 1951    12    18    22    37    51    57    63    62    50    43    22    12    37
 1952    14    25    25    38    49    65    63    61    51    32    26    18    39
 1953    17    23    29    34    48    63    64    61    50    44    30    20    40
 1954     9    28    25    44    46    64    69    66    56    45    32    21    42
 1955    14    11    26    44    52    57    69    63    55    41    20    13    39
 1956    13    16    25    34    53    62    63    63    49    46    29    20    39
 1957     8    22    27    40    50    59    68    63    49    40    29    23    40
 1958    17     9    28    39    52    58    63    63    55    42    32    16    40
 1959     8    17    30    38    54    60    61    67    53    39    22    26    40
 1960    14    13    13    41    48    58    61    62    53    40    26    16    37
 1961     8    19    29    36    48    58    63    60    50    41    28     9    37
 1962     5    19    22    35    57    58    62    60    49    43    29    16    38
 1963     2    13    31    40    51    64    66    62    56    52    33     8    40
 1964    20    20    23    41    56    60    67    58    54    39    33    16    41
 1965    13    13    18    41    55    60    65    61    53    44    31    27    40
 1966    10    17    32    36    47    60    68    59    51    40    30    17    39
 1967    15    14    30    42    47    59    61    59    51    42    28    21    39
 1968    13    18    32    41    47    62    63    64    54    44    29    16    40
 1969    11    22    23    41    53    57    67    63    55    39    29    18    40
 1970     9    18    25    40    55    60    63    63    55    42    29    21    40
 1971     8    15    26    41    47    64    60    60    53    46    30    23    39
 1972    11    14    28    38    50    59    63    62    55    39    29    13    38
 1973    14    20    36    38    47    60    64    63    55    46    32    15    41
 1974    11    20    31    41    51    57    66    58    46    43    30    20    40
 1975    14    15    22    37    52    60    64    64    49    41    33    21    39
 1976    13    25    29    43    46    58    64    62    53    36    21    12    38
 1977     1    18    35    45    57    61    66    61    56    42    31    16    41
 1978     4     7    23    42    50    61    65    61    58    40    30    16    38
 1979     0     5    27    38    49    58    62    62    52    41    27    20    37
 1980    16    13    24    38    48    60    68    65    55    38    30    19    40
 1981    16    18    29    46    48    60    66    60    52    42    34    18    41
 1982     4    13    27    37    55    56    67    64    56    43    30    23    40
 1983    21    25    31    37    47    61    67    69    56    45    33     2    41
 1984    13    27    26    39    48    62    63    64    52    46    32    21    41
 1985     7    14    34    44    56    58    65    62    57    46    25     9    40
 1986    21    18    34    43    54    63    67    58    58    43    23    21    42
 1987    17    25    31    39    55    62    66    62    52    35    33    25    42
 1988    11    11    26    36    54    62    64    65    53    35    30    19    39
 1989    22     5    25    40    47    57    65    61    50    41    23     5    37
 1990    22    19    31    37    47    62    64    63    56    39    32    14    40
 1991     5    23    30    43    57    64    64    62    52    39    21    23    40
 1992    22    26    32    37    49    57    61    56    51    41    29    20    40
 1993    11    14    25    36    50    58    65    64    48    40    26    20    38
 1994     9    11    27    38    49    62    61    59    52    44    32    22    39
 1995    13    18    29    36    47    60    65    67    50    41    22    21    39
 1996     7    15    19    35    50    61    63    62    51    40    25    15    37
 1997     6    20    28    34    43    60    64    60    52    39    25    20    38
 1998    18    29    24    38    54    59    66    63    55    43    31    18    42
 1999    12    24    25    40    49    60    66    59    46    33    28    16    38
 2000    14    20    30    35    50    57    64    65    50    42    22     2    38
 2001    11    10    23    40    51    57    66    60    48    38    35    21    38
 2002    14    18    20    37    46    63    66    61    52    36    23    16    38
 2003     8    12    25    40    47    57    63    62    45    37    27    22    37
 2004     9    13    33    37    52    57    61    56    52    41    31    16    38
 2005    11    22    25    40    47    63    63   -99   -99   -99   -99   -99      
 MEAN    12    17    27    39    50    60    64    62    52    41    28    17    39
