# IEM Climodat http://mesonet.agron.iastate.edu/climodat/
# Report Generated: 30 Aug 2005 
# Climate Record: 01 Jan 1951 -> 01 Aug 2005
# Site Information: [IA1533] CLARINDA
# Contact Information: Daryl Herzmann akrherz@iastate.edu 515.294.5978
 THESE ARE THE MONTHLY AVG. MEAN TEMPS 1951-2006 FOR STATION # ia1533
 YEAR   JAN   FEB  MARCH APRIL  MAY  JUNE  JULY AUGUST SEPT   OCT   NOV   DEC   ANN
 1951    24    28    33    48    63    67    74    74    62    54    34    22    48
 1952    25    34    34    50    62    77    76    72    66    49    38    26    51
 1953    26    34    40    46    60    75    77    74    66    59    43    31    53
 1954    22    40    36    56    58    75    82    76    70    54    44    31    54
 1955    24    22    38    58    65    68    81    78    69    54    32    24    51
 1956    22    26    38    50    66    75    74    76    66    61    40    31    52
 1957    18    32    38    50    61    70    80    76    62    50    38    34    51
 1958    26    19    36    52    64    69    73    74    67    56    44    26    50
 1959    18    26    40    50    64    72    73    78    64    50    34    35    50
 1960    22    21    23    53    62    69    74    74    66    54    40    28    49
 1961    24    31    38    48    60    70    74    72    62    55    38    20    49
 1962    16    26    32    50    70    70    74    73    62    56    40    27    50
 1963    12    25    42    53    62    76    78    73    66    64    44    18    51
 1964    30    31    36    54    68    71    78    70    65    52    43    26    52
 1965    24    24    27    53    67    70    76    73    64    56    42    37    51
 1966    19    28    44    48    62    71    79    70    62    54    42    28    51
 1967    26    26    42    54    59    70    74    72    63    52    38    30    50
 1968    22    28    46    54    59    74    76    74    66    56    38    24    51
 1969    19    29    34    54    64    70    78    74    66    50    40    25    50
 1970    18    32    36    54    67    72    76    76    66    52    38    30    51
 1971    18    24    36    54    60    76    73    73    67    58    40    30    51
 1972    22    27    41    51    62    72    74    74    66    50    36    22    50
 1973    24    30    44    50    60    73    75    76    64    58    42    24    52
 1974    21    31    43    54    63    70    82    71    61    56    40    30    52
 1975    24    24    32    49    65    72    77    78    62    56    43    30    51
 1976    25    37    40    56    60    72    77    74    66    48    34    24    51
 1977    12    30    46    57    68    74    79    72    66    52    40    24    52
 1978    13    16    34    52    60    73    76    74    70    53    39    24    49
 1979     8    16    37    49    62    71    73    74    66    54    37    32    48
 1980    24    22    34    52    62    73    81    77    67    51    42    28    51
 1981    28    30    42    59    60    73    76    71    65    52    43    26    52
 1982    14    24    38    49    64    68    78    72    65    54    40    32    50
 1983    28    32    39    46    58    72    79    82    69    55    42    10    51
 1984    22    37    34    48    59    73    76    76    64    56    44    32    52
 1985    18    24    44    56    66    70    77    72    66    56    33    18    50
 1986    32    26    46    56    64    75    78    68    68    53    34    28    52
 1987    27    36    43    54    67    74    77    72    64    49    42    32    53
 1988    22    24    42    50    67    76    76    78    66    48    40    30    52
 1989    32    16    37    54    60    68    76    72    61    54    36    16    48
 1990    31    30    40    48    58    72    74    74    69    52    44    23    51
 1991    14    34    42    54    66    74    75    74    66    52    30    31    51
 1992    30    36    43    48    62    68    71    67    62    53    34    28    50
 1993    19    20    34    46    60    68    74    74    58    50    34    29    47
 1994    18    22    40    50    62    72    72    71    64    55    41    30    50
 1995    21    30    39    47    56    70    76    78    62    52    32    28    49
 1996    17    26    32    48    59    71    72    72    62    52    32    24    47
 1997    17    28    40    45    56    72    74    70    65    52    35    27    49
 1998    25    36    32    49    65    68    75    74    69    55    42    30    52
 1999    21    34    37    50    60    70    76    70    60    50    44    28    50
 2000    26    34    43    49    64    68    73    75    66    55    32    12    50
 2001    22    20    32    54    62    68    76    72    61    52    48    32    50
 2002    28    30    33    50    58    74    78    72    66    47    35    30    50
 2003    20    23    38    52    58    68    75    75    60    53    36    30    49
 2004    19    23    42    52    63    67    70    67    66    54    42    28    49
 2005    20    32    38    52    60    73    74   -99   -99   -99   -99   -99      
 MEAN    22    28    38    51    62    71    76    74    65    54    39    27    50
