# IEM Climodat http://mesonet.agron.iastate.edu/climodat/
# Report Generated: 30 Aug 2005 
# Climate Record: 01 Jan 1951 -> 01 Aug 2005
# Site Information: [IA1635] CLINTON-1
# Contact Information: Daryl Herzmann akrherz@iastate.edu 515.294.5978
# OF DAYS EACH YEAR WHERE MIN >=32 F  1951-2006 FOR STATION  ia1635
 1951 1952 1953 1954 1955 1956 1957 1958 1959 1960 1961 1962 1963 1964 1965 1966 1967 1968 1969 1970
  225  230  237  248  238  229  244  230  221  231  232  223  234  220  237  225  236  237  215  232

 1971 1972 1973 1974 1975 1976 1977 1978 1979 1980 1981 1982 1983 1984 1985 1986 1987 1988 1989
  239  228  267  250  226  221  243  232  237  227  242  232  241  234  237  247  247  232  233

 1991 1992 1993 1994 1995 1996 1997 1998 1999 2000 2001 2002 2003 2004 2005
  235  250  234  247  238  227  231  273  245  242  248  242  241  249  133

  MEAN=234
