# IEM Climodat http://mesonet.agron.iastate.edu/climodat/
# Report Generated: 30 Aug 2005 
# Climate Record: 01 Jan 1951 -> 01 Aug 2005
# Site Information: [IA1731] COLUMBUS-JCT-2-SSW
# Contact Information: Daryl Herzmann akrherz@iastate.edu 515.294.5978
 THESE ARE THE MONTHLY AVG. MAX TEMPS 1951-2006 FOR STATION # ia1731
 YEAR   JAN   FEB  MARCH APRIL  MAY  JUNE  JULY AUGUST SEPT   OCT   NOV   DEC   ANN
 1951    30    36    40    57    75    76    83    81    73    66    44    33    58
 1952    36    40    42    64    71    86    87    82    79    64    54    37    62
 1953    34    42    48    57    72    86    88    88    82    74    55    40    64
 1954    33    48    46    67    69    85    89    82    80    64    55    38    63
 1955    31    35    48    69    75    77    92    90    81    66    44    34    62
 1956    33    35    47    62    77    88    86    85    80    75    50    39    63
 1957    28    39    46    62    72    81    90    87    75    63    46    42    61
 1958    31    27    44    63    76    78    81    85    77    69    55    33    60
 1959    26    34    47    62    76    84    85    88    77    59    43    43    60
 1960    32    30    33    64    71    79    85    87    81    68    53    37    60
 1961    34    41    49    56    71    85    86    86    77    68    49    33    61
 1962    27    33    42    62    80    83    83    87    77    67    51    36    61
 1963    21    31    54    67    73    88    87    84    80    80    54    25    62
 1964    41    39    46    64    80    84    89    85    78    67    56    33    64
 1965    31    36    36    61    79    81    84    83    73    67    52    45    61
 1966    25    36    53    60    70    82    90    83    75    67    52    35    61
 1967    38    33    52    64    70    82    85    81    75    64    46    38    61
 1968    33    35    57    65    71    85    86    85    77    66    46    34    62
 1969    27    36    44    66    75    79    86    86    77    63    51    33    60
 1970    23    39    44    65    78    82    87    84    77    66    48    38    61
 1971    27    34    45    68    73    89    85    86    82    74    52    40    63
 1972    31    33    50    62    76    83    87    86    80    64    44    32    61
 1973    34    38    55    61    70    84    86    86    76    73    51    33    62
 1974    29    38    52    68    72    79    91    81    74    68    50    37    62
 1975    34    34    41    59    79    84    90    87    72    71    56    39    62
 1976    32    48    52    66    72    83    88    84    77    60    44    31    61
 1977    19    41    55    70    82    84    90    81    77    63    48    31    62
 1978    22    26    42    63    71    84    84    85    83    63    49    32    59
 1979    17    25    46    57    75    84    85    84    80    68    49    43    59
 1980    32    30    46    63    78    83    91    88    80    62    51    36    62
 1981    37    41    54    70    72    84    84    83    77    64    52    34    63
 1982    22    32    45    59    77    78    86    83    76    67    49    42    60
 1983    34    41    48    55    70    85    93    94    80    64    50    20    61
 1984    30    44    39    59    71    85    85    88    76    67    52    41    61
 1985    25    31    53    69    78    81    87    82    78    64    42    25    60
 1986    35    29    53    69    73    84    88    79    78    64    44    37    61
 1987    34    47    54    69    82    88    92    86    77    63    53    38    65
 1988    30    32    53    66    82    90    94    91    80    59    50    38    64
 1989    42    26    48    62    72    80    87    84    73    66    50    25    60
 1990    42    41    52    62    68    81    83    83    78    65    55    33    62
 1991    27    40    53    65    77    85    87    85    78    63    41    38    62
 1992    38    42    52    60    74    81    80    78    73    64    41    34    60
 1993    30    29    42    58    73    80    82    82    69    62    45    36    57
 1994    23    32    51    65    73    83    83    81    78    65    52    39    60
 1995    26    36    51    59    68    82    86    87    72    64    43    33    59
 1996    30    34    44    62    68    80    82    83    74    66    40    33    58
 1997    28    36    53    57    67    81    85    80    76    65    43    34    59
 1998    33    44    46    61    76    79    84    84    81    64    51    41    62
 1999    26    43    48    63    73    81    89    82    76    67    58    38    62
 2000    33    43    56    64    76    79    81    84    79    68    44    21    61
 2001    30    31    43    70    73    80    86    84    74    62    60    41    61
 2002    41    42    47    62    70    83    88    82    81    58    47    40    62
 2003    30    32    48    65    72    79    85    87    75    67    49    38    61
 2004    30    35    53    67    76    80    82    79    81    65    52    37    61
 2005    30    41    47    67    70    85    88   -99   -99   -99   -99   -99      
 MEAN    30    36    48    63    74    83    86    84    77    66    49    35    60
