# IEM Climodat http://mesonet.agron.iastate.edu/climodat/
# Report Generated: 30 Aug 2005 
# Climate Record: 01 Jan 1951 -> 01 Aug 2005
# Site Information: [IA1833] CORNING
# Contact Information: Daryl Herzmann akrherz@iastate.edu 515.294.5978
# DAILY MAXIMUM PRECIPITATION FOR STATION NUMBER ia1833 
#    JAN   FEB   MAR   APR   MAY   JUN   JUL   AUG   SEP   OCT   NOV   DEC
  1  0.56  1.14  0.77  1.58  1.66  1.77  1.95  0.95  2.11  1.23  1.85  1.44
  2  0.30  1.80  1.82  0.83  1.00  2.78  2.15  2.80  2.75  1.40  1.80  0.67
  3  0.60  0.23  0.84  1.26  0.59  0.60  1.55  2.46  1.41  0.80  1.40  0.65
  4  1.10  0.52  0.90  1.17  0.73  1.06  1.54  1.65  1.90  0.86  2.20  0.48
  5  0.49  0.42  0.81  1.03  2.68  1.67  1.15  1.58  2.91  1.45  1.80  1.41
  6  0.33  0.22  0.45  1.07  0.79  1.45  2.45  3.37  2.80  0.91  0.25  0.84
  7  0.05  0.20  0.45  0.36  1.40  1.40  1.78  3.33  1.51  0.98  1.12  1.00
  8  0.10  0.10  1.37  0.57  1.92  1.93  1.16  3.72  4.30  1.10  0.55  1.46
  9  0.06  1.03  0.58  1.45  3.40  1.97  2.50  3.90  2.15  1.61  1.30  0.26
 10  0.25  0.51  1.11  1.95  2.21  2.08  1.40  1.24  2.05  1.11  1.10  0.48
 11  0.84  0.48  0.55  0.65  1.58  2.00  1.40  1.42  3.14  3.42  1.97  0.35
 12  1.74  0.12  1.18  1.67  0.78  1.82  1.67  1.32  4.00  1.17  0.76  0.62
 13  1.54  0.38  1.13  0.83  1.95  1.45  2.00  3.20  3.29  1.60  0.85  0.41
 14  0.53  0.40  1.00  0.89  1.32  2.47  1.25  1.50  1.50  0.93  0.98  0.87
 15  0.40  3.00  0.75  2.00  0.97  2.90  2.98  2.20  4.50  1.56  0.27  0.50
 16  0.69  0.34  0.56  2.66  1.01  1.45  1.34  1.97  1.81  0.65  1.26  0.64
 17  0.39  0.50  1.47  0.70  1.40  0.68  2.83  0.90  2.06  1.85  2.07  0.34
 18  0.44  1.17  1.85  2.10  0.64  2.40  1.55  2.50  2.95  0.55  0.65  0.18
 19  2.60  1.84  2.32  0.85  2.10  1.10  1.52  1.10  4.05  0.94  0.82  1.52
 20  0.49  1.11  0.90  1.30  0.87  1.82  2.30  1.87  1.35  1.40  1.35  0.36
 21  0.40  1.18  0.44  4.25  1.45  3.40  2.00  1.48  1.92  0.90  0.75  0.31
 22  0.70  0.53  0.25  1.10  1.92  1.33  2.86  1.15  1.80  2.68  0.47  0.25
 23  0.50  0.44  0.72  0.90  1.85  1.26  1.21  1.00  2.71  3.30  1.40  0.56
 24  0.27  0.45  0.57  1.46  1.40  1.10  3.06  1.55  0.98  0.76  0.60  1.56
 25  0.12  0.79  0.92  0.92  3.08  2.15  2.21  1.71  1.37  1.10  0.62  0.32
 26  0.49  0.93  1.60  1.16  1.76  4.85  3.73  5.96  1.42  1.00  0.34  0.30
 27  0.56  0.48  1.64  1.84  1.80  1.95  1.45  2.15  0.88  0.69  0.55  0.61
 28  0.30  0.33  1.36  1.30  1.66  1.29  0.54  3.75  0.72  0.54  0.68  1.75
 29  0.79  0.08  1.34  1.97  2.47  1.60  1.19  3.47  0.90  0.60  1.55  0.53
 30  0.79  ****  1.42  1.92  1.28  1.96  1.95  1.99  0.94  1.40  1.34  0.60
 31  0.29  ****  1.00  ****  0.98  ****  0.96  3.40  ****  2.00  ****  0.70
