# IEM Climodat http://mesonet.agron.iastate.edu/climodat/
# Report Generated: 30 Aug 2005 
# Climate Record: 01 Jan 1951 -> 01 Aug 2005
# Site Information: [IA1833] CORNING
# Contact Information: Daryl Herzmann akrherz@iastate.edu 515.294.5978
 THESE ARE THE MONTHLY AVG. MEAN TEMPS 1951-2006 FOR STATION # ia1833
 YEAR   JAN   FEB  MARCH APRIL  MAY  JUNE  JULY AUGUST SEPT   OCT   NOV   DEC   ANN
 1951    22    26    30    44    62    66    73    72    61    52    33    21    47
 1952    24    34    33    50    60    76    75    70    68    50    39    26    50
 1953    24    32    38    46    60    74    76    74    67    60    44    31    52
 1954    22    40    34    56    57    74    81    74    69    54    44    30    53
 1955    23    21    36    58    64    68    81    78    69    55    32    24    51
 1956    22    26    37    49    64    74    74    74    66    61    39    31    51
 1957    17    31    38    49    60    69    80    75    62    51    36    33    50
 1958    25    18    34    50    63    68    71    74    66    55    42    25    49
 1959    18    24    38    50    63    72    72    76    64    49    32    33    49
 1960    21    19    21    51    60    68    72    73    65    54    40    27    48
 1961    23    31    38    46    58    70    74    72    62    54    38    20    49
 1962    16    24    32    50    68    70    74    74    62    56    42    28    50
 1963    12    24    42    54    62    74    76    72    66    65    44    16    51
 1964    30    30    34    54    66    69    76    69    64    52    42    24    51
 1965    23    22    25    49    66    68    72    69    59    54    41    34    49
 1966    19    26    40    46    58    68    77    69    62    56    40    28    49
 1967    24    24    40    52    56    68    72    70    62    50    36    28    48
 1968    20    24    42    50    56    70    74    72    63    54    36    23    49
 1969    18    26    30    50    61    66    76    74    64    49    40    25    48
 1970    14    30    34    49    64    70    76    74    65    52    36    28    49
 1971    18    21    34    52    56    76    72    72    66    58    40    29    49
 1972    19    23    38    48    60    70    73    72    66    48    36    20    48
 1973    22    27    43    47    58    70    73    74    63    56    39    22    50
 1974    18    29    40    50    60    67    80    70    59    52    38    27    49
 1975    22    20    28    46    62    68    73    76    59    54    42    28    48
 1976    22    34    38    53    56    68    74    72    64    45    31    20    48
 1977     8    26    42    54    66    70    77    70    64    50    38    22    49
 1978    10    12    30    49    58    69    73    72    68    50    37    22    46
 1979     6    10    34    48    60    68    72    70    62    51    37    30    46
 1980    23    20    32    50    60    70    79    74    63    48    38    24    49
 1981    24    26    40    54    56    72    75    70    63    50    40    22    49
 1982     8    20    32    45    60    64    73    67    62    54    37    30    46
 1983    26    30    37    44    56    70    78    80    65    52    40     8    49
 1984    20    35    32    47    57    72    74    76    62    52    38    27    49
 1985    14    20    41    54    64    66    74    66    63    52    32    14    47
 1986    28    23    42    52    62    73    76    68    67    52    33    28    50
 1987    26    36    42    52    65    72    76    70    64    47    42    30    52
 1988    20    20    39    50    66    74    76    77    66    47    40    29    50
 1989    32    14    36    52    60    68    76    72    61    52    36    16    48
 1990    30    29    40    48    56    71    74    72    68    52    44    22    50
 1991    14    33    40    52    64    73    74    72    64    51    29    30    50
 1992    30    34    43    47    60    68    70    66    62    52    34    27    49
 1993    19    20    34    45    60    68    73    74    58    50    34    28    47
 1994    18    21    40    50    60    71    71    70    64    54    41    30    49
 1995    20    28    38    46    56    69    75    78    62    52    32    27    49
 1996    17    25    31    46    58    70    72    72    62    52    32    23    47
 1997    16    28    40    44    54    71    75    72    66    53    36    28    48
 1998    26    36    32    50    66    68    75    74    71    56    43    31    52
 1999    20    34    38    50    60    69    78    72    62    52    46    29    51
 2000    26    34    43    50    64    68    73    76    66    56    32    11    50
 2001    21    20    31    54    60    68    77    74    63    52    48    32    50
 2002    29    30    33    50    58    73    78    73    66    48    35    30    50
 2003    21    22    37    52    58    67    75    76    61    54    37    30    49
 2004    20    24    42    52    62    66    70    68    68    54    42    28    49
 2005    20    32    38    53    58    74    76   -99   -99   -99   -99   -99      
 MEAN    21    26    36    50    61    70    75    72    64    53    38    26    48
