# IEM Climodat http://mesonet.agron.iastate.edu/climodat/
# Report Generated: 30 Aug 2005 
# Climate Record: 01 Jan 1951 -> 01 Aug 2005
# Site Information: [IA1954] CRESCO-1-NE
# Contact Information: Daryl Herzmann akrherz@iastate.edu 515.294.5978
# LENGTH OF SEASON FOR STATION NUMBER  ia1954   BASE TEMP=30
 LAST SPRING OCCURENCE FIRST FALL OCCURENCE  LENGTH OF SEASON
   YEAR MONTH DAY DOY         MONTH DAY DOY
   1951   4    23 113           9    28 271          158
   1952   4    15 106          10     3 277          171
   1953   5    13 133          10     7 280          147
   1954   5     7 127          10    17 290          163
   1955   5     8 128          10    15 288          160
   1956   5    16 137          10     9 283          146
   1957   4    14 104          10    10 283          179
   1958   5     7 127          10     1 274          147
   1959   4    21 111          10    12 285          174
   1960   5     8 129          10    18 292          163
   1961   5     2 122           9    28 271          149
   1962   4    20 110          10    23 296          186
   1963   5    23 143          10    29 302          159
   1964   4    15 106          10     9 283          177
   1965   4    28 118          10    22 295          177
   1966   5    10 130          10    16 289          159
   1967   5     3 123          10    10 283          160
   1968   4    25 116          10     4 278          162
   1969   4    29 119          10    14 287          168
   1970   5     2 122          10    10 283          161
   1971   5     3 123          10    31 304          181
   1972   4    24 115          10    15 289          174
   1973   4    17 107          10    30 303          196
   1974   5     7 127           9    22 265          138
   1975   4    21 111           9    25 268          157
   1976   5     4 125           9    24 268          143
   1977   4     8  98          10    13 286          188
   1978   5     2 122          10     8 281          159
   1979   4    17 107          10     6 279          172
   1980   5     7 128          10     5 279          151
   1981   5    11 131          10     2 275          144
   1982   4    28 118          10    16 289          171
   1983   5     9 129          10     9 282          153
   1984   5     1 122           9    26 270          148
   1985   4    10 100          10    11 284          184
   1986   5     3 123          10     6 279          156
   1987   5     5 125          10     3 276          151
   1988   4    24 115          10     5 279          164
   1989   5     7 127           9    23 266          139
   1990   5     3 123          10    11 284          161
   1991   4    22 112           9    20 263          151
   1992   5     6 127           9    29 273          146
   1993   4    26 116           9    30 273          157
   1994   5     7 127          10    10 283          156
   1995   5     1 121           9    22 265          144
   1996   5    13 134          10     3 277          143
   1997   5    21 141          10    14 287          146
   1998   4    28 118          10    14 287          169
   1999   4    25 115           9    21 264          149
   2000   4    25 116          10     6 280          164
   2001   4    19 109          10     6 279          170
   2002   5    20 140          10     7 280          140
   2003   4    23 113          10     1 274          161
   2004   5    15 136          10     2 276          140
             MEAN=120              MEAN=280     MEAN=160
