# IEM Climodat http://mesonet.agron.iastate.edu/climodat/
# Report Generated: 30 Aug 2005 
# Climate Record: 01 Jan 1951 -> 01 Aug 2005
# Site Information: [IA2171] DENISON
# Contact Information: Daryl Herzmann akrherz@iastate.edu 515.294.5978
 THESE ARE THE MONTHLY AVG. MAX TEMPS 1951-2006 FOR STATION # ia2171
 YEAR   JAN   FEB  MARCH APRIL  MAY  JUNE  JULY AUGUST SEPT   OCT   NOV   DEC   ANN
 1951    28    35    36    52    72    73    81    81    70    60    40    28    55
 1952    29    38    38    60    70    85    85    79    77    62    48    31    58
 1953    29    35    46    54    70    84    86    84    79    70    52    39    61
 1954    29    48    40    64    67    83    90    82    77    60    53    36    61
 1955    30    27    44    70    76    77    91    91    79    66    40    29    60
 1956    27    33    46    60    73    87    84    84    77    72    46    38    61
 1957    24    38    47    60    69    79    88    83    70    57    42    41    58
 1958    31    26    40    60    75    78    79    84    77    68    51    34    59
 1959    27    31    45    61    71    83    83    86    72    58    39    41    58
 1960    26    25    28    62    71    77    83    82    76    66    51    35    57
 1961    31    39    44    55    69    78    83    82    71    66    45    27    58
 1962    24    30    37    61    78    78    82    82    72    64    49    35    58
 1963    20    32    50    64    70    84    86    81    75    75    54    26    60
 1964    37    40    42    61    77    80    88    79    73    64    50    31    60
 1965    29    30    30    60    76    79    83    82    67    66    49    42    58
 1966    22    36    52    54    71    79    87    80    73    66    48    34    58
 1967    32    35    53    63    68    78    83    82    73    61    47    37    59
 1968    30    34    58    64    68    84    84    82    73    64    42    28    59
 1969    22    31    35    62    72    77    84    83    76    58    49    30    57
 1970    21    39    38    63    76    82    86    84    75    59    44    34    58
 1971    24    30    42    63    69    86    82    84    78    66    46    33    59
 1972    26    29    47    59    72    82    81    81    74    58    40    26    56
 1973    29    33    49    60    71    84    83    84    72    67    46    29    59
 1974    26    36    49    64    70    81    92    78    72    65    46    34    59
 1975    29    27    36    54    75    79    87    86    71    70    50    35    58
 1976    33    46    47    67    72    83    88    87    79    59    43    34    62
 1977    21    42    53    69    79    85    88    81    75    59    44    28    60
 1978    16    20    41    57    69    82    83    81    78    63    43    26    55
 1979    13    20    40    56    72    81    82    81    78    63    43    40    56
 1980    30    28    42    64    73    80    89    82    77    61    51    33    59
 1981    36    38    53    69    70    84    82    80    77    58    49    29    60
 1982    17    29    41    56    69    76    83    78    71    63    43    36    55
 1983    29    33    41    48    65    77    88    90    78    61    43    13    56
 1984    28    41    37    55    69    81    85    86    75    62    48    36    59
 1985    27    31    52    67    76    80    86    80    70    62    36    23    58
 1986    39    30    54    63    72    83    86    78    76    62    43    34    60
 1987    37    46    52    68    78    86    87    80    76    60    52    37    63
 1988    29    33    53    63    79    87    85    87    76    59    46    38    61
 1989    40    24    44    64    73    78    86    82    73    64    45    25    58
 1990    42    40    49    60    67    81    81    82    78    64    51    27    60
 1991    23    41    50    62    73    81    83    82    74    60    34    35    58
 1992    38    41    51    57    71    79    78    76    73    62    38    33    58
 1993    24    24    39    54    68    76    79    80    67    58    42    33    54
 1994    19    27    50    60    74    80    80    78    76    62    47    33    57
 1995    27    37    45    54    66    79    86    87    73    61    40    32    57
 1996    24    35    41    57    63    80    79    78    70    63    35    23    54
 1997    22    32    48    51    66    84    86    83    76    64    41    33    57
 1998    29    41    37    58    75    75    84    82    81    64    49    39    60
 1999    26    40    46    57    69    77    86    80    74    65    58    37    60
 2000    32    41    54    61    75    80    82    84    80    66    38    18    59
 2001    28    25    38    63    71    79    85    84    72    62    59    39    59
 2002    37    39    38    61    68    84    88    82    76    54    45    39    59
 2003    29    30    45    62    68    78    84    86    74    67    44    35    58
 2004    27    28    50    64    71    78    81    79    80    64    50    36    59
 2005    25    39    48    64    69    82    86   -99   -99   -99   -99   -99      
 MEAN    28    34    45    60    71    81    84    82    75    63    46    33    57
