# IEM Climodat http://mesonet.agron.iastate.edu/climodat/
# Report Generated: 30 Aug 2005 
# Climate Record: 01 Jan 1951 -> 01 Aug 2005
# Site Information: [IA2864] FAYETTE
# Contact Information: Daryl Herzmann akrherz@iastate.edu 515.294.5978
 THESE ARE THE MONTHLY AVG. MIN TEMPS 1951-2006 FOR STATION # ia2864
 YEAR   JAN   FEB  MARCH APRIL  MAY  JUNE  JULY AUGUST SEPT   OCT   NOV   DEC   ANN
 1951     3     9    17    33    50    52    59    57    47    40    16    10    33
 1952     7    21    21    34    46    60    62    56    47    26    25    18    35
 1953    13    14    24    32    47    59    61    57    46    40    26    16    36
 1954     6    24    20    38    41    60    62    58    51    39    27    15    37
 1955    10     8    19    40    48    52    67    61    48    39    19     7    35
 1956     7     9    19    30    47    59    57    59    45    42    25    15    34
 1957     2    19    23    37    46    56    64    59    47    36    25    18    36
 1958    13     4    22    34    44    53    57    58    50    39    26     7    34
 1959     1     4    20    35    51    58    60    65    52    38    16    24    35
 1960    11    13     8    37    47    54    58    61    52    36    27     9    34
 1961     5    18    25    30    42    55    58    59    51    40    27     9    35
 1962     3    11    19    32    53    56    58    57    46    42    26    12    35
 1963    -3     7    25    37    46    58    61    57    52    46    29     3    35
 1964    15    14    19    37    52    57    63    57    50    35    28    10    36
 1965     5     6    14    35    50    56    60    57    51    39    28    22    35
 1966    -1    10    28    33    41    57    63    55    46    35    27    14    34
 1967    11     4    26    37    43    58    57    54    46    38    24    17    35
 1968    11     9    27    37    44    58    61    60    50    41    28    12    36
 1969     6    15    16    38    49    53    64    59    51    37    24    13    35
 1970    -1     9    21    37    51    57    59    58    51    41    28    11    35
 1971    -2     8    19    33    42    61    56    53    51    46    27    18    34
 1972     2     4    21    33    48    53    59    61    51    36    27     7    34
 1973    11    17    33    35    44    58    62    60    52    44    27    11    38
 1974     9    10    25    38    45    52    63    55    43    38    28    17    35
 1975    10    11    13    31    50    58    61    61    46    39    30    17    36
 1976     6    18    26    37    43    55    59    54    46    33    16     1    33
 1977    -9    12    31    40    53    56    63    56    52    38    24    10    36
 1978    -5    -1    18    35    48    56    61    58    55    38    24    10    33
 1979    -6     0    22    33    45    56    59    58    49    38    26    18    33
 1980    10     8    19    35    45    54    62    61    51    34    26    14    35
 1981     8    14    24    38    43    55    62    58    49    37    29    12    36
 1982    -4     9    22    30    52    50    62    58    50    39    25    20    34
 1983    15    20    27    31    44    57    63    62    49    39    31     1    37
 1984     7    21    19    36    44    58    57    59    48    42    25    14    36
 1985     2     8    28    40    48    53    58    55    54    41    22    -2    34
 1986     8    10    27    40    49    59    64    55    54    40    21    18    37
 1987    13    21    29    39    51    59    65    60    51    34    32    21    40
 1988     2     6    25    34    48    57    61    63    51    33    28    13    35
 1989    19     3    23    35    45    55    62    59    48    39    24     5    35
 1990    19    16    29    36    45    58    62    61    53    38    31     9    38
 1991     2    15    27    36    51    59    59    57    46    34    17    13    35
 1992    14    21    23    33    43    50    55    50    45    34    25    13    34
 1993     4     7    18    30    45    52    59    59    43    34    22    15    32
 1994    -5    -2    21    32    41    56    57    53    50    41    27    17    32
 1995     7     9    22    31    43    57    59    64    44    35    17    11    33
 1996     3     6    15    28    43    56    56    54    46    35    18     9    31
 1997     2    12    23    29    38    55    59    56    48    36    23    19    33
 1998    16    26    23    37    50    54    58    60    50    38    28    15    38
 1999     2    21    20    37    47    56    63    56    44    33    27    13    35
 2000     5    16    28    33    47    54    60    59    47    39    23    -1    34
 2001     7     5    18    37    47    54    59    58    46    35    35    20    35
 2002    17    16    18    35    41    57    62    56    48    33    22    16    35
 2003     4     4    19    33    43    51    58    58    44    34    24    16    32
 2004     6    11    28    32    45    53    57    53    49    37    29    15    35
 2005     7    18    21    40    44    61    62   -99   -99   -99   -99   -99      
 MEAN     6    11    22    35    46    56    60    58    49    38    25    13    34
