# IEM Climodat http://mesonet.agron.iastate.edu/climodat/
# Report Generated: 30 Aug 2005 
# Climate Record: 01 Jan 1951 -> 01 Aug 2005
# Site Information: [IA2864] FAYETTE
# Contact Information: Daryl Herzmann akrherz@iastate.edu 515.294.5978
 THESE ARE THE MONTHLY AVG. MEAN TEMPS 1951-2006 FOR STATION # ia2864
 YEAR   JAN   FEB  MARCH APRIL  MAY  JUNE  JULY AUGUST SEPT   OCT   NOV   DEC   ANN
 1951    13    18    26    42    62    64    70    67    58    50    27    19    43
 1952    18    28    30    48    57    71    74    68    61    42    37    25    47
 1953    21    24    34    42    58    70    72    70    60    55    38    25    47
 1954    17    34    30    50    53    70    73    68    62    49    38    23    47
 1955    18    18    30    52    61    64    78    74    62    50    29    16    46
 1956    18    20    28    44    59    71    68    70    58    56    34    24    46
 1957    12    28    33    48    56    66    74    70    58    47    33    26    46
 1958    20    14    32    47    58    63    68    70    62    53    38    16    45
 1959    12    16    30    47    61    70    71    74    62    46    26    30    45
 1960    19    21    20    48    58    64    70    71    64    49    37    19    45
 1961    15    28    33    41    55    68    70    70    61    52    35    18    45
 1962    12    19    28    44    63    67    68    69    58    52    36    22    45
 1963     6    17    36    50    58    71    72    68    63    60    39    12    46
 1964    24    26    30    48    64    69    76    68    60    48    38    18    47
 1965    14    16    22    45    61    66    71    68    59    50    37    30    45
 1966    10    20    38    43    54    68    74    68    60    50    36    22    45
 1967    20    16    36    48    55    68    70    66    60    48    32    25    45
 1968    19    20    40    50    56    68    72    70    61    52    36    20    47
 1969    14    23    27    50    60    62    73    72    62    46    34    21    45
 1970     8    20    30    48    62    68    72    70    62    51    35    21    46
 1971     9    17    28    47    55    72    68    68    64    56    36    26    45
 1972    12    15    30    44    60    66    70    71    62    46    33    16    44
 1973    19    24    42    44    56    70    72    71    62    56    36    19    48
 1974    16    20    34    50    56    64    74    67    56    50    36    24    46
 1975    18    20    23    41    62    69    74    73    58    54    40    25    46
 1976    18    30    36    50    57    69    74    68    61    46    28    14    46
 1977     2    24    41    54    67    69    75    68    63    49    34    18    47
 1978     6    11    30    47    60    69    72    70    68    50    34    18    44
 1979     4    10    30    44    58    68    71    70    64    50    34    28    44
 1980    18    18    30    48    60    68    74    72    64    46    36    23    46
 1981    20    25    37    52    56    68    72    69    62    48    38    20    47
 1982     6    19    31    42    62    62    73    69    61    51    34    28    45
 1983    23    28    35    42    55    69    76    76    62    50    38     9    47
 1984    16    30    28    46    56    70    70    73    62    52    36    24    47
 1985    12    18    38    52    62    66    72    68    64    51    29     9    45
 1986    18    18    38    52    60    70    74    66    64    50    30    24    47
 1987    22    30    38    53    64    72    76    70    62    46    40    27    50
 1988    12    16    36    48    64    72    75    76    64    45    36    22    47
 1989    27    14    32    47    58    67    74    70    60    52    33    14    46
 1990    28    26    40    48    56    68    72    71    65    50    41    18    49
 1991    12    25    37    48    61    70    70    68    58    46    26    22    45
 1992    22    28    33    42    57    64    65    63    57    47    32    21    44
 1993    14    16    26    41    56    64    68    69    54    46    32    22    42
 1994     6    10    32    46    56    68    68    65    62    52    36    25    44
 1995    14    19    34    42    54    68    71    74    57    48    26    20    44
 1996    12    16    26    42    53    66    68    66    58    48    26    17    42
 1997    11    21    32    42    50    68    70    66    60    48    30    26    44
 1998    22    32    31    48    62    64    70    70    64    49    38    26    48
 1999    12    29    32    48    58    67    74    66    58    47    40    23    46
 2000    16    26    40    46    60    65    70    69    60    52    32     8    45
 2001    16    15    27    50    58    65    71    70    58    47    46    28    46
 2002    26    26    28    46    54    69    74    68    62    44    32    26    46
 2003    14    16    30    46    55    64    70    72    58    48    33    25    44
 2004    14    20    37    47    57    64    68    64    64    48    38    24    46
 2005    16    26    32    52    55    72    72   -99   -99   -99   -99   -99      
 MEAN    15    21    32    47    58    68    72    69    61    50    34    21    45
