# IEM Climodat http://mesonet.agron.iastate.edu/climodat/
# Report Generated: 30 Aug 2005 
# Climate Record: 01 Jan 1951 -> 01 Aug 2005
# Site Information: [IA2864] FAYETTE
# Contact Information: Daryl Herzmann akrherz@iastate.edu 515.294.5978
 THESE ARE THE MONTHLY AVG. MAX TEMPS 1951-2006 FOR STATION # ia2864
 YEAR   JAN   FEB  MARCH APRIL  MAY  JUNE  JULY AUGUST SEPT   OCT   NOV   DEC   ANN
 1951    23    28    34    52    74    75    81    77    69    60    38    28    53
 1952    30    36    38    61    68    82    85    79    75    59    49    32    58
 1953    29    33    43    51    70    81    82    82    75    70    50    34    58
 1954    28    43    41    62    65    81    84    79    74    59    48    31    58
 1955    26    29    41    65    74    76    88    87    77    61    39    26    57
 1956    28    31    38    57    71    83    80    81    72    69    44    33    57
 1957    22    36    43    60    67    77    85    81    69    58    41    35    56
 1958    28    25    42    60    73    73    78    81    73    67    49    25    56
 1959    22    27    40    59    71    81    82    83    73    55    35    37    55
 1960    27    29    31    60    68    75    81    81    75    62    47    29    55
 1961    25    37    41    52    68    80    81    82    71    63    43    26    56
 1962    22    27    37    56    73    78    77    81    70    62    45    31    55
 1963    14    27    46    62    69    84    84    79    74    73    49    20    57
 1964    33    38    41    58    75    81    89    80    71    62    48    26    58
 1965    24    27    31    55    72    77    82    80    67    62    46    38    55
 1966    20    31    49    53    66    79    86    81    73    64    46    30    56
 1967    30    27    46    59    67    79    82    78    73    59    40    33    56
 1968    27    30    54    62    67    79    83    81    72    63    43    29    58
 1969    22    31    38    61    71    72    82    84    73    56    45    29    55
 1970    17    31    39    60    72    80    85    81    72    61    42    31    56
 1971    20    26    37    61    68    84    80    82    77    67    44    33    57
 1972    22    26    40    55    73    80    81    81    73    56    39    24    54
 1973    27    32    50    54    67    81    83    82    71    67    45    27    57
 1974    24    30    42    61    66    77    86    79    70    62    44    32    56
 1975    27    28    33    51    74    80    86    85    70    69    51    33    57
 1976    29    41    46    63    71    83    88    83    76    58    40    26    59
 1977    14    36    51    69    81    82    87    79    74    60    43    25    58
 1978    18    23    41    59    72    82    82    83    80    61    43    27    56
 1979    13    21    39    54    72    81    83    81    78    62    43    39    56
 1980    27    27    40    61    75    81    87    84    76    58    47    32    58
 1981    32    36    50    65    70    80    83    80    74    60    47    29    59
 1982    17    29    40    55    73    75    84    80    72    63    44    37    56
 1983    31    35    43    53    66    81    88    89    76    61    45    17    57
 1984    24    39    36    57    69    82    83    87    77    63    46    34    58
 1985    23    27    48    65    76    79    86    80    73    61    36    20    56
 1986    27    26    48    65    72    81    85    78    73    61    39    30    57
 1987    30    40    48    67    77    84    87    80    74    58    48    33    60
 1988    22    25    47    61    79    88    89    90    78    57    45    31    59
 1989    35    24    40    59    71    79    87    82    72    65    42    22    56
 1990    36    36    50    61    67    79    81    81    77    62    51    27    59
 1991    21    35    47    59    71    81    82    80    70    59    35    31    56
 1992    29    34    43    52    71    77    75    76    69    60    38    29    54
 1993    24    25    35    52    67    75    78    79    64    59    41    30    52
 1994    17    21    43    59    70    80    78    77    74    62    46    33    55
 1995    22    29    45    52    66    80    83    85    70    60    35    28    55
 1996    22    26    37    55    63    76    79    79    71    61    33    25    52
 1997    20    30    42    54    63    80    80    76    72    61    37    32    54
 1998    28    39    39    58    75    75    82    80    78    60    47    36    58
 1999    21    37    44    58    70    78    85    77    72    61    53    33    57
 2000    27    37    52    58    72    76    79    79    74    65    40    16    56
 2001    26    25    36    62    70    76    83    81    70    59    56    37    57
 2002    36    37    37    57    68    81    85    80    76    55    42    35    57
 2003    25    28    42    59    67    77    81    85    73    63    42    34    56
 2004    23    30    46    62    69    76    79    75    78    60    48    34    57
 2005    24    35    42    63    66    83    83   -99   -99   -99   -99   -99      
 MEAN    25    31    42    59    70    79    83    81    73    62    44    30    55
