# IEM Climodat http://mesonet.agron.iastate.edu/climodat/
# Report Generated: 30 Aug 2005 
# Climate Record: 01 Jan 1951 -> 01 Aug 2005
# Site Information: [IA2864] FAYETTE
# Contact Information: Daryl Herzmann akrherz@iastate.edu 515.294.5978
# LENGTH OF SEASON FOR STATION NUMBER  ia2864   BASE TEMP=30
 LAST SPRING OCCURENCE FIRST FALL OCCURENCE  LENGTH OF SEASON
   YEAR MONTH DAY DOY         MONTH DAY DOY
   1951   4    26 116           9    28 271          155
   1952   4    25 116          10     3 277          161
   1953   5    13 133           9    13 256          123
   1954   5    20 140          10     7 280          140
   1955   4     8  98           9    11 254          156
   1956   5    16 137           9    20 264          127
   1957   5     5 125           9    28 271          146
   1958   5     7 127          10     1 274          147
   1959   4    22 112          10    12 285          173
   1960   5    12 133          10    18 292          159
   1961   5    10 130           9    28 271          141
   1962   4    20 110           9    20 263          153
   1963   5    23 143          10    12 285          142
   1964   4    15 106           9    28 272          166
   1965   5    29 149          10    13 286          137
   1966   5    10 130          10     6 279          149
   1967   5     6 126           9    29 272          146
   1968   5     5 126          10     4 278          152
   1969   5    12 132          10    14 287          155
   1970   5     2 122          10     4 277          155
   1971   5    13 133          10     7 280          147
   1972   4    26 117           9    30 274          157
   1973   5    17 137          10    20 293          156
   1974   5     7 127           9    22 265          138
   1975   4    21 111           9    25 268          157
   1976   5     8 129           9    24 268          139
   1977   4    29 119          10    12 285          166
   1978   5     6 126          10     8 281          155
   1979   5     1 121          10     7 280          159
   1980   5    14 135           9    26 270          135
   1981   5    12 132          10     2 275          143
   1982   4    28 118          10    16 289          171
   1983   5    15 135           9    23 266          131
   1984   5     4 125           9    16 260          135
   1985   4    15 105           9    27 270          165
   1986   5     3 123          10     6 279          156
   1987   4    11 101          10     3 276          175
   1988   4    29 120          10     3 277          157
   1989   5     7 127           9    23 266          139
   1990   5    11 131          10    11 284          153
   1991   4    23 113           9    20 263          150
   1992   5     7 128           9    29 273          145
   1993   4    23 113           9    30 273          160
   1994   5     3 123          10    10 283          160
   1995   4    25 115           9    22 265          150
   1996   5    14 135          10     3 277          142
   1997   5    16 136          10    14 287          151
   1998   4    18 108          10    14 287          179
   1999   4    19 109          10     4 277          168
   2000   4    22 113           9    26 270          157
   2001   4    19 109          10     6 279          170
   2002   5    21 141           9    24 267          126
   2003   4    24 114           9    29 272          158
   2004   5    15 136          10     2 276          140
             MEAN=123              MEAN=274     MEAN=151
