# IEM Climodat http://mesonet.agron.iastate.edu/climodat/
# Report Generated: 30 Aug 2005 
# Climate Record: 01 Jan 1951 -> 01 Aug 2005
# Site Information: [IA2864] FAYETTE
# Contact Information: Daryl Herzmann akrherz@iastate.edu 515.294.5978
                                 # OF PRECIPITATION EVENTS - % IN PARENS
 CL                   MAX   MEAN   0.01-    0.26-    0.51-     1.01-            # OF DAYS
 WK    TIME PERIOD    VAL   RAIN     0.25     0.50     1.00     2.00    >2.01 MISSING TOTAL
  1 3/1-->3/7        1.90   0.27   66(69)   11(12)   13(14)    5( 5)    0( 0)    0       95
  2 3/8-->3/14       1.26   0.26   66(64)   22(21)   11(11)    4( 4)    0( 0)    0      103
  3 3/15-->3/21      1.04   0.23   67(65)   24(23)   10(10)    2( 2)    0( 0)    0      103
  4 3/22-->3/28      1.53   0.27   63(61)   24(23)   15(14)    2( 2)    0( 0)    0      104
  5 3/29-->4/4       2.29   0.30   79(64)   23(19)   15(12)    6( 5)    1( 1)    0      124
  6 4/5-->4/11       1.55   0.29   69(63)   21(19)   16(15)    4( 4)    0( 0)    0      110
  7 4/12-->4/18      2.22   0.35   62(50)   34(27)   21(17)    6( 5)    1( 1)    0      124
  8 4/19-->4/25      2.30   0.35   86(59)   23(16)   29(20)    7( 5)    2( 1)    0      147
  9 4/26-->5/2       2.22   0.38   71(54)   29(22)   22(17)    8( 6)    2( 2)    0      132
 10 5/3-->5/9        4.41   0.36   79(55)   30(21)   22(15)   11( 8)    1( 1)    0      143
 11 5/10-->5/16      1.70   0.33   79(54)   37(25)   19(13)   11( 8)    0( 0)    0      146
 12 5/17-->5/23      6.20   0.41   79(58)   27(20)   15(11)   13( 9)    3( 2)    0      137
 13 5/24-->5/30      3.35   0.42   88(56)   27(17)   24(15)   15( 9)    4( 3)    0      158
 14 5/31-->6/6       1.98   0.34   72(58)   23(18)   24(19)    6( 5)    0( 0)    0      125
 15 6/7-->6/13       2.21   0.43   76(52)   25(17)   25(17)   16(11)    3( 2)    0      145
 16 6/14-->6/20      3.29   0.47   65(50)   23(18)   26(20)   12( 9)    4( 3)    0      130
 17 6/21-->6/27      2.90   0.59   66(51)   16(12)   20(16)   16(12)   11( 9)    0      129
 18 6/28-->7/4       2.66   0.40   65(53)   23(19)   25(20)    9( 7)    1( 1)    0      123
 19 7/5-->7/11       3.70   0.42   64(54)   24(20)   14(12)   15(13)    1( 1)    0      118
 20 7/12-->7/18      4.86   0.54   61(53)   16(14)   20(17)   13(11)    6( 5)    0      116
 21 7/19-->7/25      4.03   0.48   63(52)   25(21)   18(15)   11( 9)    4( 3)    0      121
 22 7/26-->8/1       4.00   0.53   49(46)   25(23)   17(16)   10( 9)    6( 6)    0      107
 23 8/2-->8/8        5.28   0.45   60(47)   34(27)   19(15)   14(11)    1( 1)    0      128
 24 8/9-->8/15       3.92   0.46   52(57)   11(12)   16(17)   11(12)    2( 2)    0       92
 25 8/16-->8/22      3.59   0.48   58(48)   24(20)   26(22)    7( 6)    5( 4)    0      120
 26 8/23-->8/29      3.27   0.48   58(48)   20(17)   26(22)   14(12)    2( 2)    0      120
 27 8/30-->9/5       2.20   0.40   55(56)   13(13)   22(22)    7( 7)    1( 1)    0       98
 28 9/6-->9/12       2.72   0.40   51(56)   20(22)    7( 8)   11(12)    2( 2)    0       91
 29 9/13-->9/19      2.25   0.34   76(58)   27(21)   19(15)    6( 5)    2( 2)    0      130
 30 9/20-->9/26      3.05   0.41   71(55)   20(15)   24(18)   13(10)    2( 2)    0      130
 31 9/27-->10/3      3.35   0.33   54(55)   28(28)   13(13)    2( 2)    2( 2)    0       99
 32 10/4-->10/10     2.70   0.35   63(62)   16(16)   12(12)    9( 9)    2( 2)    0      102
 33 10/11-->10/17    2.67   0.36   53(60)   15(17)   14(16)    5( 6)    2( 2)    0       89
 34 10/18-->10/24    1.69   0.31   58(60)   16(17)   17(18)    5( 5)    0( 0)    0       96
 35 10/25-->10/31    1.42   0.28   53(58)   21(23)   15(16)    3( 3)    0( 0)    0       92
 36 11/1-->11/7      3.22   0.33   66(66)   17(17)    5( 5)   10(10)    2( 2)    0      100
 37 11/8-->11/14     1.78   0.24   59(75)   10(13)    5( 6)    5( 6)    0( 0)    0       79
 38 11/15-->11/21    2.40   0.33   64(65)   15(15)    9( 9)    9( 9)    1( 1)    0       98
 39 11/22-->11/28    1.52   0.23   62(66)   20(21)   11(12)    1( 1)    0( 0)    0       94
 40 11/29-->12/5     1.40   0.19   72(81)    9(10)    6( 7)    2( 2)    0( 0)    0       89
 41 12/6-->12/12     1.02   0.21   59(71)   16(19)    7( 8)    1( 1)    0( 0)    0       83
 42 12/13-->12/19    0.80   0.16   65(76)   14(16)    6( 7)    0( 0)    0( 0)    0       85
 43 12/20-->12/26    0.93   0.16   73(78)   15(16)    5( 5)    0( 0)    0( 0)    0       93
 44 12/27-->1/2      1.21   0.19   61(78)   10(13)    6( 8)    1( 1)    0( 0)    0       78
 45 1/3-->1/9        1.10   0.16   62(77)   13(16)    5( 6)    1( 1)    0( 0)    0       81
 46 1/10-->1/16      0.75   0.15   59(82)    8(11)    5( 7)    0( 0)    0( 0)    0       72
 47 1/17-->1/23      0.74   0.16   64(81)   10(13)    5( 6)    0( 0)    0( 0)    0       79
 48 1/24-->1/30      1.13   0.15   84(87)    8( 8)    4( 4)    1( 1)    0( 0)    0       97
 49 1/31-->2/6       1.48   0.18   58(78)   11(15)    4( 5)    1( 1)    0( 0)    0       74
 50 2/7-->2/13       0.82   0.17   56(82)    7(10)    5( 7)    0( 0)    0( 0)    0       68
 51 2/14-->2/20      1.27   0.20   59(77)   13(17)    2( 3)    3( 4)    0( 0)    0       77
 52 2/21-->2/27      1.14   0.21   65(71)   14(15)   11(12)    1( 1)    0( 0)    0       91
 53 2/28-->2/29      0.17   0.07    9(100)    0( 0)    0( 0)    0( 0)    0( 0)    0        9
ANNUAL TOTALS        6.20   0.34 3394(60) 1007(18)  752(13)  345( 6)   76( 1)    0     5574
