# IEM Climodat http://mesonet.agron.iastate.edu/climodat/
# Report Generated: 30 Aug 2005 
# Climate Record: 01 Jan 1951 -> 01 Aug 2005
# Site Information: [IA2977] FOREST-CITY
# Contact Information: Daryl Herzmann akrherz@iastate.edu 515.294.5978
 THESE ARE THE MONTHLY AVG. MAX TEMPS 1951-2006 FOR STATION # ia2977
 YEAR   JAN   FEB  MARCH APRIL  MAY  JUNE  JULY AUGUST SEPT   OCT   NOV   DEC   ANN
 1951    23    28    31    49    72    73    81    78    69    60    37    26    52
 1952    24    34    36    60    68    81    84    80    77    59    47    29    57
 1953    26    30    42    50    70    83    83    84    76    70    50    33    58
 1954    24    43    37    61    65    81    86    81    74    58    48    31    57
 1955    25    27    39    67    76    79    88    89    77    63    36    24    58
 1956    23    27    36    55    72    86    80    82    74    70    42    33    57
 1957    21    34    42    60    68    78    88    81    71    58    39    35    56
 1958    29    26    40    60    75    75    80    85    75    67    49    26    57
 1959    22    25    40    60    72    82    84    86    72    55    34    38    56
 1960    27    28    30    59    70    78    86    84    74    64    47    29    56
 1961    25    33    39    50    69    82    82    83    71    66    43    26    56
 1962    21    24    33    56    75    79    80    82    70    64    47    32    55
 1963    17    28    47    62    70    84    82    80    75    74    50    21    58
 1964    34    40    38    59    77    83    88    81    72    63    47    27    59
 1965    23    26    28    53    73    80    84    81    65    63    45    37    55
 1966    16    30    49    51    69    81    86    79    73    64    43    28    56
 1967    27    27    47    59    66    78    82    80    72    60    42    33    56
 1968    26    28    55    62    68    81    82    82    71    62    42    28    57
 1969    19    27    32    60    74    74    82    84    73    57    43    25    54
 1970    15    27    35    59    72    81    83    82    71    59    42    26    54
 1971    19    25    38    61    68    85    80    83    76    65    44    29    56
 1972    19    24    41    54    72    80    80    82    72    57    38    21    53
 1973    26    30    48    55    68    82    84    83    71    67    44    25    57
 1974    23    30    41    60    67    79    88    78    71    64    42    30    56
 1975    25    26    33    48    74    79    86    83    70    69    48    30    56
 1976    28    42    44    64    70    82    86    84    76    57    39    26    58
 1977    14    37    49    67    80    84    87    79    74    59    42    23    58
 1978    16    21    41    55    72    81    82    83    79    61    40    23    54
 1979    10    19    35    50    69    80    81    79    77    61    40    36    53
 1980    25    25    39    60    75    82    86    80    75    56    50    31    57
 1981    31    35    50    62    68    79    83    79    72    57    48    28    58
 1982    14    25    38    52    70    75    84    80    71    62    40    34    54
 1983    28    32    40    52    66    80    86    86    73    60    42    16    55
 1984    23    36    35    55    67    79    82    85    72    61    43    29    56
 1985    21    25    45    63    75    76    81    76    68    58    31    17    53
 1986    26    22    46    60    69    80    84    77    72    59    37    30    55
 1987    30    42    47    66    78    84    86    76    72    55    46    31    59
 1988    19    22    45    58    78    86    86    84    75    56    42    29    57
 1989    32    21    37    57    71    79    85    82    72    63    38    19    55
 1990    37    33    46    57    66    80    80    80    75    60    48    24    57
 1991    18    32    43    59    70    83    81    80    69    58    31    30    54
 1992    30    33    42    53    72    78    75    75    71    59    35    27    54
 1993    21    21    32    52    65    75    79    79    66    60    40    29    52
 1994    12    22    46    61    74    81    79    77    75    62    46    30    55
 1995    23    30    43    53    67    80    84    86    71    60    36    28    55
 1996    22    29    39    57    65    79    79    80    71    63    33    21    53
 1997    20    29    41    56    67    84    83    78    74    63    35    31    55
 1998    26    37    37    60    76    75    82    81    80    61    46    36    58
 1999    20    36    44    57    69    77    86    78    73    61    53    33    57
 2000    26    36    52    58    72    76    80    79    75    64    37    14    56
 2001    24    20    32    59    69    78    84    81    70    59    58    36    56
 2002    34    35    34    56    67    80    86    79    75    53    41    35    56
 2003    25    27    42    60    68    78    82    85    75    64    42    32    57
 2004    23    26    47    63    69    76    79    75    78    61    47    31    56
 2005    22    36    40    63    65    82    84   -99   -99   -99   -99   -99      
 MEAN    23    29    41    58    71    80    83    81    73    61    42    28    55
