# IEM Climodat http://mesonet.agron.iastate.edu/climodat/
# Report Generated: 30 Aug 2005 
# Climate Record: 01 Jan 1951 -> 01 Aug 2005
# Site Information: [IA3290] GLENWOOD
# Contact Information: Daryl Herzmann akrherz@iastate.edu 515.294.5978
 THESE ARE THE MONTHLY AVG. MAX TEMPS 1951-2006 FOR STATION # ia3290
 YEAR   JAN   FEB  MARCH APRIL  MAY  JUNE  JULY AUGUST SEPT   OCT   NOV   DEC   ANN
 1951    31    38    41    56    74    77    85    86    73    63    45    31    58
 1952    34    44    43    62    74    90    89    83    81    67    52    35    63
 1953    35    43    52    60    74    90    90    89    83    73    54    41    65
 1954    32    50    45    68    69    86    93    83    81    67    60    44    65
 1955    35    34    51    75    80    81    96    95    85    71    45    34    65
 1956    31    38    53    66    80    91    89    89    83    74    48    41    65
 1957    27    42    48    61    71    82    93    90    74    61    46    45    62
 1958    33    29    44    65    78    81    83    87    80    72    57    38    62
 1959    29    35    50    63    73    84    84    89    77    63    44    46    61
 1960    29    29    31    66    74    80    86    87    81    71    54    40    61
 1961    38    43    48    59    71    81    88    85    74    68    48    28    61
 1962    28    33    41    64    81    81    86    85    74    67    51    37    61
 1963    22    38    54    67    75    86    88    85    78    78    56    28    63
 1964    41    43    47    64    79    82    90    82    75    67    53    35    63
 1965    35    34    35    66    78    80    85    84    71    70    54    46    62
 1966    27    40    55    59    76    82    89    83    74    69    52    36    62
 1967    35    41    57    66    71    80    85    85    75    64    49    38    62
 1968    32    37    61    67    71    87    88    85    76    68    46    32    62
 1969    27    35    42    66    75    81    87    86    78    62    52    33    60
 1970    27    46    46    68    80    84    89    87    77    62    47    39    63
 1971    29    33    47    68    71    88    85    85    82    71    50    37    62
 1972    32    39    56    66    75    87    86    86    79    64    44    31    62
 1973    34    39    53    64    75    87    86    88    75    72    51    32    63
 1974    30    43    57    69    75    85    97    84    77    70    52    39    65
 1975    34    32    44    62    79    83    90    91    75    75    54    41    63
 1976    39    51    53    70    74    86    90    90    82    64    49    41    66
 1977    26    47    59    72    81    88    94    84    79    66    50    36    65
 1978    23    25    47    63    74    86    88    87    83    69    48    34    61
 1979    19    27    50    61    76    84    85    85    82    70    49    45    61
 1980    34    32    47    67    78    86    93    90    82    68    57    40    64
 1981    42    44    58    75    74    87    88    84    81    64    55    34    66
 1982    24    36    49    63    75    80    89    82    75    69    50    41    61
 1983    35    41    48    56    73    83    93    95    84    66    50    19    62
 1984    32    47    42    59    70    84    88    89    76    65    52    39    62
 1985    28    32    56    67    78    82    88    80    74    64    40    27    60
 1986    42    33    56    66    75    86    87    79    79    64    45    37    62
 1987    39    50    53    68    78    87    88    81    76    61    54    39    64
 1988    32    36    56    65    82    90    85    90    81    63    52    41    64
 1989    44    26    50    69    77    81    87    85    75    68    50    28    62
 1990    43    42    52    63    69    83    84    84    83    68    55    32    63
 1991    25    45    56    66    77    85    87    85    80    67    38    40    63
 1992    40    46    55    60    76    80    81    79    76    67    41    36    61
 1993    28    28    45    58    71    81    82    84    71    63    45    38    58
 1994    29    34    56    66    77    83    84    84    79    69    52    38    63
 1995    30    43    49    59    67    82    90    89    76    67    44    36    61
 1996    29    39    46    62    68    83    83    82    75    67    40    32    59
 1997    29    38    54    57    69    85    87    83    80    67    45    35    61
 1998    32    44    40    62    78    80    86    86    86    68    54    43    63
 1999    31    45    51    61    73    80    89    83    77    69    62    42    64
 2000    39    47    57    65    80    83    85    87    84    70    43    23    64
 2001    34    30    44    68    75    81    89    88    78    66    62    43    63
 2002    42    42    45    65    72    88    92    87    81    58    49    44    64
 2003    34    34    51    66    71    80    89    91    77    71    47    40    63
 2004    30    33    54    68    76    79    82    81    85    69    54    41    63
 2005    29    44    54    68    75    85    89   -99   -99   -99   -99   -99      
 MEAN    32    39    50    65    75    84    88    86    78    67    50    37    61
