# IEM Climodat http://mesonet.agron.iastate.edu/climodat/
# Report Generated: 30 Aug 2005 
# Climate Record: 01 Jan 1951 -> 01 Aug 2005
# Site Information: [IA3290] GLENWOOD
# Contact Information: Daryl Herzmann akrherz@iastate.edu 515.294.5978
# DAILY MAXIMUM PRECIPITATION FOR STATION NUMBER ia3290 
#    JAN   FEB   MAR   APR   MAY   JUN   JUL   AUG   SEP   OCT   NOV   DEC
  1  0.47  1.15  1.52  0.40  2.46  1.65  1.04  1.32  0.45  0.59  1.85  0.72
  2  0.76  0.37  0.73  1.30  1.32  2.33  1.56  1.60  6.00  1.50  1.05  0.53
  3  0.80  0.41  1.06  1.53  1.58  1.52  2.12  1.90  1.32  1.01  0.80  0.44
  4  0.32  0.66  1.11  1.39  0.88  2.01  2.00  1.26  1.96  0.73  1.78  0.84
  5  0.44  0.37  0.56  0.85  1.36  2.55  2.52  1.27  2.06  1.23  0.74  0.48
  6  0.50  0.16  0.81  1.41  1.39  1.05  2.60  1.46  1.32  0.69  0.56  0.86
  7  0.12  0.15  0.55  3.25  1.69  1.62  1.04  2.20  3.76  1.57  1.44  0.70
  8  0.10  0.12  0.70  1.42  1.93  1.49  1.01  2.09  1.47  2.07  0.50  0.28
  9  0.17  1.57  0.49  1.45  1.92  1.30  2.16  2.86  3.86  1.23  1.52  0.37
 10  0.50  0.80  0.60  0.80  1.42  1.77  1.62  2.30  0.55  1.49  0.40  0.63
 11  0.29  1.04  1.50  0.93  2.45  1.33  1.65  1.37  1.56  2.05  0.86  0.60
 12  0.31  0.25  1.05  1.49  1.09  1.68  2.53  1.91  2.37  1.34  0.68  0.73
 13  0.49  0.62  0.73  0.91  0.65  2.85  2.24  1.70  1.68  0.75  0.96  0.12
 14  0.52  0.87  0.87  1.00  1.26  4.35  0.94  1.64  1.86  0.37  0.08  1.00
 15  0.85  0.68  1.06  2.27  1.02  2.50  2.06  1.14  0.84  0.79  0.41  0.46
 16  0.65  0.45  0.17  1.63  1.19  1.45  1.59  1.74  1.19  1.28  1.29  0.54
 17  0.67  0.22  0.53  1.21  1.24  0.82  2.50  1.84  2.08  2.40  1.25  2.50
 18  0.50  0.52  1.65  0.91  2.89  1.64  1.28  0.98  1.84  0.97  0.90  0.83
 19  0.40  0.55  1.77  0.86  2.09  1.71  2.75  0.96  1.71  0.84  1.10  0.59
 20  0.25  2.10  0.57  1.39  2.11  2.07  2.13  1.92  2.44  1.53  0.70  0.44
 21  0.40  0.48  0.50  1.44  2.54  4.96  0.97  1.76  2.10  0.45  0.74  0.47
 22  0.85  0.86  0.93  1.42  3.18  1.85  4.68  1.78  2.06  1.92  0.06  0.49
 23  0.28  0.60  0.90  1.28  1.11  2.67  2.74  3.74  1.44  1.18  0.74  0.63
 24  0.95  0.51  1.30  1.79  0.54  2.68  2.42  1.54  0.77  0.43  1.10  0.57
 25  0.28  1.10  1.28  2.03  1.65  2.63  1.79  4.26  1.08  0.81  0.42  0.33
 26  0.36  0.43  1.80  2.08  4.98  1.50  6.48  3.21  3.92  1.35  0.50  0.12
 27  0.45  0.30  1.12  1.64  1.41  1.32  1.23  1.48  0.79  0.86  0.97  0.58
 28  0.07  0.25  1.21  1.22  3.21  2.58  1.31  1.74  1.91  0.43  0.64  1.38
 29  0.73  0.18  0.55  1.71  3.29  3.40  0.73  2.16  0.89  1.95  2.65  0.55
 30  0.50  ****  0.55  1.57  1.65  1.84  3.20  2.17  1.22  1.16  1.48  0.57
 31  0.43  ****  1.49  ****  2.10  ****  1.85  2.17  ****  1.02  ****  0.39
