# IEM Climodat http://mesonet.agron.iastate.edu/climodat/
# Report Generated: 30 Aug 2005 
# Climate Record: 01 Jan 1951 -> 01 Aug 2005
# Site Information: [IA3473] GRINNELL-3-SW
# Contact Information: Daryl Herzmann akrherz@iastate.edu 515.294.5978
# LENGTH OF SEASON FOR STATION NUMBER  ia3473   BASE TEMP=32
 LAST SPRING OCCURENCE FIRST FALL OCCURENCE  LENGTH OF SEASON
   YEAR MONTH DAY DOY         MONTH DAY DOY
   1951   5    11 131           9    28 271          140
   1952   4    16 107          10     5 279          172
   1953   5    13 133          10    27 300          167
   1954   5     7 127          10    17 290          163
   1955   4     7  97          10    24 297          200
   1956   5    16 137          10     7 281          144
   1957   4    14 104          10    10 283          179
   1958   5     5 125          10     1 274          149
   1959   4    22 112          10     9 282          170
   1960   5     8 129          10    19 293          164
   1961   5     2 122           9    28 271          149
   1962   4    19 109          10    23 296          187
   1963   5    22 142          10    29 302          160
   1964   4     9 100           9    28 272          172
   1965   5    29 149          10    12 285          136
   1966   5    14 134          10     5 278          144
   1967   5     9 129           9    29 272          143
   1968   5    11 132          10     3 277          145
   1969   5    13 133          10    14 287          154
   1970   5     3 123          10    10 283          160
   1971   5    27 147           9    20 263          116
   1972   5     9 130           9    30 274          144
   1973   5    17 137           9    18 261          124
   1974   4    25 115           9    22 265          150
   1975   5     1 121           9    22 265          144
   1976   5     9 130           9    10 254          124
   1977   4    30 120          10     6 279          159
   1978   5     6 126          10     8 281          155
   1979   5    25 145           9    22 265          120
   1980   5    14 135           9    26 270          135
   1981   5    11 131           9    18 261          130
   1982   4    23 113           9    22 265          152
   1983   4    26 116           9    22 265          149
   1984   4    25 116           9    16 260          144
   1985   4    15 105           9    27 270          165
   1986   4    23 113          10     6 279          166
   1987   4    28 118          10     3 276          158
   1988   4    30 121          10     3 277          156
   1989   5     8 128           9    23 266          138
   1990   5    11 131          10    11 284          153
   1991   5     8 128           9    19 262          134
   1992   5    27 148           9    29 273          125
   1993   4    22 112          10    10 283          171
   1994   5     9 129          10    10 283          154
   1995   5     5 125           9    22 265          140
   1996   5     2 123           9    15 259          136
   1997   5    16 136          10    15 288          152
   1998   4    18 108          10     8 281          173
   1999   5    10 130           9    21 264          134
   2000   5    14 135          10     6 280          145
   2001   4    25 115           9    26 269          154
   2002   5    21 141           9    24 267          126
   2003   4    23 113           9    29 272          159
   2004   5    16 137          10     2 276          139
             MEAN=125              MEAN=275     MEAN=150
