# IEM Climodat http://mesonet.agron.iastate.edu/climodat/
# Report Generated: 30 Aug 2005 
# Climate Record: 01 Jan 1951 -> 01 Aug 2005
# Site Information: [IA3438] GREENFIELD
# Contact Information: Daryl Herzmann akrherz@iastate.edu 515.294.5978
 THESE ARE THE MONTHLY AVG. MAX TEMPS 1951-2006 FOR STATION # ia3438
 YEAR   JAN   FEB  MARCH APRIL  MAY  JUNE  JULY AUGUST SEPT   OCT   NOV   DEC   ANN
 1951    31    34    36    54    73    75    83    83    72    64    44    30    57
 1952    33    43    41    62    71    86    85    80    80    65    50    33    61
 1953    33    39    49    55    71    85    87    86    82    73    54    40    63
 1954    33    50    44    67    68    83    92    83    80    62    54    38    63
 1955    30    30    47    69    74    78    90    90    81    68    43    32    61
 1956    30    35    48    61    74    89    85    85    79    73    47    40    62
 1957    26    40    47    61    70    80    90    86    72    59    43    42    60
 1958    33    27    42    62    77    80    80    84    77    68    52    35    60
 1959    27    32    47    62    72    83    84    86    73    59    42    42    59
 1960    29    27    30    63    73    79    85    84    77    66    53    37    59
 1961    34    40    45    56    69    79    84    84    72    67    46    28    59
 1962    25    30    38    60    80    80    84    86    74    66    50    36    59
 1963    20    33    52    66    74    87    88    84    77    77    54    26    62
 1964    40    42    46    64    78    82    89    81    74    65    53    34    62
 1965    31    31    33    62    77    78    84    85    72    69    52    45    60
 1966    24    38    53    58    73    80    89    82    75    70    52    36    61
 1967    37    38    55    65    72    80    85    84    76    64    48    38    62
 1968    31    36    60    66    72    85    87    85    76    68    45    32    62
 1969    26    35    41    65    74    80    86    85    78    62    51    32    60
 1970    24    44    43    66    78    83    88    85    77    62    46    37    61
 1971    26    30    45    65    69    87    84    85    80    71    49    36    61
 1972    29    36    52    64    73    84    84    84    77    61    42    28    60
 1973    31    36    51    60    72    85    84    85    73    70    49    30    60
 1974    28    38    53    65    72    81    94    83    75    67    49    37    62
 1975    32    30    41    59    77    81    88    89    73    71    53    38    61
 1976    35    47    50    68    72    83    88    85    79    61    46    36    62
 1977    21    42    55    70    80    89    93    84    77    63    48    33    63
 1978    21    25    44    62    72    84    86    85    83    66    47    32    59
 1979    17    24    45    59    75    83    85    85    82    68    47    43    59
 1980    32    30    45    66    77    84    93    88    79    64    53    38    62
 1981    39    41    55    72    72    84    84    82    78    62    52    33    63
 1982    22    33    46    60    74    78    87    82    75    66    47    39    59
 1983    34    40    47    55    70    83    90    91    82    65    47    17    60
 1984    29    46    40    57    70    83    88    89    77    65    53    40    61
 1985    28    32    55    69    77    81    88    81    75    64    39    26    60
 1986    40    31    56    68    75    86    88    80    78    64    45    35    62
 1987    37    48    54    69    79    86    87    81    77    62    51    37    64
 1988    32    34    56    66    80    90    89    91    79    61    50    42    64
 1989    43    25    49    67    75    80    86    84    74    68    49    27    61
 1990    40    42    52    62    69    82    83    84    82    68    55    31    62
 1991    24    46    56    64    75    83    85    84    78    66    38    38    61
 1992    40    44    54    60    74    81    80    77    74    65    40    34    60
 1993    28    26    43    58    71    79    81    83    70    62    46    38    57
 1994    25    32    55    66    75    82    83    83    78    66    51    38    61
 1995    29    42    50    59    67    80    87    88    75    65    44    33    60
 1996    28    38    47    64    68    81    83    82    74    67    40    32    59
 1997    28    36    54    58    69    84    88    84    80    66    43    33    60
 1998    32    43    40    62    78    78    86    85    84    67    52    41    62
 1999    29    45    50    62    71    81    90    83    76    71    61    40    63
 2000    38    48    57    67    79    82    83    88    83    69    43    21    63
 2001    32    29    41    70    73    81    87    88    75    65    61    42    62
 2002    43    42    49    65    71    85    89    84    81    59    48    43    63
 2003    33    34    51    65    70    79    87    89    76    69    47    39    62
 2004    31    33    53    67    75    79    82    79    81    66    51    41    62
 2005    28    43    53    67    73    84    87   -99   -99   -99   -99   -99      
 MEAN    31    37    48    63    73    82    86    84    77    66    48    35    60
