# IEM Climodat http://mesonet.agron.iastate.edu/climodat/
# Report Generated: 30 Aug 2005 
# Climate Record: 01 Jan 1951 -> 01 Aug 2005
# Site Information: [IA3584] HAMPTON-2-NW
# Contact Information: Daryl Herzmann akrherz@iastate.edu 515.294.5978
 THESE ARE THE MONTHLY AVG. MIN TEMPS 1951-2006 FOR STATION # ia3584
 YEAR   JAN   FEB  MARCH APRIL  MAY  JUNE  JULY AUGUST SEPT   OCT   NOV   DEC   ANN
 1951     6    13    16    35    51    54    61    58    47    40    18     8    34
 1952     6    23    21    35    46    60    61    57    48    28    25    16    36
 1953    10    15    24    32    48    59    61    57    46    41    27    16    36
 1954     4    26    21    38    42    61    64    59    53    40    29    18    38
 1955    10    10    20    42    49    54    67    62    49    39    19     7    36
 1956     6     9    20    32    48    60    58    60    46    43    25    16    35
 1957     2    19    23    37    47    57    66    60    48    36    25    19    37
 1958    15     5    24    36    47    54    58    60    50    40    26     7    35
 1959     1     4    22    36    52    58    59    65    51    37    16    24    35
 1960    10    12     9    37    48    55    59    61    53    37    27    11    35
 1961     7    16    27    31    44    56    60    59    50    40    27     9    36
 1962     2    11    16    34    54    55    59    57    47    42    28    13    35
 1963    -1     6    26    38    47    59    62    58    51    48    32     3    36
 1964    14    15    19    37    53    58    64    57    52    38    30    11    37
 1965     4     5    10    35    50    56    61    57    48    40    27    23    35
 1966    -2    10    28    33    42    58    64    56    47    38    25    14    34
 1967    12     7    27    38    44    59    59    56    46    38    24    16    36
 1968     9    10    28    37    44    59    60    59    50    42    27    10    36
 1969     3    13    12    36    48    52    63    59    50    37    26    12    34
 1970    -3     8    21    37    50    58    60    60    52    41    28    10    35
 1971    -1    11    21    36    44    64    58    57    52    45    29    16    36
 1972     2     5    22    34    49    56    60    61    52    37    27     7    34
 1973    11    16    33    36    45    60    63    61    52    46    29    11    39
 1974     7    14    26    37    46    55    65    57    45    40    27    18    36
 1975     9    12    16    31    52    60    63    62    48    42    31    18    37
 1976     9    22    26    40    46    58    62    59    49    34    19     4    36
 1977    -6    16    33    42    57    60    64    58    54    39    26    11    38
 1978    -1     4    24    36    50    59    63    60    57    40    26     9    36
 1979    -4     1    22    34    47    57    61    61    52    40    27    18    35
 1980    11     9    21    38    50    59    64    62    53    38    29    16    38
 1981    12    17    29    42    47    59    64    60    52    39    33    13    39
 1982    -3    11    25    33    54    54    63    58    53    42    27    21    36
 1983    16    22    28    35    45    60    65    64    50    41    30     1    38
 1984     7    21    20    38    46    58    60    60    47    42    25    14    36
 1985     2     8    29    41    51    54    60    55    51    38    18    -2    34
 1986    12    10    26    40    49    60    64    56    54    40    19    15    37
 1987    14    22    29    39    52    61    64    59    51    33    31    19    40
 1988     1     5    25    34    50    60    63    62    51    33    25    13    35
 1989    17     1    20    34    45    55    63    59    47    38    19     3    33
 1990    17    14    28    34    45    60    62    60    53    36    29     8    37
 1991     1    16    26    39    54    62    61    60    48    36    19    16    36
 1992    16    23    26    33    46    54    57    53    46    37    26    14    36
 1993     5    10    20    33    48    56    62    61    46    37    24    16    35
 1994    -3     4    25    34    47    60    59    56    52    42    28    15    35
 1995     7    12    25    32    46    60    61    64    46    38    18    14    35
 1996     4    10    15    31    46    58    59    58    48    37    19    10    33
 1997     3    13    24    31    41    57    62    58    50    39    23    20    35
 1998    14    26    24    39    52    56    61    62    53    41    29    18    40
 1999     5    23    24    38    49    57    65    59    46    36    30    15    37
 2000     8    20    29    34    49    56    62    59    49    42    23    -1    36
 2001    10     4    18    37    50    57    63    61    47    36    36    20    37
 2002    17    18    17    34    42    60    64    58    51    34    23    17    36
 2003     7     5    21    35    45    55    61    61    47    37    25    18    35
 2004     6    12    30    35    47    56    59    54    52    40    29    15    36
 2005     8    21    23    39    45    61    63   -99   -99   -99   -99   -99      
 MEAN     6    13    23    36    48    58    62    59    50    39    26    13    35
