# IEM Climodat http://mesonet.agron.iastate.edu/climodat/
# Report Generated: 30 Aug 2005 
# Climate Record: 01 Jan 1951 -> 01 Aug 2005
# Site Information: [IA3509] GUTHRIE-CENTER
# Contact Information: Daryl Herzmann akrherz@iastate.edu 515.294.5978
 THESE ARE THE MONTHLY AVG. MIN TEMPS 1951-2006 FOR STATION # ia3509
 YEAR   JAN   FEB  MARCH APRIL  MAY  JUNE  JULY AUGUST SEPT   OCT   NOV   DEC   ANN
 1951    10    16    19    36    51    57    62    62    50    42    22    12    37
 1952    11    25    24    38    50    64    63    60    52    35    28    19    39
 1953    15    21    28    34    49    63    64    62    51    46    30    21    40
 1954     8    27    23    39    44    63    67    64    55    43    31    22    40
 1955    13    12    24    45    51    57    70    64    53    41    20    12    38
 1956    12    14    24    33    50    63    63    63    50    45    29    20    39
 1957     7    22    26    38    48    58    69    64    50    39    28    22    39
 1958    18     7    26    38    48    57    62    62    54    42    28    13    38
 1959     7    13    27    37    53    61    60    67    54    38    21    27    39
 1960    12    12    11    41    50    57    61    62    55    39    28    17    37
 1961    10    19    29    34    46    57    62    61    52    42    28    11    38
 1962     6    16    20    34    56    58    61    61    48    45    32    16    38
 1963     2     9    30    39    48    61    65    62    56    51    34     8    39
 1964    19    19    21    39    53    60    65    57    52    35    32    12    39
 1965     8     8    16    37    52    59    63    59    49    42    29    26    37
 1966     5    15    29    35    45    59    67    57    50    39    28    15    37
 1967    14    11    28    39    45    59    61    58    49    39    27    19    37
 1968    11    13    30    38    44    59    63    60    51    41    25    13    37
 1969     7    16    16    37    49    53    64    61    51    36    27    15    36
 1970     0    14    22    38    52    59    61    61    52    39    25    14    36
 1971     3    10    22    37    45    62    58    57    49    44    30    19    36
 1972     4     5    24    35    50    56    60    59    49    33    25     7    34
 1973    13    15    33    38    45    55    57    63    52    44    28    11    38
 1974     7    16    27    39    48    56    66    58    45    39    28    18    37
 1975    11    11    17    34    51    59    62    61    45    35    28    16    36
 1976     7    20    26    41    45    56    61    58    47    33    19     7    35
 1977    -2    14    32    44    57    60    65    58    52    39    26    13    38
 1978     0     2    20    40    49    57    62    60    56    37    26    13    35
 1979    -2     0    23    36    45    57    61    61    49    38    26    18    34
 1980    14    12    24    39    48    59    65    62    50    35    28    16    38
 1981    13    18    27    43    46    59    64    57    48    35    30    15    38
 1982    -2    13    23    33    52    53    62    58    51    41    25    19    36
 1983    16    22    28    34    44    58    64    66    50    38    29    -2    37
 1984     9    22    20    36    45    57    59    60    48    41    26    14    36
 1985     4    11    30    43    51    53    59    54    52    39    20     2    35
 1986    16    11    29    40    50    60    66    57    55    40    22    19    39
 1987    16    22    29    38    51    61    65    59    50    33    32    22    40
 1988     5     8    23    33    49    58    62    62    50    31    27    15    35
 1989    19     1    24    35    44    55    62    59    46    37    19     2    34
 1990    18    14    29    34    45    60    63    63    53    37    29    10    38
 1991     1    19    28    40    54    62    62    60    49    36    19    19    37
 1992    19    24    29    36    47    53    59    55    49    37    27    17    38
 1993     6    11    24    34    48    59    65    63    46    38    24    18    36
 1994     1     9    25    36    47    60    58    57    51    41    28    17    36
 1995    10    16    27    34    45    59    62    66    46    37    20    17    37
 1996     6    12    17    32    47    59    60    59    47    38    22    12    34
 1997     4    16    26    33    41    57    63    58    51    38    25    20    36
 1998    16    26    23    39    54    57    65    64    55    41    31    17    41
 1999     7    22    24    38    49    60    68    59    46    32    29    15    37
 2000    12    20    30    34    50    57    62    62    50    42    22    -1    37
 2001    10     8    22    39    50    57    65    61    49    36    36    20    38
 2002    16    18    19    36    45    62    65    59    51    35    23    16    37
 2003     8     8    23    39    46    55    62    61    46    37    26    20    36
 2004     7    12    30    35    50    56    61    55    52    40    29    15    37
 2005     9    21    24    40    45    62    63   -99   -99   -99   -99   -99      
 MEAN     9    15    25    37    48    58    63    60    50    39    27    15    36
