# IEM Climodat http://mesonet.agron.iastate.edu/climodat/
# Report Generated: 30 Aug 2005 
# Climate Record: 01 Jan 1951 -> 01 Aug 2005
# Site Information: [IA3718] HAWARDEN
# Contact Information: Daryl Herzmann akrherz@iastate.edu 515.294.5978
 THESE ARE THE MONTHLY AVG. MAX TEMPS 1951-2006 FOR STATION # ia3718
 YEAR   JAN   FEB  MARCH APRIL  MAY  JUNE  JULY AUGUST SEPT   OCT   NOV   DEC   ANN
 1951    29    38    34    55    73    74    82    81    70    62    40    27    55
 1952    27    37    37    61    71    88    86    83    79    64    48    33    60
 1953    29    36    46    54    71    84    86    85    78    72    51    35    61
 1954    27    47    39    65    68    82    89    83    76    59    54    34    60
 1955    32    27    44    72    78    78    92    94    80    69    40    25    61
 1956    24    31    44    59    75    90    86    86    80    73    45    38    61
 1957    24    38    45    61    69    80    90    83    73    58    43    42    59
 1958    35    31    42    60    78    78    81    90    81    70    51    33    61
 1959    25    30    46    64    74    85    86    88    75    58    36    40    59
 1960    26    25    29    60    72    77    86    85    75    66    51    34    57
 1961    30    38    46    57    70    82    86    85    74    68    45    28    59
 1962    26    28    34    61    76    78    82    83    73    67    52    36    58
 1963    20    34    53    66    73    86    88    84    78    75    54    26    61
 1964    37    40    42    62    78    83    91    81    74    66    49    28    61
 1965    26    30    32    63    77    81    85    83    66    69    47    41    58
 1966    21    32    53    55    73    82    89    80    74    66    46    32    59
 1967    30    33    53    63    69    78    85    83    77    63    47    35    60
 1968    31    33    60    65    69    86    85    86    76    66    47    28    61
 1969    21    32    35    64    74    78    86    84    76    55    47    30    57
 1970    20    35    39    61    76    84    87    87    75    59    44    31    58
 1971    21    32    44    64    71    85    83    85    77    66    46    31    59
 1972    24    27    45    59    72    83    83    82    74    59    41    25    56
 1973    29    33    50    61    72    84    85    88    72    67    47    28    60
 1974    28    40    49    63    71    80    91    79    73    67    46    33    60
 1975    29    27    37    52    77    79    89    84    71    69    46    31    58
 1976    29    42    47    66    73    85    89    88    78    58    42    33    61
 1977    19    41    49    68    79    85    89    82    75    62    43    29    60
 1978    16    20    43    57    73    84    86    84    81    64    43    27    56
 1979    13    20    39    58    70    83    85    81    78    63    42    41    56
 1980    30    28    43    65    75    84    90    84    79    61    51    32    60
 1981    36    37    53    69    72    84    84    81    79    60    50    29    61
 1982    16    31    42    59    72    78    87    83    73    62    42    35    57
 1983    31    33    42    51    69    79    89    91    78    61    41    13    56
 1984    27    38    35    55    69    81    84    86    73    61    48    34    58
 1985    26    32    51    66    76    79    85    79    70    61    32    23    57
 1986    35    30    51    62    73    84    88    80    73    62    41    38    60
 1987    36    47    51    71    79    87    88    81    77    60    50    34    63
 1988    24    29    51    64    80    90    90    89    77    60    46    36    61
 1989    39    25    44    65    75    82    88    84    74    67    45    23    59
 1990    41    38    50    63    70    85    84    85    81    65    50    28    62
 1991    25    43    52    64    74    84    85    85    76    63    35    35    60
 1992    39    40    49    57    74    80    77    77    74    62    38    31    58
 1993    25    24    39    56    69    77    80    81    67    60    40    31    54
 1994    17    23    48    60    74    81    80    80    77    64    47    30    57
 1995    24    34    42    51    64    79    85    85    71    59    37    32    55
 1996    22    33    38    56    64    80    81    80    70    63    33    21    53
 1997    19    30    43    54    64    83    84    81    77    64    39    34    56
 1998    28    42    37    59    76    76    84    82    83    64    46    38    60
 1999    25    40    46    58    71    76    86    82    74    65    57    37    60
 2000    30    41    53    61    74    78    84    85    77    65    35    18    58
 2001    28    23    37    61    72    81    85    84    73    63    58    37    58
 2002    37    40    36    60    68    85    89    82    77    53    45    37    59
 2003    27    30    45    61    68    79    85    87    74    66    42    34    58
 2004    26    28    50    64    70    77    82    79    79    63    49    36    59
 2005    24    40    46    64    69    82    86   -99   -99   -99   -99   -99      
 MEAN    27    33    44    61    72    82    86    84    75    64    45    32    58
