# IEM Climodat http://mesonet.agron.iastate.edu/climodat/
# Report Generated: 30 Aug 2005 
# Climate Record: 01 Jan 1951 -> 01 Aug 2005
# Site Information: [IA3718] HAWARDEN
# Contact Information: Daryl Herzmann akrherz@iastate.edu 515.294.5978
 THESE ARE THE MONTHLY AVG. MEAN TEMPS 1951-2006 FOR STATION # ia3718
 YEAR   JAN   FEB  MARCH APRIL  MAY  JUNE  JULY AUGUST SEPT   OCT   NOV   DEC   ANN
 1951    17    27    24    44    61    64    72    70    58    50    30    18    45
 1952    16    29    29    50    59    75    74    71    65    47    36    24    48
 1953    19    27    36    44    59    72    74    74    64    56    40    25    49
 1954    16    36    30    52    55    72    77    72    64    50    41    26    49
 1955    22    16    32    58    64    67    80    80    66    54    28    16    49
 1956    14    19    33    45    62    76    74    74    64    58    35    27    48
 1957    12    27    34    48    58    68    79    72    62    49    35    32    48
 1958    25    18    33    48    63    66    70    76    67    54    38    21    48
 1959    14    18    36    50    62    73    74    78    64    47    26    32    48
 1960    18    17    20    49    59    67    74    74    64    52    39    24    46
 1961    18    26    37    45    58    70    73    73    62    54    34    18    47
 1962    15    20    26    48    65    68    72    72    60    54    41    25    47
 1963    10    22    41    52    60    74    77    73    66    62    41    15    50
 1964    26    28    30    50    64    70    78    70    63    52    37    18    49
 1965    15    18    24    50    64    70    74    72    56    55    36    32    47
 1966    10    22    40    44    58    70    78    69    62    52    34    22    47
 1967    20    20    40    50    56    68    72    70    63    50    35    26    48
 1968    20    22    44    50    56    72    74    74    64    53    36    20    49
 1969    11    23    24    50    62    64    74    72    62    44    36    21    45
 1970     9    24    30    48    64    72    75    74    64    49    35    20    47
 1971    12    22    33    50    58    74    71    72    63    54    36    22    47
 1972    14    15    34    47    62    71    72    72    62    48    34    16    45
 1973    20    24    42    48    59    72    74    76    62    55    37    20    49
 1974    16    28    38    50    60    68    78    68    59    54    36    24    48
 1975    18    18    28    44    64    69    76    74    60    54    34    24    47
 1976    19    32    36    54    59    72    76    75    64    46    30    20    48
 1977     8    28    40    56    68    72    78    70    64    50    34    20    49
 1978     6    10    32    48    60    71    74    72    68    51    32    17    45
 1979     2    10    30    46    58    70    74    71    65    50    32    30    45
 1980    20    20    32    50    61    72    77    74    65    48    38    22    48
 1981    24    26    40    56    59    72    74    71    64    50    40    20    49
 1982     6    20    33    47    62    66    76    73    63    52    33    26    46
 1983    22    27    34    42    57    69    79    80    66    51    36     4    47
 1984    18    30    27    46    58    71    74    75    60    51    38    23    48
 1985    15    21    40    54    64    68    73    68    62    50    24    12    46
 1986    25    22    40    50    63    74    77    68    62    50    30    27    49
 1987    26    34    40    54    66    73    76    70    63    46    40    27    51
 1988    12    18    38    49    66    76    76    76    64    46    36    25    49
 1989    28    14    33    50    60    68    76    72    62    52    32    12    47
 1990    29    26    40    49    58    72    72    73    68    50    38    18    49
 1991    15    32    39    52    64    74    74    72    64    48    26    26    49
 1992    28    32    38    46    60    68    67    66    62    50    32    22    48
 1993    16    16    30    45    58    66    71    70    56    48    30    22    44
 1994     8    12    36    46    61    70    68    68    64    52    36    22    45
 1995    16    24    32    42    54    68    72    74    58    48    28    24    45
 1996    12    22    26    42    55    69    70    69    60    49    26    13    43
 1997    10    21    32    42    52    70    74    70    63    51    30    26    45
 1998    20    33    29    47    64    65    73    72    68    52    37    26    49
 1999    16    30    34    48    60    66    75    70    60    49    42    26    48
 2000    18    30    40    48    62    66    73    73    62    53    26     9    47
 2001    19    14    28    48    60    69    74    72    61    50    45    27    47
 2002    25    28    26    47    54    72    78    71    64    42    33    26    47
 2003    17    18    32    49    56    68    72    74    60    51    32    26    46
 2004    15    20    39    49    58    66    70    66    66    50    38    25    47
 2005    15    30    34    51    57    72    74   -99   -99   -99   -99   -99      
 MEAN    17    23    34    48    60    70    74    72    63    51    35    22    47
