# IEM Climodat http://mesonet.agron.iastate.edu/climodat/
# Report Generated: 30 Aug 2005 
# Climate Record: 01 Jan 1951 -> 01 Aug 2005
# Site Information: [IA4038] IDA-GROVE
# Contact Information: Daryl Herzmann akrherz@iastate.edu 515.294.5978
 THESE ARE THE MONTHLY AVG. MIN TEMPS 1951-2006 FOR STATION # ia4038
 YEAR   JAN   FEB  MARCH APRIL  MAY  JUNE  JULY AUGUST SEPT   OCT   NOV   DEC   ANN
 1951     8    16    17    34    50    54    60    58    47    37    19     9    34
 1952     8    24    23    36    46    61    61    57    49    32    22    16    36
 1953    11    17    27    32    49    61    62    60    48    42    29    17    38
 1954     4    26    22    39    43    62    65    61    54    40    29    18    39
 1955    10     8    21    42    48    55    68    63    51    38    17     8    36
 1956     7    10    22    30    49    62    60    61    47    44    26    18    36
 1957     3    19    24    34    46    55    65    60    47    38    26    21    36
 1958    14     5    24    35    47    53    58    60    50    39    24     8    35
 1959     4     8    25    35    51    59    59    65    50    37    18    24    36
 1960     9     9    10    38    47    55    59    62    53    38    26    13    35
 1961     8    17    29    32    44    56    60    60    50    39    24     7    36
 1962     3    13    18    33    53    56    59    58    45    41    29    12    35
 1963    -2     9    27    37    47    60    62    59    53    44    27     2    35
 1964    14    14    16    37    50    56    62    54    48    33    25     8    35
 1965     3     3    11    32    50    58    62    58    47    40    25    22    34
 1966     3    10    27    33    42    57    65    56    48    36    24    12    34
 1967    10     8    25    36    44    58    60    56    47    37    24    17    35
 1968     9    11    27    37    43    58    60    60    50    41    25    12    36
 1969     5    15    16    37    49    52    63    60    50    36    24    12    35
 1970     0    13    19    35    50    58    62    60    52    40    27    13    36
 1971     5    13    23    37    45    62    58    58    51    44    28    17    37
 1972     4     5    25    35    50    57    61    61    51    37    28     9    35
 1973    12    17    33    36    47    59    63    62    52    44    29    12    39
 1974     8    17    27    38    48    56    64    57    46    40    28    17    37
 1975     8    12    18    35    51    58    63    63    47    40    28    18    37
 1976    10    22    26    40    44    57    63    60    49    33    18     7    36
 1977    -3    15    31    43    56    59    64    59    53    39    27    13    38
 1978    -2     3    22    38    48    58    63    60    56    38    25     9    35
 1979    -4     0    22    34    45    57    62    61    52    39    26    20    34
 1980    13    12    23    36    47    58    65    63    53    36    27    15    37
 1981    11    16    25    42    45    59    64    59    50    38    31    13    38
 1982    -1    10    24    33    52    53    64    60    52    40    25    18    36
 1983    15    21    28    33    42    58    65    66    51    40    29    -3    37
 1984    10    22    19    34    45    60    60    60    47    41    25    14    36
 1985     4    10    28    40    51    54    59    58    53    39    18     0    34
 1986    16    12    29    38    50    60    65    56    54    40    19    15    38
 1987    16    21    30    40    54    60    66    59    50    33    32    21    40
 1988     5     9    24    35    53    62    64    63    52    34    26    14    37
 1989    19     3    21    34    45    57    64    60    50    38    19     2    34
 1990    18    14    28    34    44    60    62    61    54    37    27     8    37
 1991     2    19    26    40    53    63    63    61    50    35    18    18    37
 1992    19    23    27    33    48    56    57    56    49    38    26    15    37
 1993     5     9    21    34    47    57    63    61    46    37    20    15    35
 1994    -1     5    25    33    49    61    59    58    53    42    29    16    36
 1995     9    15    25    33    46    59    63    65    48    40    19    17    37
 1996     4    12    16    31    46    60    61    60    50    38    20     8    34
 1997     3    15    24    31    41    60    64    60    53    40    22    20    36
 1998    15    26    22    39    53    57    65    63    56    43    31    17    41
 1999     8    23    25    39    50    58    66    60    49    36    31    17    38
 2000    10    21    30    35    51    56    64    63    50    43    21     0    37
 2001    11     5    20    38    50    59    66    63    51    38    37    20    38
 2002    16    17    17    37    44    62    66    61    54    34    23    17    37
 2003     8     9    23    39    48    57    63    63    48    39    24    19    37
 2004     5    13    29    36    49    56    61    56    56    41    29    15    37
 2005     9    20    24    40    47    62    65   -99   -99   -99   -99   -99      
 MEAN     8    13    23    36    48    58    62    60    50    39    25    13    36
