# IEM Climodat http://mesonet.agron.iastate.edu/climodat/
# Report Generated: 30 Aug 2005 
# Climate Record: 01 Jan 1951 -> 01 Aug 2005
# Site Information: [IA4063] INDIANOLA-2-SSW
# Contact Information: Daryl Herzmann akrherz@iastate.edu 515.294.5978
# DAILY MAXIMUM PRECIPITATION FOR STATION NUMBER ia4063 
#    JAN   FEB   MAR   APR   MAY   JUN   JUL   AUG   SEP   OCT   NOV   DEC
  1  0.54  1.71  1.06  0.75  1.35  2.37  1.13  0.97  1.19  0.42  2.26  0.90
  2  0.72  0.46  1.27  0.70  1.05  1.59  2.25  1.05  0.63  2.50  1.16  0.23
  3  2.00  0.24  0.57  1.24  0.59  0.74  2.43  0.86  2.44  1.23  1.80  0.88
  4  0.70  0.51  1.56  0.77  1.12  1.47  2.35  2.03  1.07  0.81  2.22  1.42
  5  0.95  0.70  0.40  2.15  2.40  1.50  1.60  2.51  1.31  1.81  0.74  1.10
  6  0.26  0.21  1.16  1.25  2.56  0.93  4.16  3.00  1.02  1.27  0.54  0.37
  7  0.10  0.31  0.30  0.65  2.63  1.23  1.35  1.10  1.40  1.13  0.70  1.10
  8  0.19  0.45  1.26  0.92  3.04  1.17  0.33  2.35  2.82  1.06  0.47  0.27
  9  0.27  1.36  0.84  2.12  1.55  3.13  1.49  0.87  2.10  1.88  0.52  0.67
 10  0.50  1.00  0.78  0.78  2.64  2.70  1.92  1.35  1.86  1.50  1.12  0.61
 11  0.14  0.33  1.02  1.92  1.47  1.65  1.52  2.24  1.87  3.95  1.17  0.40
 12  2.39  0.30  0.54  2.35  1.64  2.12  1.59  3.11  3.40  1.10  1.82  0.70
 13  0.81  0.96  1.37  0.80  1.07  2.29  2.83  2.22  1.52  1.85  1.09  0.25
 14  0.35  0.21  0.27  1.50  2.24  2.46  0.67  1.87  3.38  0.97  0.37  0.68
 15  0.26  0.82  0.95  1.10  1.40  2.05  2.82  1.30  2.71  1.23  0.28  0.47
 16  0.50  0.55  0.74  1.59  1.37  2.25  1.23  2.12  0.49  0.47  1.30  0.21
 17  0.25  0.66  0.90  1.59  0.95  4.13  1.58  2.50  1.23  0.80  4.21  0.32
 18  0.63  1.45  0.78  1.78  0.68  2.51  1.77  1.45  1.96  0.76  0.80  0.39
 19  0.42  0.52  1.31  2.14  1.69  1.14  2.50  1.74  1.52  1.18  0.53  0.64
 20  0.55  0.96  1.02  1.53  1.89  0.77  1.23  1.01  3.31  0.88  1.20  0.49
 21  0.85  1.37  0.44  1.29  1.47  2.25  1.82  0.60  2.43  1.05  0.87  0.64
 22  0.51  0.61  0.72  1.76  1.15  1.64  0.75  1.66  0.96  2.77  1.08  0.81
 23  0.35  0.63  1.31  2.12  1.65  1.70  0.59  1.50  1.55  1.44  1.22  0.79
 24  0.53  0.45  0.88  1.70  2.74  1.43  1.05  1.06  2.45  1.57  0.63  1.73
 25  0.27  1.85  1.36  1.40  2.28  0.89  0.96  1.45  2.21  0.62  0.78  0.44
 26  0.46  0.28  1.30  0.97  1.23  4.31  1.47  8.90  2.05  0.73  0.73  0.27
 27  0.54  0.41  1.14  1.30  2.44  2.70  0.97  1.27  1.24  0.50  0.77  0.79
 28  0.12  0.87  1.50  2.29  1.10  1.88  1.58  2.12  0.60  0.66  0.84  1.03
 29  0.98  0.10  1.43  1.65  1.85  1.69  1.80  1.45  2.20  1.03  1.78  0.33
 30  0.67  ****  1.44  1.32  0.92  5.42  1.10  1.25  1.40  1.00  0.66  1.20
 31  0.39  ****  1.98  ****  1.78  ****  1.73  1.17  ****  2.00  ****  0.36
