# IEM Climodat http://mesonet.agron.iastate.edu/climodat/
# Report Generated: 30 Aug 2005 
# Climate Record: 01 Jan 1951 -> 01 Aug 2005
# Site Information: [IA4038] IDA-GROVE
# Contact Information: Daryl Herzmann akrherz@iastate.edu 515.294.5978
 THESE ARE THE MONTHLY AVG. MAX TEMPS 1951-2006 FOR STATION # ia4038
 YEAR   JAN   FEB  MARCH APRIL  MAY  JUNE  JULY AUGUST SEPT   OCT   NOV   DEC   ANN
 1951    29    35    35    53    74    76    84    82    72    64    42    29    56
 1952    29    40    40    63    72    88    88    83    82    63    51    34    61
 1953    32    36    48    55    73    88    90    87    83    74    55    41    64
 1954    30    51    42    67    70    85    93    84    79    60    54    37    63
 1955    31    31    44    72    78    79    91    92    81    67    40    28    61
 1956    26    32    46    60    73    89    87    86    79    72    46    38    61
 1957    25    39    46    60    69    79    89    84    72    58    43    41    59
 1958    31    27    40    61    76    78    80    85    78    69    52    33    59
 1959    26    30    45    62    72    82    84    88    74    58    38    41    58
 1960    26    26    29    62    72    78    85    84    76    66    51    34    57
 1961    31    38    44    55    68    79    85    84    73    66    45    27    58
 1962    24    29    35    60    76    79    82    83    72    65    50    35    58
 1963    19    32    49    64    71    84    87    82    75    74    53    24    60
 1964    37    39    41    60    76    80    88    80    72    64    50    30    60
 1965    27    29    30    59    76    81    85    84    66    66    47    40    58
 1966    21    33    52    54    72    81    87    80    73    66    47    33    58
 1967    31    33    53    63    68    78    83    82    75    62    46    36    59
 1968    29    32    57    64    70    85    84    84    74    64    43    29    60
 1969    23    32    34    63    73    77    85    84    76    58    48    30    57
 1970    20    38    39    63    77    84    87    85    76    60    44    34    59
 1971    23    31    42    64    70    86    83    84    78    67    47    33    59
 1972    25    29    46    59    73    82    82    81    74    59    41    26    56
 1973    30    33    49    60    71    84    84    87    73    68    46    29    60
 1974    28    38    50    64    71    80    91    80    73    66    46    35    60
 1975    29    28    37    55    77    80    88    87    72    71    49    34    59
 1976    33    46    47    67    72    85    90    89    78    59    43    33    62
 1977    21    42    53    69    80    85    89    81    76    62    45    29    61
 1978    18    22    44    60    74    85    87    85    82    65    44    27    58
 1979    15    22    40    57    73    84    85    84    80    65    44    42    58
 1980    31    30    44    66    76    85    93    87    81    63    53    36    62
 1981    38    41    55    71    73    88    86    82    81    61    51    31    63
 1982    18    30    44    59    71    78    87    79    72    64    43    34    57
 1983    28    32    43    50    66    79    89    89    80    64    45    14    57
 1984    29    41    38    57    70    83    86    87    76    63    49    35    60
 1985    28    33    55    68    79    82    87    81    72    63    36    23    59
 1986    37    30    55    64    73    85    87    81    76    64    43    34    61
 1987    36    45    53    68    80    88    87    80    76    60    50    35    63
 1988    28    33    55    64    80    88    86    87    76    60    47    33    61
 1989    36    23    42    64    73    79    87    82    73    65    45    22    58
 1990    39    37    47    61    67    81    82    82    78    63    50    27    60
 1991    21    39    48    61    72    82    84    83    74    61    32    33    58
 1992    35    39    49    54    74    79    77    76    72    63    37    31    57
 1993    23    23    37    55    68    76    80    81    68    59    41    31    54
 1994    19    24    49    61    74    81    80    80    76    64    47    32    57
 1995    25    36    43    53    65    79    85    86    72    61    39    32    56
 1996    23    33    39    56    65    81    80    80    70    64    35    23    54
 1997    20    32    46    54    65    84    84    80    76    64    39    33    56
 1998    28    40    36    59    76    76    83    81    81    64    48    38    59
 1999    24    39    46    57    70    77    86    80    74    64    57    36    59
 2000    30    41    53    62    75    79    82    84    79    65    36    17    59
 2001    27    23    36    63    70    79    85    83    71    62    59    38    58
 2002    36    37    36    60    68    84    87    81    76    54    44    38    58
 2003    27    30    45    62    68    78    84    85    73    67    43    34    58
 2004    26    27    49    64    71    77    81    78    80    63    49    36    58
 2005    25    39    47    65    70    82    86   -99   -99   -99   -99   -99      
 MEAN    27    34    44    61    72    82    86    83    76    64    46    32    58
