# IEM Climodat http://mesonet.agron.iastate.edu/climodat/
# Report Generated: 30 Aug 2005 
# Climate Record: 01 Jan 1951 -> 01 Aug 2005
# Site Information: [IA4049] INDEPENDENCE-2-W
# Contact Information: Daryl Herzmann akrherz@iastate.edu 515.294.5978
 THESE ARE THE MONTHLY AVG. MIN TEMPS 1951-2006 FOR STATION # ia4049
 YEAR   JAN   FEB  MARCH APRIL  MAY  JUNE  JULY AUGUST SEPT   OCT   NOV   DEC   ANN
 1951     4    11    16    33    49    53    61    58    47    41    20    11    34
 1952    10    24    23    38    48    61    63    59    50    31    26    20    38
 1953    14    17    26    33    48    59    62    60    49    43    28    17    38
 1954     7    25    21    38    43    61    61    58    53    40    31    19    38
 1955    13    13    23    43    50    55    67    64    51    40    20    10    37
 1956     9    12    22    33    48    60    59    59    46    43    27    19    36
 1957     4    22    25    39    48    58    64    60    49    38    28    21    38
 1958    15     6    25    36    46    53    57    60    52    41    28    10    36
 1959     3     7    23    36    52    57    59    66    54    39    18    25    37
 1960    12    13    11    39    47    55    59    61    53    39    29    12    36
 1961     7    21    28    32    43    56    59    59    51    40    27    10    36
 1962     2    12    19    34    53    56    58    56    46    41    26    12    35
 1963    -3     5    26    37    46    59    61    58    51    49    32     4    35
 1964    16    16    21    38    53    57    63    55    50    35    28    12    37
 1965     6     6    15    36    51    56    59    57    49    38    27    22    35
 1966    -2    10    27    34    41    57    62    56    47    34    26    14    34
 1967    10     4    25    37    42    58    56    53    46    36    25    18    34
 1968     8    10    27    38    44    58    61    59    49    40    28    12    36
 1969     5    15    19    38    48    53    63    58    50    37    25    11    35
 1970    -2     8    22    37    51    59    61    55    51    41    28    11    35
 1971     0     9    21    35    43    62    58    55    52    45    27    18    35
 1972     1     4    22    34    50    54    60    60    50    35    26     6    34
 1973    10    16    33    35    45    59    62    60    52    44    28    12    38
 1974     7    12    24    38    46    54    62    55    41    34    25    14    34
 1975     6     7     9    31    50    57    60    58    43    33    27    14    33
 1976     0    16    23    35    42    55    57    53    44    30    15    -1    31
 1977   -10    11    30    40    53    55    61    55    51    35    23     7    34
 1978    -5    -4    17    35    47    55    59    53    53    35    24     8    31
 1979    -7    -3    21    33    45    55    57    54    44    38    24    16    31
 1980    11     6    19    35    47    56    59    59    50    33    26    15    35
 1981    10    15    26    41    45    57    61    56    47    35    30    12    36
 1982    -4    11    24    32    54    53    61    57    49    42    26    22    36
 1983    16    21    29    34    45    58    64    61    49    41    30     1    37
 1984     7    22    19    36    44    58    57    59    47    41    25    15    36
 1985     1     8    28    39    49    53    55    51    48    40    22    -2    33
 1986    10    11    29    39    50    58    63    54    55    42    21    19    38
 1987    14    23    30    40    52    61    65    60    51    35    33    21    40
 1988     5     9    26    35    50    59    63    63    52    33    28    15    36
 1989    20     4    24    36    47    56    63    60    49    40    24     4    36
 1990    20    19    30    37    46    60    63    62    55    39    32    11    40
 1991     3    17    28    41    54    63    62    61    51    39    21    18    38
 1992    16    24    27    37    48    56    59    55    50    39    27    16    38
 1993    10    12    23    36    50    57    63    62    48    39    26    19    37
 1994     0     7    27    37    48    60    60    58    54    45    31    20    37
 1995    12    15    28    35    47    61    63    66    48    39    20    15    37
 1996     6    14    19    34    47    60    59    59    51    41    22    14    36
 1997     7    18    27    35    44    60    64    60    55    41    26    22    38
 1998    19    30    28    41    55    59    63    65    57    44    33    21    43
 1999     8    25    26    41    53    60    67    60    50    40    32    18    40
 2000    12    24    32    38    52    58    63    63    54    45    27     3    39
 2001    14    10    24    43    52    59    65    64    50    37    35    21    40
 2002    18    18    19    35    42    59    64    58    51    36    23    17    37
 2003     6     5    21    35    43    54    59    58    45    35    25    18    34
 2004     7    12    30    34    47    56    58    53    51    38    29    15    36
 2005     9    21    23    39    44    61    62   -99   -99   -99   -99   -99      
 MEAN     7    13    24    37    48    57    61    58    50    39    26    14    36
