# IEM Climodat http://mesonet.agron.iastate.edu/climodat/
# Report Generated: 30 Aug 2005 
# Climate Record: 01 Jan 1951 -> 01 Aug 2005
# Site Information: [IA4049] INDEPENDENCE-2-W
# Contact Information: Daryl Herzmann akrherz@iastate.edu 515.294.5978
# DAILY MAXIMUM PRECIPITATION FOR STATION NUMBER ia4049 
#    JAN   FEB   MAR   APR   MAY   JUN   JUL   AUG   SEP   OCT   NOV   DEC
  1  0.40  0.41  0.55  0.93  1.85  1.65  0.71  1.68  1.63  0.73  2.30  0.95
  2  0.45  0.65  0.90  0.76  0.96  2.75  1.28  2.49  0.85  1.11  1.91  0.40
  3  0.82  0.37  1.38  0.77  1.52  1.75  2.45  1.67  0.81  0.84  0.76  0.54
  4  0.63  0.55  1.40  1.19  0.54  0.34  1.05  1.78  1.40  1.24  1.90  0.29
  5  0.34  0.94  0.36  0.50  2.74  1.67  1.49  3.85  1.34  1.67  0.57  0.65
  6  0.97  0.48  1.10  1.65  1.72  0.57  0.88  2.02  1.13  1.93  0.24  0.47
  7  0.25  0.57  0.44  0.30  1.05  3.40  1.98  2.20  1.47  0.98  1.06  1.02
  8  0.28  0.50  0.75  0.52  1.22  1.87  1.57  2.44  3.42  1.17  0.25  0.34
  9  0.26  1.25  0.47  1.73  1.60  1.77  3.23  0.95  1.48  1.65  0.33  0.67
 10  0.34  0.78  0.72  0.56  2.32  1.61  3.73  2.31  0.94  1.08  0.95  0.31
 11  0.25  0.37  0.84  1.31  1.02  0.84  3.18  3.14  1.26  0.75  0.51  0.90
 12  0.90  0.71  0.55  0.87  0.94  2.00  1.69  1.07  1.97  1.50  2.00  0.53
 13  1.25  0.25  0.56  2.82  1.69  2.30  1.44  3.70  2.95  2.43  1.57  0.23
 14  0.69  0.15  0.82  0.95  1.47  1.20  3.05  1.45  1.12  1.56  0.55  0.50
 15  0.50  0.81  0.42  2.04  0.56  4.82  1.90  0.73  1.76  0.64  0.76  1.13
 16  0.83  0.38  0.81  1.55  1.43  0.83  1.10  1.95  0.61  0.80  1.32  0.44
 17  0.46  0.21  0.36  2.24  1.42  1.80  4.64  1.08  0.72  0.74  1.94  0.28
 18  0.47  0.64  1.27  1.37  0.60  1.85  2.31  1.59  2.90  1.60  0.90  0.48
 19  0.56  0.94  0.62  0.85  1.60  1.53  3.35  1.35  2.85  0.84  0.95  0.89
 20  0.63  0.54  0.75  1.37  0.66  1.34  1.03  2.00  1.25  0.35  1.04  0.77
 21  0.25  0.61  2.00  1.90  0.73  1.95  3.77  4.35  0.70  1.48  1.32  1.10
 22  0.23  1.13  0.85  1.08  2.32  3.30  0.65  1.42  0.90  1.10  1.05  0.46
 23  0.32  0.80  1.17  3.06  1.01  1.38  1.57  1.45  1.12  1.64  1.80  1.04
 24  0.32  0.46  0.53  0.86  1.60  3.26  1.17  1.40  2.33  0.85  0.65  0.48
 25  1.34  1.02  0.67  0.96  0.95  2.05  2.96  3.74  1.60  0.80  0.64  0.47
 26  0.12  0.32  1.00  0.65  1.80  2.48  1.20  1.57  1.77  0.70  0.77  0.38
 27  0.80  0.90  1.15  1.34  1.10  1.06  1.10  1.24  0.92  0.47  0.51  0.51
 28  0.12  0.48  0.60  1.19  1.74  2.46  2.14  2.20  0.56  0.60  0.80  0.80
 29  0.36  0.00  0.76  0.85  3.67  1.75  1.72  3.31  1.14  1.57  0.71  0.42
 30  0.91  ****  0.66  2.77  1.68  2.00  1.95  4.05  2.44  1.00  1.30  0.33
 31  0.08  ****  3.53  ****  0.90  ****  1.74  4.67  ****  0.66  ****  0.18
