# IEM Climodat http://mesonet.agron.iastate.edu/climodat/
# Report Generated: 30 Aug 2005 
# Climate Record: 01 Jan 1951 -> 01 Aug 2005
# Site Information: [IA4142] IOWA-FALLS
# Contact Information: Daryl Herzmann akrherz@iastate.edu 515.294.5978
 THESE ARE THE MONTHLY AVG. MAX TEMPS 1951-2006 FOR STATION # ia4142
 YEAR   JAN   FEB  MARCH APRIL  MAY  JUNE  JULY AUGUST SEPT   OCT   NOV   DEC   ANN
 1951    25    31    33    52    74    73    81    79    71    61    40    27    54
 1952    29    37    39    62    69    84    84    80    79    62    49    31    59
 1953    29    33    45    52    71    83    83    84    79    72    53    37    60
 1954    29    47    40    64    67    82    87    82    77    61    50    33    60
 1955    27    29    44    68    76    79    90    90    79    64    40    28    60
 1956    27    32    42    59    73    88    84    83    77    71    45    35    60
 1957    23    37    45    61    69    80    88    84    73    59    43    37    58
 1958    30    27    42    61    77    76    80    84    75    69    51    29    58
 1959    24    29    43    61    73    84    84    86    74    57    38    39    58
 1960    28    29    30    62    71    79    86    85    75    65    50    32    58
 1961    29    36    42    53    70    82    84    84    72    68    45    28    58
 1962    23    27    36    58    77    81    80    83    71    64    49    33    57
 1963    17    28    48    62    70    84    83    80    76    75    52    23    58
 1964    36    39    41    59    77    82    87    79    73    63    50    29    60
 1965    26    28    30    55    75    79    83    80    68    64    48    39    56
 1966    20    32    50    53    69    81    87    81    74    65    47    32    58
 1967    31    30    50    61    68    78    82    79    73    61    43    35    58
 1968    28    31    55    63    68    82    82    82    74    65    43    29    58
 1969    21    30    35    62    72    75    83    84    76    59    48    31    56
 1970    20    34    39    62    75    82    85    81    73    61    44    33    57
 1971    22    28    39    64    70    88    80    82    79    68    45    32    58
 1972    23    26    43    58    73    80    82    82    74    58    40    24    55
 1973    28    33    50    58    68    83    83    83    71    69    46    27    58
 1974    25    33    45    63    68    79    89    78    72    64    45    32    58
 1975    28    28    34    52    76    80    86    84    71    70    50    34    58
 1976    31    43    46    66    71    82    86    83    77    58    41    30    60
 1977    17    40    53    69    81    84    89    78    75    60    44    27    60
 1978    18    23    42    59    73    83    84    85    81    62    43    27    57
 1979    13    21    39    54    73    82    81    82    79    63    42    38    56
 1980    27    28    41    63    76    83    91    84    79    60    50    33    60
 1981    34    38    53    66    72    83    85    82    76    59    48    29    60
 1982    16    30    42    56    73    78    86    83    73    64    43    36    57
 1983    31    36    43    53    68    82    89    90    78    61    44    15    58
 1984    25    40    35    56    69    82    84    86    75    62    47    34    58
 1985    24    28    48    65    78    80    86    81    74    62    36    20    57
 1986    30    26    49    64    72    82    86    78    75    62    40    31    58
 1987    32    45    50    68    80    86    89    82    76    60    49    34    63
 1988    23    27    50    63    82    88    91    91    79    59    47    34    61
 1989    36    24    42    60    74    82    88    84    74    66    43    23    58
 1990    40    38    50    61    69    82    82    83    79    64    52    28    61
 1991    22    37    49    62    73    86    86    82    73    63    36    33    58
 1992    34    36    47    57    75    82    78    77    72    63    37    29    57
 1993    24    24    35    53    68    76    79    79    66    60    42    32    53
 1994    17    23    46    60    72    81    80    79    75    64    48    32    56
 1995    23    31    44    53    67    80    84    85    71    61    37    30    56
 1996    23    30    39    56    64    78    81    79    71    63    34    24    54
 1997    22    30    44    55    64    83    83    79    75    63    38    32    56
 1998    28    39    38    59    76    75    84    82    81    62    48    38    59
 1999    22    39    45    57    69    78    86    79    75    64    56    35    59
 2000    29    39    53    59    74    78    81    81    77    65    40    16    58
 2001    27    24    35    62    70    78    85    82    71    60    59    38    58
 2002    38    37    38    58    68    82    86    80    76    55    43    38    58
 2003    27    30    43    61    68    78    82    85    74    65    43    34    58
 2004    25    29    48    63    70    77    80    76    78    61    48    34    57
 2005    23    37    44    64    67    82    84   -99   -99   -99   -99   -99      
 MEAN    26    32    43    60    72    81    84    82    75    63    45    31    57
