# IEM Climodat http://mesonet.agron.iastate.edu/climodat/
# Report Generated: 30 Aug 2005 
# Climate Record: 01 Jan 1951 -> 01 Aug 2005
# Site Information: [IA4389] KEOSAUQUA
# Contact Information: Daryl Herzmann akrherz@iastate.edu 515.294.5978
 THESE ARE THE MONTHLY PRECIP TOTALS 1951-2006 FOR STATION # ia4389
 YEAR   JAN   FEB  MARCH APRIL  MAY  JUNE  JULY AUGUST SEPT   OCT   NOV   DEC   ANN
 1951  1.13  2.73  4.36  2.85  5.78  7.57  4.39  8.31  1.07  4.26  1.38  0.95 44.78
 1952  0.75  0.87  3.49  3.51  3.90  6.84  3.13  7.17  2.25  0.08  2.33  2.16 36.48
 1953  1.22  2.61  4.82  1.93  1.73  4.64  1.70  0.84  1.26  1.43  0.45  2.24 24.87
 1954  0.19  1.33  2.87  7.55  2.63  4.84  2.11  5.38  1.38  7.62  0.42  2.02 38.34
 1955  2.79  1.28  0.78  2.53  4.16  3.75  1.43  2.20  2.88  2.73  0.52  0.14 25.19
 1956  0.49  1.33  0.37  1.72  1.15  3.32  4.05  6.30  0.99  0.76  1.13  1.31 22.92
 1957  1.24  0.63  2.32  4.54  4.32  4.08  4.90  2.06  3.06  4.31  3.08  3.27 37.81
 1958  1.30  0.44  0.33  2.59  3.57  6.47  8.80  3.86  3.79  1.50  2.97  0.47 36.09
 1959  1.20  1.46  3.32  3.87  6.34  2.48  3.00  8.81  9.43  5.19  0.51  2.33 47.94
 1960  2.78  1.87  1.80  4.96  5.92  6.96  2.78  2.83  1.25  3.30  0.41  0.40 35.26
 1961  0.42  1.87  4.43  1.96  1.79  0.56  6.41  1.16 13.41  4.12  3.95  1.53 41.61
 1962  2.14  1.75  1.95  1.53  6.03  2.38  5.14  2.44  3.35  5.18  1.11  0.58 33.58
 1963  0.97  0.48  4.12  1.81  2.16  0.24  6.28  4.21  2.17  1.28  2.23  0.44 26.39
 1964  0.83  0.53  1.97  5.90  1.20  5.04  3.40  1.67  4.42  0.03  1.76  0.95 27.70
 1965  3.86  0.80  3.09  5.97  2.36  1.97  4.29  6.71  8.15  0.64  1.80  2.68 42.32
 1966  1.14  0.46  1.26  4.27  4.37  4.16  1.96  0.94  4.27  2.84  0.55  1.66 27.88
 1967  2.30  0.61  2.12  5.75  3.01  4.49  8.31  1.30  2.65  8.62  1.43  1.54 42.13
 1968  0.42  0.61  2.17  4.05  3.71  3.05  4.44  1.82  6.05  1.55  3.15  2.16 33.18
 1969  3.05  1.10  1.18  3.13  3.36  5.32  6.64  2.47  2.60  5.77  0.07  1.64 36.33
 1970  0.34  0.21  2.06  3.13  4.54  2.81  2.22 12.59  8.95  3.66  1.29  2.55 44.35
 1971  1.65  1.27  0.82  0.74  2.49  2.36  3.26  0.88  4.20  3.58  2.36  4.52 28.13
 1972  0.76  0.90  2.67  4.24  3.29  3.92  4.72  2.16  3.39  2.37  2.49  1.81 32.72
 1973  2.30  1.33  5.76 12.44  8.55  2.65  7.74  3.62 11.66  3.04  1.23  2.55 62.87
 1974  3.09  0.92  2.79  1.75  8.29  4.76  5.39  4.83  1.73  2.64  2.53  1.91 40.63
 1975  1.33  2.40  1.75  3.55  4.62  3.92  0.54  6.07  2.53  0.71  2.72  1.61 31.75
 1976  0.79  1.09  3.31  5.57  3.59  4.54  4.68  2.05  2.71  3.24  0.30  0.20 32.07
 1977  1.24  0.41  3.97  0.00  0.00  0.00  1.20  8.96  4.93  4.69  3.02  1.67 30.09
 1978  0.71  1.28  1.63  4.20  5.25  4.93  6.93  5.19  7.27  1.40  3.60  1.57 43.96
 1979  2.88  0.75  4.92  3.58  2.35  3.23  2.70  3.64  0.17  3.66  2.43  1.23 31.54
 1980  1.24  0.91  2.34  1.77  1.37 11.10  4.32  9.75  4.68  2.31  1.23  3.61 44.63
 1981  0.06  2.17  0.42  5.33  5.00  7.40  6.89  2.41  4.90  3.74  3.51  1.40 43.23
 1982  1.77  0.70  4.40  3.26  4.30  3.73 11.00  4.08  2.65  2.57  3.19  4.29 45.94
 1983  0.59  2.01  2.72  4.76  3.28  2.74  1.10  3.42  3.17  2.81  7.12  2.76 36.48
 1984  0.36  0.87  1.89  3.96  5.21  4.01  7.92  1.08  2.05  7.32  3.59  2.51 40.77
 1985  1.57  1.94  4.83  0.82  5.82  4.97  7.39  1.69  3.60  7.52  5.81  2.08 48.04
 1986  0.11  1.23  1.66  3.15 10.23  3.89  6.94  3.00 12.28  4.15  0.72  1.33 48.69
 1987  0.71  0.41  3.88  2.05  2.54  3.11  2.30  4.91  3.25  0.49  4.01  3.18 30.84
 1988  1.50  0.89  2.20  1.61  2.15  4.36  1.77  5.33  1.36  0.93  2.45  1.19 25.74
 1989  0.83  1.02  0.64  4.07  2.29  4.48  4.87  4.66  4.06  2.22  0.02  0.92 30.08
 1990  1.26  2.18  5.03  2.29  5.49  8.93  8.14  1.58  0.93  1.54  3.05  2.43 42.85
 1991  1.28  0.44  3.86  3.30  4.29  2.94  1.94  1.42  0.93  4.86  6.62  1.72 33.60
 1992  0.76  1.65  2.60  2.73  1.54  0.83  9.90  2.09  5.49  0.52  6.96  3.06 38.13
 1993  1.74  1.63  3.52  2.86  5.38  8.00 13.38  7.30  6.14  1.12  1.57  0.62 53.26
 1994  0.90  2.34  0.65  3.83  3.31  4.01  1.66  2.25  3.32  1.86  4.63  2.12 30.88
 1995  2.01  1.04  1.34  6.73 10.87  3.30  5.67  3.62  4.82  1.85  2.79  0.58 44.62
 1996  2.21  0.71  1.69  1.82 12.90  3.38  3.77  4.19  2.42  1.95  1.12  0.36 36.52
 1997  1.38  4.12  1.41  3.82  6.52  3.76  6.07  4.09  1.79  3.93  2.06  2.17 41.12
 1998  2.64  2.77  4.84  5.37  3.75  6.26  2.44  2.17  4.73  6.58  4.02  1.35 46.92
 1999  2.69  1.47  1.18  4.67  4.93  4.80  1.32  2.47  4.15  0.65  0.40  1.82 30.55
 2000  1.29  1.93  1.45  1.97  2.49  6.36  4.11  1.74  4.14  1.38  1.72  2.09 30.67
 2001  2.84  5.38  3.27  2.64 10.66  6.33  1.85  4.01  3.38  3.12  0.61  1.31 45.40
 2002  1.44  1.01  2.24  4.35  6.28  5.69  1.21  2.37  0.65  3.68  0.24  0.88 30.04
 2003  0.46  1.31  1.08  3.96  4.24  6.10  7.00  2.22  5.78  1.35  2.21  3.09 38.80
 2004  1.30  0.86  3.41  1.85  4.53  2.26  2.80  7.83  1.08  4.82  2.42  1.10 34.26
 2005  2.52  1.75  0.79  2.70  2.18  5.05  2.71 -9.99 -9.99 -9.99 -9.99 -9.99      
 MEAN  1.43  1.38  2.54  3.55  4.40  4.35  4.56  3.89  3.96  3.03  2.28  1.78 36.56
 PRECIPITATION MEANS AND TOTALS ARE BASED ON DATA AVAILABLE
 NO ATTEMPT WAS MADE TO ESTIMATE MISSING PRECIPITATION DATA
 *****************************************************************************************
 *****************************************************************************************
