# IEM Climodat http://mesonet.agron.iastate.edu/climodat/
# Report Generated: 30 Aug 2005 
# Climate Record: 01 Jan 1951 -> 01 Aug 2005
# Site Information: [IA4389] KEOSAUQUA
# Contact Information: Daryl Herzmann akrherz@iastate.edu 515.294.5978
 THESE ARE THE MONTHLY AVG. MEAN TEMPS 1951-2006 FOR STATION # ia4389
 YEAR   JAN   FEB  MARCH APRIL  MAY  JUNE  JULY AUGUST SEPT   OCT   NOV   DEC   ANN
 1951    25    30    34    48    64    68    74    74    64    56    36    26    50
 1952    28    36    36    52    62    77    77    72    66    50    43    32    53
 1953    28    34    40    48    62    76    78    76    68    60    44    34    54
 1954    26    40    38    56    58    75    80    75    69    56    44    32    54
 1955    25    28    39    59    64    68    81    78    69    56    36    27    53
 1956    24    29    40    50    67    76    76    76    66    62    42    32    53
 1957    20    34    39    52    62    71    80    76    64    52    40    36    52
 1958    26    20    37    53    63    68    72    75    66    57    45    26    51
 1959    18    28    40    52    66    74    74    78    67    52    35    36    52
 1960    26    24    26    54    61    70    74    76    70    56    44    28    51
 1961    24    32    42    48    59    71    75    75    66    57    42    25    51
 1962    18    28    34    51    70    72    74    74    64    58    42    27    51
 1963    14    24    44    56    62    76    77    74    68    66    45    18    52
 1964    32    30    38    54    68    72    78    73    66    53    46    27    53
 1965    24    27    28    53    68    72    74    74    66    56    44    38    52
 1966    20    29    44    50    60    71    79    72    64    54    44    28    51
 1967    29    26    43    56    58    72    73    70    64    54    40    32    51
 1968    24    26    46    54    60    74    76    76    66    56    40    28    52
 1969    21    30    34    56    64    68    78    74    66    54    41    27    51
 1970    17    31    36    54    66    72    77    74    68    56    40    32    52
 1971    18    27    37    54    60    77    74    74    70    62    43    34    52
 1972    23    26    40    51    63    70    75    74    68    52    38    24    50
 1973    27    31    47    50    60    72    76    75    67    60    44    26    53
 1974    24    32    42    54    62    68    78    71    61    56    41    30    52
 1975    28    26    34    50    64    72    76    76    62    57    46    32    52
 1976    24    38    43    56    59    70    77    72    64    48    34    23    51
 1977    10    30    46    60    68    72    80    73    66    52    40    25    52
 1978    14    16    34    53    62    72    75    72    70    53    42    26    49
 1979    10    16    39    48    63    71    74    74    67    56    39    32    49
 1980    26    23    36    51    64    70    80    78    67    50    42    30    51
 1981    28    32    42    59    58    72    75    72    66    53    42    26    52
 1982    14    24    38    48    66    66    76    72    65    56    41    34    50
 1983    28    34    41    46    59    72    80    80    66    54    42    12    51
 1984    22    36    32    49    58    74    74    74    64    55    41    32    51
 1985    16    24    44    56    64    68    73    69    67    54    36    18    49
 1986    29    26    46    56    64    74    78    68    68    54    34    30    52
 1987    26    36    44    54    67    74    77    73    66    50    45    33    54
 1988    24    26    42    54    68    76    80    81    70    50    43    32    54
 1989    36    20    41    54    62    71    78    75    64    56    42    18    52
 1990    36    36    46    53    60    73    76    76    70    55    47    27    55
 1991    21    34    46    56    68    76    78    76    68    56    35    34    54
 1992    34    38    44    52    62    70    74    68    64    54    38    30    52
 1993    26    24    37    50    64    71    76    76    62    54    40    31    51
 1994    18    26    42    54    62    74    75    74    66    56    44    35    52
 1995    22    30    43    51    60    72    76    80    63    54    36    28    51
 1996    22    29    35    52    62    72    74    74    64    56    34    28    50
 1997    20    32    44    48    58    72    76    73    68    56    38    30    51
 1998    30    40    39    53    68    71    76    77    72    56    46    34    55
 1999    22    38    40    56    64    73    82    74    66    56    49    32    54
 2000    28    39    47    54    68    72    76    78    70    59    37    16    54
 2001    26    27    36    60    64    71    79    76    65    54    52    36    54
 2002    34    36    39    54    60    75    80    76    70    52    39    33    54
 2003    24    26    40    56    62    70    77    78    64    56    42    34    52
 2004    24    28    46    56    66    70    74    70    68    56    46    32    53
 2005    26    36    40    58    62    76    78   -99   -99   -99   -99   -99      
 MEAN    24    30    40    53    63    72    77    74    66    55    41    29    51
