# IEM Climodat http://mesonet.agron.iastate.edu/climodat/
# Report Generated: 30 Aug 2005 
# Climate Record: 01 Jan 1951 -> 01 Aug 2005
# Site Information: [IA4502] KNOXVILLE
# Contact Information: Daryl Herzmann akrherz@iastate.edu 515.294.5978
# DAILY MAXIMUM PRECIPITATION FOR STATION NUMBER ia4502 
#    JAN   FEB   MAR   APR   MAY   JUN   JUL   AUG   SEP   OCT   NOV   DEC
  1  0.46  1.19  0.84  0.83  1.43  1.13  1.31  0.98  0.86  0.57  3.35  1.10
  2  0.80  1.10  1.54  1.36  1.49  2.11  4.39  0.52  1.15  2.01  1.62  0.25
  3  1.05  0.22  1.03  1.40  0.72  1.30  3.70  1.23  2.41  1.40  2.32  0.36
  4  0.64  0.54  1.66  1.66  1.07  1.38  2.83  2.91  1.59  1.23  1.60  1.46
  5  0.95  0.66  0.40  2.52  1.43  1.17  3.32  1.50  2.02  2.59  0.48  1.45
  6  0.35  0.30  1.47  1.18  2.58  1.11  1.80  2.58  1.10  0.93  0.47  0.30
  7  0.08  0.19  0.26  0.44  2.13  1.27  1.55  1.03  1.48  1.30  0.86  1.37
  8  0.31  0.22  0.72  1.10  2.87  1.54  1.68  2.50  1.62  0.82  0.36  0.37
  9  0.28  1.45  0.95  3.00  1.25  2.70  1.59  2.61  2.79  2.21  1.27  0.40
 10  0.32  0.53  0.62  2.10  3.14  2.50  0.92  1.75  3.55  0.92  0.73  1.03
 11  0.20  0.22  1.82  1.10  1.68  1.35  2.30  1.10  1.21  1.68  0.80  0.47
 12  2.41  0.95  0.43  1.30  1.70  1.81  1.36  1.34  3.60  0.81  1.65  0.45
 13  0.53  0.80  1.10  1.06  1.17  1.97  1.80  1.81  2.86  2.74  0.84  0.23
 14  0.75  0.24  0.42  2.00  0.68  1.60  3.69  1.08  1.92  0.96  0.23  0.50
 15  0.40  0.78  1.25  1.21  1.21  2.32  3.07  0.89  2.00  0.86  0.47  0.95
 16  1.33  0.48  1.00  1.30  1.01  0.95  4.00  2.17  0.65  0.97  1.76  0.29
 17  0.23  0.41  0.72  0.93  2.23  4.37  2.31  2.30  1.42  0.56  6.08  0.50
 18  0.62  0.92  0.82  1.41  1.17  1.36  2.40  1.55  3.00  0.72  0.62  0.35
 19  0.38  1.10  1.07  2.31  1.15  2.85  2.40  1.87  3.70  0.77  0.46  0.74
 20  0.43  0.78  0.89  1.79  1.60  1.64  2.01  2.33  1.74  1.06  0.94  0.82
 21  0.41  1.00  0.47  1.33  1.47  3.28  1.56  0.98  1.84  0.77  1.02  0.47
 22  0.43  1.42  0.41  1.04  0.82  1.72  0.86  2.25  2.17  2.60  0.74  0.46
 23  0.55  0.85  1.39  2.05  1.77  1.78  0.54  1.98  2.10  1.38  1.50  0.63
 24  0.66  0.38  0.93  3.95  1.72  1.89  1.51  1.52  0.72  0.96  0.51  1.52
 25  0.21  1.20  1.22  1.34  2.05  1.30  1.50  1.00  1.07  1.88  0.84  0.58
 26  0.49  0.46  1.25  1.08  1.18  3.78  1.73  3.55  1.96  0.74  0.71  0.61
 27  0.42  0.54  0.91  2.16  2.54  2.28  1.52  1.92  1.81  0.87  1.20  0.69
 28  0.41  0.67  1.18  2.08  1.27  2.00  1.60  1.91  0.56  0.45  0.95  0.61
 29  0.70  0.09  0.63  2.22  1.45  2.97  2.84  2.66  2.38  1.96  2.00  0.25
 30  0.65  ****  1.72  2.46  1.56  3.12  1.13  2.40  1.18  1.15  0.75  0.47
 31  0.47  ****  1.70  ****  1.10  ****  0.92  1.97  ****  2.52  ****  0.32
