# IEM Climodat http://mesonet.agron.iastate.edu/climodat/
# Report Generated: 30 Aug 2005 
# Climate Record: 01 Jan 1951 -> 01 Aug 2005
# Site Information: [IA4502] KNOXVILLE
# Contact Information: Daryl Herzmann akrherz@iastate.edu 515.294.5978
 THESE ARE THE MONTHLY AVG. MIN TEMPS 1951-2006 FOR STATION # ia4502
 YEAR   JAN   FEB  MARCH APRIL  MAY  JUNE  JULY AUGUST SEPT   OCT   NOV   DEC   ANN
 1951    13    18    21    37    52    57    64    62    51    45    24    14    38
 1952    14    26    26    40    50    65    65    60    52    34    28    20    40
 1953    18    23    30    36    52    64    66    64    54    48    34    23    43
 1954    12    29    25    44    46    65    69    64    57    45    33    24    43
 1955    15    15    27    47    54    58    70    65    56    44    23    15    41
 1956    14    18    26    36    52    63    63    62    52    49    29    21    40
 1957     8    23    26    40    49    58    67    61    51    42    30    25    40
 1958    18     9    27    40    51    56    62    62    53    42    33    15    39
 1959     9    17    29    40    55    61    62    66    53    38    20    25    40
 1960    12    10    12    42    49    58    61    62    55    44    31    18    38
 1961    13    22    31    36    48    59    63    62    54    45    32    15    40
 1962     7    18    23    38    57    58    64    62    51    46    32    17    39
 1963     3    12    33    44    51    63    66    62    56    53    34     7    40
 1964    20    19    24    41    56    60    66    59    54    39    34    15    41
 1965    10    13    16    39    54    58    63    59    50    43    30    25    38
 1966     4    14    28    34    44    57    64    56    49    38    27    15    36
 1967    13    14    30    42    46    60    61    58    51    43    29    23    39
 1968    14    14    33    41    47    62    65    64    54    45    30    17    40
 1969    11    22    21    42    52    56    68    65    56    43    30    18    40
 1970     6    17    25    41    55    61    66    64    56    44    31    20    40
 1971     7    16    27    39    48    66    62    61    57    49    33    24    41
 1972    11    12    27    39    53    58    64    64    57    41    30    13    39
 1973    16    22    38    40    50    62    66    65    58    49    33    16    43
 1974    14    20    29    42    51    58    67    59    48    42    30    21    40
 1975    16    16    20    38    54    61    64    63    49    44    36    23    40
 1976    13    25    31    44    48    59    65    60    51    36    22    10    39
 1977     0    18    34    47    58    60    68    60    55    41    29    15    40
 1978     4     7    24    41    51    61    65    62    60    42    31    17    39
 1979    -1     5    27    37    51    59    64    64    55    43    31    23    38
 1980    17    14    26    40    52    61    69    67    57    40    31    19    41
 1981    16    20    31    46    49    62    67    62    56    42    36    19    42
 1982     2    16    26    37    55    57    67    64    56    45    31    25    40
 1983    20    26    32    37    49    63    69    70    56    45    35     4    42
 1984    12    27    24    40    47    63    66    66    54    47    33    21    42
 1985     8    15    34    46    55    58    65    61    57    45    26     6    40
 1986    19    17    34    45    54    65    69    60    60    45    27    24    43
 1987    20    27    35    45    56    64    69    63    54    38    37    25    44
 1988    12    12    28    39    55    64    66    67    55    37    31    18    40
 1989    24     7    27    41    50    59    67    63    52    44    24     7    39
 1990    24    22    33    40    48    63    66    66    58    42    35    15    43
 1991     8    24    32    44    58    65    66    63    54    42    23    23    42
 1992    22    27    33    40    51    58    62    58    53    43    30    21    42
 1993    14    15    26    39    53    60    67    66    50    42    28    20    40
 1994     6    13    29    41    52    63    63    61    55    46    34    24    41
 1995    14    19    31    37    50    63    66    69    52    44    24    19    41
 1996     9    16    22    37    51    63    64    64    53    44    26    16    39
 1997     8    21    29    37    47    62    66    62    55    42    28    23    40
 1998    18    30    25    42    56    59    67    66    60    44    34    22    44
 1999    11    26    27    41    52    61    68    61    50    39    35    19    41
 2000    14    25    33    39    52    59    64    65    55    47    26     3    40
 2001    13    11    22    42    53    59    67    64    52    40    40    24    41
 2002    20    21    22    38    47    63    68    62    55    39    26    21    40
 2003    12    11    26    42    49    59    65    66    52    42    29    23    40
 2004    11    16    34    41    53    59    63    58    57    43    34    19    41
 2005    14    24    26    44    48    63    65   -99   -99   -99   -99   -99      
 MEAN    12    18    28    40    51    61    65    63    54    43    30    18    40
