# IEM Climodat http://mesonet.agron.iastate.edu/climodat/
# Report Generated: 30 Aug 2005 
# Climate Record: 01 Jan 1951 -> 01 Aug 2005
# Site Information: [IA4502] KNOXVILLE
# Contact Information: Daryl Herzmann akrherz@iastate.edu 515.294.5978
 THESE ARE THE MONTHLY AVG. MEAN TEMPS 1951-2006 FOR STATION # ia4502
 YEAR   JAN   FEB  MARCH APRIL  MAY  JUNE  JULY AUGUST SEPT   OCT   NOV   DEC   ANN
 1951    22    27    30    47    64    67    74    72    62    55    34    23    48
 1952    24    34    34    52    61    76    76    70    66    50    40    28    51
 1953    26    32    40    46    63    75    77    76    68    61    45    32    54
 1954    23    40    35    56    58    75    80    74    69    54    44    32    53
 1955    24    24    38    58    65    68    81    78    70    55    34    24    52
 1956    23    27    37    50    64    76    76    74    66    62    39    30    52
 1957    18    32    37    50    60    70    79    74    62    52    38    34    50
 1958    25    18    35    52    64    68    72    74    65    56    44    24    50
 1959    18    25    38    51    64    72    74    76    64    48    30    33    50
 1960    20    19    22    52    60    68    73    73    66    55    42    28    48
 1961    24    32    39    46    60    70    74    73    64    56    40    22    50
 1962    16    25    32    50    68    70    74    74    63    56    42    27    50
 1963    12    22    42    54    61    74    76    72    67    66    44    16    51
 1964    30    30    36    52    68    71    78    72    64    52    44    24    52
 1965    20    24    25    50    66    70    74    72    62    56    42    36    50
 1966    14    26    40    46    58    69    77    70    62    53    40    25    48
 1967    24    24    42    53    58    70    73    70    64    53    38    30    50
 1968    22    24    46    54    59    74    76    75    65    56    38    25    51
 1969    18    28    31    54    64    68    77    76    66    52    41    26    50
 1970    14    30    34    53    66    72    78    74    66    54    39    29    51
 1971    17    24    36    52    60    78    73    73    68    60    42    31    51
 1972    20    22    38    51    64    70    74    74    68    52    36    22    49
 1973    24    30    46    50    60    73    76    75    66    60    42    24    52
 1974    22    30    40    54    61    68    80    70    60    54    39    28    51
 1975    24    24    30    48    66    72    76    75    60    57    45    31    51
 1976    24    37    41    56    60    71    76    72    64    48    33    22    50
 1977    10    30    44    59    70    74    81    72    66    52    38    23    52
 1978    12    16    34    52    62    72    76    74    72    53    40    25    49
 1979     8    15    36    47    63    71    74    75    68    56    39    32    49
 1980    24    22    36    52    64    72    81    78    69    52    42    29    52
 1981    28    32    44    59    60    73    76    73    68    53    45    28    53
 1982    13    26    37    48    66    68    77    74    66    56    40    34    50
 1983    28    34    40    46    60    74    81    83    68    54    42    12    52
 1984    22    37    32    49    60    74    76    78    66    56    42    32    52
 1985    18    24    44    58    66    70    76    72    67    54    34    16    50
 1986    28    24    45    57    64    76    79    70    70    55    37    30    53
 1987    28    38    46    58    68    74    78    72    64    49    44    31    54
 1988    22    22    40    52    67    76    78    78    66    48    40    29    51
 1989    33    16    38    52    62    69    77    74    62    55    36    16    49
 1990    33    32    42    50    58    72    74    75    68    54    46    24    52
 1991    17    34    43    54    67    75    76    74    66    53    32    31    52
 1992    30    35    42    49    62    70    70    68    63    54    35    28    51
 1993    22    21    34    48    62    70    74    74    60    52    37    28    48
 1994    14    22    40    52    63    72    73    72    66    56    42    32    50
 1995    20    28    40    48    59    72    76    78    63    54    34    26    50
 1996    19    26    33    49    59    72    74    73    63    54    33    24    48
 1997    18    28    40    46    58    72    76    72    66    53    36    29    49
 1998    26    36    32    51    66    68    76    75    70    54    43    32    53
 1999    19    35    37    51    62    70    78    72    62    52    47    28    51
 2000    24    34    44    51    64    70    73    74    67    58    34    12    50
 2001    22    20    30    55    62    68    77    74    63    52    50    34    51
 2002    30    32    34    50    58    74    78    72    68    49    36    32    51
 2003    21    22    36    52    60    69    74    76    63    54    38    31    50
 2004    20    24    43    53    63    68    72    68    68    54    43    29    50
 2005    22    34    37    55    59    74    76   -99   -99   -99   -99   -99      
 MEAN    21    27    38    52    62    72    76    74    66    54    40    27    50
