# IEM Climodat http://mesonet.agron.iastate.edu/climodat/
# Report Generated: 30 Aug 2005 
# Climate Record: 01 Jan 1951 -> 01 Aug 2005
# Site Information: [IA5086] MANCHESTER-2
# Contact Information: Daryl Herzmann akrherz@iastate.edu 515.294.5978
 THESE ARE THE MONTHLY AVG. MIN TEMPS 1951-2006 FOR STATION # ia5086
 YEAR   JAN   FEB  MARCH APRIL  MAY  JUNE  JULY AUGUST SEPT   OCT   NOV   DEC   ANN
 1951     5    13    18    34    51    53    60    58    48    41    19    10    34
 1952    10    22    23    38    47    60    62    58    51    31    27    20    37
 1953    13    17    25    32    47    59    62    59    49    43    28    16    38
 1954     7    23    21    38    42    59    63    59    53    41    30    18    38
 1955    11    11    22    42    49    55    65    63    51    41    21    10    37
 1956     9    12    22    32    47    60    58    61    49    45    26    17    36
 1957     2    20    23    38    47    57    63    61    50    38    27    20    37
 1958    13     5    24    36    46    54    59    59    51    41    27     8    35
 1959     2     7    22    36    51    57    58    65    51    37    17    25    36
 1960    13    12    10    39    47    55    58    59    53    40    27    11    35
 1961     7    19    27    31    43    54    57    57    49    39    27     8    35
 1962     1     9    17    32    52    54    56    53    41    36    24    11    32
 1963    -3     2    25    37    44    57    59    56    50    47    29    -1    34
 1964    12    11    20    36    52    55    62    54    50    33    28     9    35
 1965     5     5    16    35    49    54    57    57    49    38    27    21    34
 1966    -2     9    27    33    40    55    60    54    45    34    26    14    33
 1967     9     3    24    36    41    57    56    52    45    34    23    18    33
 1968     8     9    25    36    43    57    60    59    49    40    27    11    35
 1969     5    13    17    37    47    52    62    57    49    36    24     9    34
 1970    -3     6    22    37    51    57    60    57    51    40    28    12    35
 1971    -2     9    20    33    41    61    57    54    52    45    27    18    35
 1972     1     3    21    33    48    53    59    60    51    35    26     7    33
 1973    11    16    33    35    44    58    62    61    52    43    27    12    38
 1974     8    11    24    37    46    53    62    56    44    36    28    17    35
 1975     9    11    11    30    50    58    60    61    46    36    31    18    35
 1976     6    18    25    37    45    55    61    55    45    33    16     3    33
 1977    -7    12    32    40    54    57    63    57    53    38    26    11    36
 1978    -2    -1    21    37    49    56    61    57    53    37    25    11    34
 1979    -6    -1    23    33    45    56    58    60    48    39    27    19    33
 1980    11     9    19    36    46    56    63    62    52    35    27    16    36
 1981     9    15    27    41    45    57    61    58    49    37    29    13    37
 1982    -6     7    21    28    51    50    60    55    46    36    25    20    33
 1983    14    19    26    31    44    56    62    60    47    39    31    -1    36
 1984     5    20    19    37    44    58    57    57    45    40    25    15    35
 1985     0    10    28    39    49    53    60    55    53    39    22    -3    34
 1986     7    10    25    39    49    57    64    54    53    39    20    17    36
 1987    13    19    29    37    50    59    64    59    48    30    31    20    38
 1988     2     7    25    32    47    56    61    62    49    31    27    14    34
 1989    18     1    23    34    44    54    62    57    46    37    21     3    33
 1990    18    16    29    35    45    59    61    60    51    35    29     9    37
 1991     0    13    27    39    54    61    61    59    48    36    20    16    36
 1992    15    22    26    35    45    53    58    52    46    35    27    15    36
 1993     7    11    22    32    48    56    62    60    45    36    24    17    35
 1994    -2     3    24    34    43    58    59    56    51    42    28    19    35
 1995     9    12    24    32    45    59    60    65    45    36    18    14    35
 1996     5    10    16    30    45    58    57    57    48    39    22    13    33
 1997     5    17    26    32    42    57    62    57    50    38    25    21    36
 1998    18    30    26    39    52    58    60    62    52    41    30    19    41
 1999     7    25    24    40    50    58    65    58    46    36    29    16    38
 2000     9    21    29    35    50    56    61    60    51    42    25     2    37
 2001    10    10    21    40    50    56    61    60    48    38    36    22    38
 2002    20    19    20    37    44    60    65    59    50    37    26    18    38
 2003     8     7    23    35    44    54    60    60    46    36    26    19    35
 2004     7    11    30    34    47    56    59    54    49    37    30    15    36
 2005     8    20    23    39    43    61    61   -99   -99   -99   -99   -99      
 MEAN     7    12    23    35    47    56    60    58    49    38    26    14    35
