# IEM Climodat http://mesonet.agron.iastate.edu/climodat/
# Report Generated: 30 Aug 2005 
# Climate Record: 01 Jan 1951 -> 01 Aug 2005
# Site Information: [IA5198] MARSHALLTOWN
# Contact Information: Daryl Herzmann akrherz@iastate.edu 515.294.5978
# DAILY MAXIMUM PRECIPITATION FOR STATION NUMBER ia5198 
#    JAN   FEB   MAR   APR   MAY   JUN   JUL   AUG   SEP   OCT   NOV   DEC
  1  0.25  0.21  0.90  0.66  2.09  1.92  1.22  1.81  0.90  1.18  1.50  0.73
  2  0.85  0.49  1.23  0.78  0.70  2.10  1.28  1.16  0.72  1.16  2.21  0.56
  3  0.47  0.21  1.25  0.65  1.15  1.51  2.60  0.70  1.21  0.67  0.71  0.77
  4  1.43  0.64  1.36  0.75  0.83  0.69  1.90  1.96  1.66  1.22  3.78  0.41
  5  0.61  0.85  0.75  0.70  1.27  1.14  1.52  3.60  1.48  1.83  0.43  1.16
  6  0.84  0.40  1.84  1.19  3.76  1.16  1.93  1.88  1.55  1.12  0.53  0.65
  7  0.16  0.25  0.65  0.70  1.30  1.64  1.03  0.89  1.72  0.56  0.89  0.87
  8  0.13  0.30  2.00  0.74  1.51  3.37  2.25  3.62  2.15  1.11  0.22  0.37
  9  0.35  0.64  0.66  2.69  1.60  3.82  4.43  1.67  1.07  3.75  1.00  0.28
 10  0.76  0.72  0.80  0.54  1.71  1.50  2.49  2.22  1.30  0.71  1.16  0.56
 11  0.41  0.40  1.14  1.32  0.70  1.10  1.87  0.72  1.13  1.07  0.38  0.65
 12  1.04  0.50  1.42  1.20  2.03  3.80  2.36  2.32  2.04  1.44  1.55  0.82
 13  1.04  0.30  2.31  1.00  2.00  3.00  1.95  1.29  2.24  2.47  1.89  0.24
 14  0.45  0.27  0.71  1.18  2.60  4.20  6.58  2.80  1.74  1.66  0.64  0.74
 15  1.14  1.18  1.26  1.24  0.38  4.07  1.35  1.50  1.24  1.40  0.30  0.47
 16  0.67  0.44  0.69  1.67  2.63  1.07  2.20  5.54  0.85  0.57  1.35  0.23
 17  0.32  0.39  0.80  2.60  0.89  3.65  2.45  1.12  0.77  0.97  1.38  0.25
 18  0.54  1.70  0.70  2.56  1.91  2.00  2.09  2.31  0.70  1.30  2.28  0.32
 19  0.44  0.76  1.01  1.14  2.93  1.16  2.50  1.47  1.12  0.59  1.43  1.00
 20  0.43  0.72  0.63  1.06  0.67  1.48  2.68  3.45  1.44  0.64  1.47  0.80
 21  0.52  1.07  0.52  1.04  1.26  3.50  0.81  1.95  1.92  1.17  0.93  0.48
 22  0.41  0.95  0.65  1.12  1.62  2.18  4.40  1.98  1.93  2.32  0.40  0.25
 23  0.30  0.70  0.81  0.66  1.48  1.70  0.96  1.86  1.78  1.32  1.13  0.53
 24  0.22  0.65  0.70  1.50  1.25  2.43  0.71  1.70  1.16  1.26  0.43  0.50
 25  0.65  0.54  0.70  0.94  2.02  2.40  1.45  1.25  2.59  0.65  0.34  0.58
 26  0.25  0.84  1.50  1.48  1.22  1.14  1.58  3.82  1.74  0.73  1.16  0.31
 27  0.78  0.48  1.15  1.90  1.23  1.64  2.85  1.81  1.18  0.37  0.64  0.26
 28  0.27  0.65  0.75  1.15  1.68  0.94  0.91  2.60  1.41  0.54  1.22  1.58
 29  0.42  0.10  0.88  0.96  2.15  0.73  1.40  2.00  1.56  1.16  0.70  0.53
 30  0.57  ****  1.11  1.87  3.06  2.49  1.62  2.20  1.76  0.83  1.14  0.90
 31  0.29  ****  2.13  ****  0.74  ****  0.51  1.58  ****  2.18  ****  0.60
