# IEM Climodat http://mesonet.agron.iastate.edu/climodat/
# Report Generated: 30 Aug 2005 
# Climate Record: 01 Jan 1951 -> 01 Aug 2005
# Site Information: [IA5198] MARSHALLTOWN
# Contact Information: Daryl Herzmann akrherz@iastate.edu 515.294.5978
 THESE ARE THE MONTHLY AVG. MIN TEMPS 1951-2006 FOR STATION # ia5198
 YEAR   JAN   FEB  MARCH APRIL  MAY  JUNE  JULY AUGUST SEPT   OCT   NOV   DEC   ANN
 1951     8    14    19    36    52    56    62    60    49    42    20    11    36
 1952     9    24    24    37    48    64    64    59    50    30    25    19    38
 1953    15    18    27    33    49    61    63    60    48    42    30    18    39
 1954     7    25    22    40    44    63    66    61    54    41    30    20    39
 1955    11    11    22    43    50    55    68    62    50    40    20    11    37
 1956     8    13    23    33    50    62    60    61    47    43    26    18    37
 1957     5    21    26    38    48    58    66    61    50    38    27    21    38
 1958    17     5    25    37    48    55    60    60    52    42    28    10    37
 1959     5    11    25    37    53    60    60    66    53    38    19    26    38
 1960    13    12    11    41    49    57    61    62    54    38    28    13    37
 1961     8    17    29    34    45    57    61    59    51    42    29    12    37
 1962     4    13    20    36    55    57    59    59    47    42    28    14    36
 1963     0     7    29    40    48    60    63    60    54    50    33     5    37
 1964    16    15    20    38    54    58    65    56    52    36    31    13    38
 1965     6     7    15    38    52    57    61    59    50    42    30    25    37
 1966     1    12    29    35    44    59    65    56    47    37    27    14    36
 1967    12    11    28    39    44    60    59    55    47    40    26    19    37
 1968    10    12    30    39    45    59    62    61    49    42    28    15    38
 1969     7    17    18    40    50    55    64    61    51    38    28    16    37
 1970     0    14    23    39    54    61    63    61    53    42    29    14    38
 1971     3    13    24    37    45    65    59    57    52    46    31    22    38
 1972     8     5    25    37    51    57    62    61    53    37    27    10    36
 1973    13    20    35    37    47    60    62    59    52    48    30    15    40
 1974    12    16    26    39    47    57    65    57    45    37    28    17    37
 1975    10    12    14    33    51    59    62    59    47    37    31    18    36
 1976     5    20    28    41    47    57    61    55    46    32    18     4    34
 1977    -5    13    33    43    55    58    64    54    50    38    25    11    37
 1978    -3    -2    20    38    49    58    62    58    54    36    26    11    34
 1979    -5    -2    23    36    46    57    60    59    49    36    27    17    34
 1980    12     7    21    37    47    58    63    60    49    34    24    13    35
 1981     8    15    24    41    44    58    63    58    46    33    29    13    36
 1982    -6     9    23    33    54    53    62    60    51    40    26    20    35
 1983    16    21    29    34    45    59    66    66    50    38    29    -1    38
 1984     6    22    21    38    46    60    60    60    46    41    27    15    37
 1985     3    10    30    42    49    53    58    53    53    37    20    -2    34
 1986    11    11    27    40    48    59    64    54    54    39    20    16    37
 1987    13    18    28    38    52    60    62    56    48    32    32    21    38
 1988     5     7    25    34    52    59    62    64    52    31    27    15    36
 1989    20     2    25    36    45    56    63    61    48    40    21     3    35
 1990    20    16    31    37    46    61    63    64    55    38    30    10    39
 1991     3    20    30    42    56    65    63    62    51    40    21    20    39
 1992    18    25    30    37    48    56    60    55    50    38    27    15    38
 1993     8    12    24    37    51    58    65    64    49    39    25    18    38
 1994    -1     7    27    37    48    61    61    57    54    43    30    19    37
 1995    10    16    28    35    47    61    63    67    48    39    21    16    38
 1996     5    13    19    33    48    60    60    59    49    40    22    13    35
 1997     5    18    27    35    44    60    65    59    52    40    26    21    38
 1998    15    28    26    41    54    58    64    64    55    42    31    20    42
 1999     8    24    24    40    51    60    67    59    47    35    28    15    38
 2000     8    22    29    35    50    57    62    62    51    43    24    -1    37
 2001    11     8    20    40    51    57    63    60    48    36    36    22    38
 2002    19    18    19    36    44    61    66    59    50    36    24    16    37
 2003     8     6    22    37    46    56    61    60    47    37    26    20    36
 2004     8    13    30    34    49    57    59    55    52    39    30    16    37
 2005    10    22    23    41    46    62    63   -99   -99   -99   -99   -99      
 MEAN     8    14    25    38    49    59    62    60    50    39    27    15    36
