# IEM Climodat http://mesonet.agron.iastate.edu/climodat/
# Report Generated: 30 Aug 2005 
# Climate Record: 01 Jan 1951 -> 01 Aug 2005
# Site Information: [IA5493] MILFORD-4-NW
# Contact Information: Daryl Herzmann akrherz@iastate.edu 515.294.5978
 THESE ARE THE MONTHLY AVG. MEAN TEMPS 1951-2006 FOR STATION # ia5493
 YEAR   JAN   FEB  MARCH APRIL  MAY  JUNE  JULY AUGUST SEPT   OCT   NOV   DEC   ANN
 1951    12    22    20    40    60    62    69    68    57    48    28    16    42
 1952    14    26    26    48    56    72    72    68    62    45    35    22    46
 1953    16    22    32    40    58    70    71    70    62    56    38    22    46
 1954    12    34    28    48    52    70    74    70    62    47    40    24    47
 1955    18    14    29    54    62    66    78    77    64    51    26    12    46
 1956    12    14    27    41    59    74    70    70    61    57    33    24    45
 1957    10    24    31    46    56    66    77    70    59    47    32    28    46
 1958    22    16    32    46    62    64    70    74    64    53    36    16    46
 1959    11    12    32    48    60    72    72    75    62    45    25    30    45
 1960    16    17    18    48    58    66    72    72    62    51    36    20    45
 1961    14    23    34    41    55    68    70    72    59    52    32    16    44
 1962    10    16    24    44    62    66    70    70    58    52    38    21    44
 1963     6    18    36    49    58    72    72    69    63    59    38    12    46
 1964    22    26    28    49    64    70    76    68    60    49    36    16    47
 1965    12    14    19    44    62    68    72    69    54    52    32    28    44
 1966     6    18    38    42    56    70    76    68    62    50    32    20    45
 1967    17    16    36    48    54    68    72    68    62    49    34    23    45
 1968    16    18    40    50    54    70    72    72    61    51    34    17    46
 1969     8    20    20    48    60    63    74    72    62    46    34    18    44
 1970     4    17    26    46    61    70    74    72    62    48    33    18    44
 1971     8    18    29    48    56    72    69    71    62    54    34    20    45
 1972     8    14    32    44    61    68    70    70    60    46    32    12    43
 1973    18    22    40    46    58    71    72    72    61    56    36    17    47
 1974    13    23    34    49    57    68    78    68    58    52    34    23    46
 1975    16    16    24    39    62    67    75    72    58    53    35    22    45
 1976    16    30    34    52    58    70    74    73    63    44    27    15    46
 1977     4    26    38    54    66    70    75    68    63    48    32    16    47
 1978     4     9    30    44    59    68    72    71    68    50    31    14    43
 1979     0     8    26    42    56    68    72    70    63    48    32    26    42
 1980    17    16    29    48    60    68    72    72    62    47    38    20    46
 1981    20    24    38    52    58    68    71    67    60    47    38    18    47
 1982     2    17    30    42    60    63    73    68    60    49    30    24    43
 1983    18    24    32    40    53    66    75    76    60    47    32     2    44
 1984    14    28    24    44    56    68    70    71    58    50    35    21    45
 1985    12    18    37    52    62    65    70    64    58    50    24     8    43
 1986    20    17    37    50    60    70    74    67    62    50    28    24    47
 1987    24    34    38    54    66    73    76    68    62    46    39    25    50
 1988    10    13    36    48    66    74    76    74    64    46    34    20    47
 1989    25    12    30    47    60    68    76    72    60    51    30    12    45
 1990    28    24    36    47    57    70    71    71    65    48    38    16    48
 1991    11    27    34    50    62    72    72    70    61    48    24    24    46
 1992    24    28    35    44    60    67    65    65    60    48    30    20    46
 1993    12    15    26    42    57    64    70    70    56    48    30    20    43
 1994     4    11    35    46    62    70    69    68    64    52    36    22    45
 1995    16    21    33    41    55    68    73    74    59    48    28    22    45
 1996    11    21    26    43    54    69    70    70    60    50    24    12    42
 1997    10    20    32    42    53    70    72    70    64    52    28    26    45
 1998    19    31    28    48    64    65    72    72    68    52    38    26    48
 1999    12    29    34    48    60    68    76    70    60    50    42    25    48
 2000    16    30    40    48    62    66    72    71    63    52    27     6    46
 2001    18    12    26    50    59    68    75    72    61    50    46    27    47
 2002    24    27    24    49    56    72    76    69    64    42    32    26    47
 2003    17    18    33    48    57    67    72    73    61    52    32    24    46
 2004    15    19    38    50    58    66    70    66    66    50    38    24    47
 2005    16    28    33    52    57    72    74   -99   -99   -99   -99   -99      
 MEAN    14    20    31    47    59    68    73    70    61    50    33    20    45
