# IEM Climodat http://mesonet.agron.iastate.edu/climodat/
# Report Generated: 30 Aug 2005 
# Climate Record: 01 Jan 1951 -> 01 Aug 2005
# Site Information: [IA5769] MOUNT-AYR
# Contact Information: Daryl Herzmann akrherz@iastate.edu 515.294.5978
 THESE ARE THE MONTHLY AVG. MAX TEMPS 1951-2006 FOR STATION # ia5769
 YEAR   JAN   FEB  MARCH APRIL  MAY  JUNE  JULY AUGUST SEPT   OCT   NOV   DEC   ANN
 1951    35    38    42    56    73    75    83    83    72    64    44    33    58
 1952    36    43    43    63    72    86    86    81    81    67    52    36    62
 1953    35    44    50    57    72    87    88    87    83    74    56    42    65
 1954    35    52    46    68    68    84    94    84    83    64    56    40    64
 1955    33    32    49    71    75    79    90    91    82    67    46    36    63
 1956    32    37    52    64    78    86    85    85    82    75    51    41    64
 1957    28    42    49    60    71    80    89    87    74    60    47    44    61
 1958    34    28    43    63    75    79    80    85    78    69    55    35    60
 1959    28    35    49    62    73    82    84    86    75    60    45    43    60
 1960    31    29    32    63    72    78    84    85    79    67    54    39    59
 1961    37    44    48    58    69    80    83    83    73    67    48    30    60
 1962    25    32    42    63    81    80    84    85    74    66    50    37    60
 1963    21    35    54    65    72    85    87    84    76    77    55    27    62
 1964    40    42    47    66    77    79    87    81    75    66    54    36    62
 1965    33    35    35    63    77    79    83    84    73    68    54    46    61
 1966    26    39    55    59    72    79    87    81    73    67    53    36    61
 1967    37    37    55    64    69    79    83    81    75    64    49    38    61
 1968    30    37    59    65    69    83    84    83    75    67    46    32    61
 1969    26    35    44    64    73    78    86    85    77    61    52    34    60
 1970    27    44    45    65    77    80    86    85    74    63    46    39    61
 1971    28    33    45    66    68    85    83    84    79    70    50    37    61
 1972    32    36    51    60    72    81    83    83    76    61    43    29    59
 1973    31    38    54    58    69    82    84    85    73    69    50    31    60
 1974    27    37    51    65    71    77    92    81    72    65    48    35    60
 1975    31    31    39    58    74    80    87    87    71    69    53    37    60
 1976    34    47    49    65    69    80    88    84    78    59    45    34    61
 1977    19    39    53    66    77    85    91    82    77    63    49    33    61
 1978    22    26    44    62    70    84    86    86    82    65    48    35    59
 1979    18    25    47    59    74    83    84    84    80    68    48    43    59
 1980    32    31    44    65    76    84    93    90    79    64    53    38    62
 1981    39    42    56    72    71    84    85    82    78    63    54    36    64
 1982    23    34    47    60    73    78    87    82    75    66    50    39    60
 1983    34    42    48    55    69    83    93    93    80    64    48    20    61
 1984    31    46    40    57    69    82    87    90    78    66    54    43    62
 1985    28    33    56    70    76    81    88    81    76    64    42    27    60
 1986    42    34    55    67    73    84    86    78    78    64    45    36    62
 1987    36    48    55    68    78    83    86    81    76    62    52    39    64
 1988    35    35    56    66    80    89    90    90    79    62    53    43    65
 1989    45    26    50    65    71    78    87    84    71    65    50    27    60
 1990    41    41    50    59    66    79    82    82    79    64    56    32    61
 1991    25    44    53    63    73    81    85    83    77    64    38    39    60
 1992    38    44    53    58    72    78    80    77    72    66    41    36    60
 1993    28    29    45    57    70    78    81    84    69    62    45    38    57
 1994    26    32    54    63    72    80    82    83    76    67    51    40    60
 1995    30    41    50    58    64    78    85    88    74    65    44    34    59
 1996    28    36    44    60    66    79    82    81    72    64    40    33    57
 1997    28    36    52    55    66    81    86    83    77    65    45    34    59
 1998    35    45    40    59    75    77    83    84    82    66    52    40    62
 1999    29    44    48    60    69    77    86    82    75    67    60    40    61
 2000    38    46    55    63    75    79    82    86    80    67    42    22    61
 2001    31    30    40    66    70    76    85    85    73    63    60    43    60
 2002    41    42    46    62    68    83    87    83    80    58    46    42    62
 2003    32    33    49    63    69    77    87    89    75    69    47    40    61
 2004    30    35    52    66    73    77    81    79    80    65    52    40    61
 2005    30    44    51    65    71    84    88   -99   -99   -99   -99   -99      
 MEAN    31    38    48    63    72    81    86    84    77    65    49    36    60
