# IEM Climodat http://mesonet.agron.iastate.edu/climodat/
# Report Generated: 30 Aug 2005 
# Climate Record: 01 Jan 1951 -> 01 Aug 2005
# Site Information: [IA5796] MOUNT-PLEASANT
# Contact Information: Daryl Herzmann akrherz@iastate.edu 515.294.5978
 THESE ARE THE MONTHLY AVG. MEAN TEMPS 1951-2006 FOR STATION # ia5796
 YEAR   JAN   FEB  MARCH APRIL  MAY  JUNE  JULY AUGUST SEPT   OCT   NOV   DEC   ANN
 1951    23    27    32    48    64    68    74    72    62    56    34    24    49
 1952    26    34    35    52    61    76    76    72    65    49    42    30    52
 1953    26    31    38    46    61    74    77    75    68    60    44    32    53
 1954    25    40    36    56    58    75    78    74    68    54    42    30    53
 1955    23    26    38    58    64    68    80    77    68    54    36    26    52
 1956    22    28    39    50    66    75    74    74    66    62    40    30    52
 1957    18    33    38    52    62    71    78    74    63    52    38    34    51
 1958    24    18    36    51    62    68    72    74    66    56    44    24    49
 1959    17    26    38    50    66    73    74    77    66    50    32    34    50
 1960    25    22    24    54    60    70    73    75    68    56    43    27    50
 1961    24    32    40    47    58    70    74    74    65    56    40    24    51
 1962    17    26    33    50    70    72    73    74    64    57    42    26    50
 1963    13    22    43    56    62    75    76    72    66    64    44    16    51
 1964    30    28    36    53    68    72    77    71    64    51    44    24    51
 1965    22    25    26    50    66    70    72    70    64    54    42    36    50
 1966    18    27    42    48    58    70    78    69    61    52    42    28    49
 1967    28    23    40    52    56    70    70    66    61    52    36    28    49
 1968    22    24    42    52    58    73    75    75    64    55    38    26    50
 1969    20    28    32    54    62    67    76    74    66    52    40    26    50
 1970    15    28    34    54    66    70    76    73    66    55    40    30    50
 1971    18    26    36    54    60    76    72    72    69    62    42    32    52
 1972    20    24    38    50    63    70    74    74    68    52    37    23    50
 1973    26    30    46    50    60    72    76    74    66    60    42    25    52
 1974    22    30    42    55    61    68    78    71    61    54    40    29    51
 1975    26    25    32    48    65    72    76    76    62    58    46    32    51
 1976    22    38    42    54    60    71    76    71    65    49    33    22    50
 1977    10    30    46    58    69    73    80    72    68    53    40    24    52
 1978    13    16    33    52    61    72    75    73    70    53    41    26    49
 1979    10    16    38    48    63    72    74    74    67    56    40    33    49
 1980    25    22    36    51    64    71    79    77    68    52    42    29    51
 1981    27    31    42    58    60    73    74    72    66    54    44    26    52
 1982    13    24    36    48    66    67    76    72    65    56    41    35    50
 1983    28    34    41    46    60    73    81    82    68    56    44    14    52
 1984    23    36    32    50    60    74    74    75    65    57    42    32    52
 1985    16    24    44    58    65    70    76    71    68    55    35    16    50
 1986    26    22    44    56    62    73    77    68    68    54    36    30    51
 1987    26    36    44    55    68    74    78    72    63    47    42    30    53
 1988    20    21    38    50    64    72    76    77    66    46    40    28    50
 1989    32    15    36    50    58    66    74    71    60    54    38    14    47
 1990    32    31    42    48    56    70    72    72    66    53    45    25    51
 1991    18    33    42    54    66    74    75    74    64    52    36    33    52
 1992    30    35    42    50    61    68    71    68    62    53    36    28    50
 1993    25    22    34    48    62    69    74    74    60    52    38    30    49
 1994    15    24    40    52    60    72    73    71    66    56    44    34    51
 1995    22    28    42    48    58    72    75    78    62    54    35    28    50
 1996    21    27    34    49    60    70    72    73    64    54    34    26    49
 1997    19    30    42    47    57    71    75    72    67    56    38    30    50
 1998    28    39    38    52    67    70    76    75    72    56    45    34    54
 1999    22    36    38    54    64    71    79    72    64    56    48    31    53
 2000    25    37    46    53    66    70    73    76    68    58    36    14    52
 2001    24    26    36    58    64    70    78    75    64    54    51    35    53
 2002    33    34    37    52    59    74    78    74    68    50    38    33    53
 2003    23    24    39    54    61    68    75    76    64    55    41    32    51
 2004    22    28    44    54    66    70    72    69    68    55    45    31    52
 2005    24    35    40    56    62    74    78   -99   -99   -99   -99   -99      
 MEAN    22    28    38    52    62    71    75    73    65    54    40    28    50
