# IEM Climodat http://mesonet.agron.iastate.edu/climodat/
# Report Generated: 30 Aug 2005 
# Climate Record: 01 Jan 1951 -> 01 Aug 2005
# Site Information: [IA5769] MOUNT-AYR
# Contact Information: Daryl Herzmann akrherz@iastate.edu 515.294.5978
 THESE ARE THE MONTHLY AVG. MEAN TEMPS 1951-2006 FOR STATION # ia5769
 YEAR   JAN   FEB  MARCH APRIL  MAY  JUNE  JULY AUGUST SEPT   OCT   NOV   DEC   ANN
 1951    24    28    32    46    62    66    72    72    61    54    34    24    48
 1952    26    34    34    50    60    75    75    71    66    50    40    28    51
 1953    26    34    40    46    60    75    76    74    67    60    44    32    53
 1954    23    40    36    56    57    74    81    74    70    55    44    31    53
 1955    24    22    38    58    64    68    80    78    68    54    33    25    51
 1956    22    26    38    50    65    74    74    74    66    62    40    31    52
 1957    18    32    38    50    60    70    78    75    62    50    38    34    51
 1958    26    18    34    51    63    68    71    74    67    56    44    25    50
 1959    18    26    40    51    64    71    72    76    64    50    34    35    50
 1960    24    22    22    53    60    68    72    74    66    54    42    28    49
 1961    24    33    39    46    58    69    72    71    61    54    39    22    49
 1962    16    25    32    50    69    70    74    73    62    56    40    27    49
 1963    12    24    42    54    62    74    76    73    66    64    44    16    50
 1964    30    30    35    53    66    69    76    69    64    52    43    26    51
 1965    24    23    26    51    65    68    72    71    62    54    41    35    49
 1966    17    28    42    47    58    68    77    69    61    52    41    26    49
 1967    26    24    42    53    58    69    72    70    62    52    38    30    50
 1968    22    26    45    52    57    71    73    72    64    55    36    24    50
 1969    19    28    33    52    62    66    76    74    66    49    40    26    49
 1970    18    30    35    52    66    70    75    74    64    52    38    30    50
 1971    17    22    35    53    58    74    72    72    68    59    40    30    50
 1972    20    25    40    49    62    70    73    74    66    50    36    20    49
 1973    22    30    45    48    59    71    74    74    65    58    41    24    51
 1974    19    28    40    52    61    67    80    70    60    54    40    29    50
 1975    24    23    30    48    64    70    76    76    61    56    44    30    50
 1976    23    36    39    54    58    68    76    74    66    48    34    24    50
 1977     9    28    44    56    67    74    80    71    67    53    40    24    51
 1978    13    16    33    52    60    72    76    74    70    52    40    26    49
 1979    10    15    37    48    62    71    74    74    67    56    38    32    49
 1980    24    22    34    52    64    72    81    78    68    52    42    29    52
 1981    28    30    42    58    60    72    76    72    66    53    44    27    52
 1982    14    24    37    48    64    72    76    72    66    54    40    32    50
 1983    26    34    39    46    60    73    80    81    67    54    42    12    51
 1984    22    37    32    49    59    72    75    78    66    56    44    32    52
 1985    18    24    46    58    65    70    77    71    67    55    34    17    50
 1986    32    25    44    56    63    74    76    68    68    54    34    30    52
 1987    27    37    44    55    67    72    76    72    64    50    44    32    53
 1988    24    24    42    52    66    76    77    78    66    49    42    31    52
 1989    34    16    38    52    58    66    76    72    60    52    36    15    48
 1990    31    30    40    47    56    70    72    72    67    51    44    23    50
 1991    16    32    41    52    64    72    74    72    64    50    29    30    50
 1992    29    35    42    48    60    66    70    66    61    53    35    28    49
 1993    20    22    35    46    60    68    72    74    58    50    36    28    48
 1994    17    22    40    50    60    70    71    71    64    55    41    31    49
 1995    21    29    39    47    56    68    74    78    62    53    32    26    49
 1996    18    25    32    47    58    70    72    71    62    52    32    24    47
 1997    17    28    40    44    54    70    75    72    65    53    36    28    48
 1998    28    37    32    50    66    68    74    74    70    55    42    30    52
 1999    21    35    38    50    60    70    77    72    62    52    47    30    51
 2000    26    34    44    50    64    68    74    76    66    56    33    12    50
 2001    22    21    32    54    62    68    76    74    62    51    49    33    50
 2002    29    30    34    50    56    73    76    72    66    48    35    30    50
 2003    21    22    38    52    58    67    76    77    62    56    38    31    50
 2004    20    25    42    53    63    68    72    68    68    54    43    29    50
 2005    22    34    38    54    59    74    77   -99   -99   -99   -99   -99      
 MEAN    22    27    38    51    61    70    75    73    65    54    39    27    49
