# IEM Climodat http://mesonet.agron.iastate.edu/climodat/
# Report Generated: 30 Aug 2005 
# Climate Record: 01 Jan 1951 -> 01 Aug 2005
# Site Information: [IA5837] MUSCATINE
# Contact Information: Daryl Herzmann akrherz@iastate.edu 515.294.5978
# DAILY MAXIMUM PRECIPITATION FOR STATION NUMBER ia5837 
#    JAN   FEB   MAR   APR   MAY   JUN   JUL   AUG   SEP   OCT   NOV   DEC
  1  1.23  0.42  0.86  1.18  1.14  1.90  1.03  2.30  2.06  1.05  1.80  1.55
  2  0.50  0.86  1.62  1.80  1.41  0.90  1.44  0.88  0.66  0.75  0.98  1.73
  3  1.44  0.14  0.60  1.48  0.67  0.73  1.82  0.94  0.87  0.79  1.09  1.11
  4  0.60  0.71  3.32  0.73  1.62  0.50  1.14  2.62  0.88  1.88  1.00  1.07
  5  1.39  0.30  1.82  1.77  1.66  1.84  2.32  3.15  1.34  2.20  0.63  0.73
  6  0.47  0.34  0.66  0.93  1.30  0.87  2.83  2.87  0.74  1.97  0.57  0.65
  7  0.50  0.44  0.86  0.35  1.04  9.51  1.66  1.81  2.20  1.18  0.92  1.18
  8  0.23  0.27  1.62  0.78  2.34  2.09  1.46  2.63  1.18  0.41  0.48  0.95
  9  0.49  1.93  0.56  1.70  1.40  1.72  1.69  2.19  0.95  0.85  0.71  0.87
 10  0.35  1.13  1.94  0.93  3.45  1.39  5.75  2.50  2.91  5.05  1.17  1.76
 11  0.18  0.33  1.40  1.62  1.65  1.18  1.95  1.40  1.01  1.14  1.58  1.07
 12  2.36  0.65  0.72  1.68  2.30  1.75  0.37  2.11  1.09  0.77  1.12  0.53
 13  1.06  0.46  1.68  1.02  2.04  1.32  0.96  1.14  5.36  1.66  2.36  0.62
 14  0.49  0.67  0.55  1.89  1.35  1.96  1.98  0.81  2.70  2.03  0.63  0.90
 15  0.58  0.79  2.51  1.67  1.39  2.18  2.61  1.35  1.25  1.69  0.75  2.47
 16  0.95  0.57  0.86  1.70  0.86  1.16  0.87  3.35  1.09  0.87  1.86  1.16
 17  0.46  1.07  0.76  1.07  1.12  4.12  1.32  2.64  1.33  1.28  1.86  0.43
 18  0.46  0.71  1.04  0.91  1.62  1.19  4.43  1.32  1.55  2.36  1.14  1.33
 19  0.80  0.66  1.00  2.06  2.16  1.37  2.10  0.71  2.94  3.13  0.62  0.78
 20  0.94  1.64  0.88  1.75  1.18  1.93  2.20  1.35  1.69  0.73  0.97  1.50
 21  0.72  1.79  0.66  2.14  1.46  1.97  1.41  2.04  3.70  0.65  1.28  0.50
 22  1.07  0.82  0.79  1.51  0.87  1.26  2.29  2.54  1.37  1.23  1.80  1.31
 23  0.85  0.67  1.39  1.82  1.63  0.92  2.25  2.13  1.80  2.22  0.61  0.45
 24  0.72  0.78  1.26  4.63  1.01  1.49  1.80  2.85  1.98  1.11  0.33  1.52
 25  0.65  1.21  1.15  0.80  1.56  3.61  1.19  1.15  1.27  0.74  0.81  0.74
 26  0.96  0.89  0.46  0.55  2.97  2.60  2.27  3.46  2.78  1.44  1.04  0.20
 27  0.48  0.99  0.78  1.35  1.50  2.68  1.37  0.81  2.87  0.89  0.83  0.87
 28  0.52  0.26  1.01  1.02  1.45  0.72  1.10  3.10  2.72  0.75  0.93  0.69
 29  0.39  0.04  1.17  1.01  1.87  1.55  1.02  1.38  0.73  0.89  0.69  0.88
 30  0.89  ****  1.22  1.79  1.04  3.70  1.90  2.04  0.97  1.60  1.24  0.90
 31  0.83  ****  2.55  ****  1.70  ****  1.89  1.36  ****  2.82  ****  0.73
