# IEM Climodat http://mesonet.agron.iastate.edu/climodat/
# Report Generated: 30 Aug 2005 
# Climate Record: 01 Jan 1951 -> 01 Aug 2005
# Site Information: [IA5952] NEW-HAMPTON
# Contact Information: Daryl Herzmann akrherz@iastate.edu 515.294.5978
 THESE ARE THE MONTHLY AVG. MAX TEMPS 1951-2006 FOR STATION # ia5952
 YEAR   JAN   FEB  MARCH APRIL  MAY  JUNE  JULY AUGUST SEPT   OCT   NOV   DEC   ANN
 1951    20    26    32    49    72    73    80    77    69    61    37    26    52
 1952    27    34    37    59    67    81    83    79    76    59    47    30    57
 1953    28    32    42    49    70    80    82    82    75    70    50    33    58
 1954    27    42    40    61    65    80    84    79    74    59    48    31    58
 1955    25    27    40    65    73    76    87    86    78    62    38    25    57
 1956    25    29    36    55    70    84    79    80    72    69    42    32    56
 1957    21    34    41    58    67    77    85    81    70    58    40    34    56
 1958    27    24    41    59    73    74    79    82    73    66    48    26    56
 1959    21    25    37    59    72    80    81    83    72    55    35    37    55
 1960    27    28    29    59    69    76    82    81    73    62    48    29    55
 1961    25    35    39    50    68    80    80    82    70    64    42    25    55
 1962    21    24    34    54    72    77    77    80    69    62    45    29    54
 1963    14    25    44    60    68    83    81    78    73    73    49    20    56
 1964    32    38    38    57    74    79    86    79    70    61    48    26    57
 1965    24    26    29    53    72    77    80    78    66    62    46    39    54
 1966    18    31    47    52    66    78    83    78    72    62    45    31    55
 1967    29    26    44    58    65    77    78    77    71    59    40    33    55
 1968    26    29    53    61    65    78    80    79    71    62    43    28    56
 1969    20    29    35    59    70    72    81    82    71    56    45    29    54
 1970    16    30    37    59    71    78    82    79    70    60    42    30    54
 1971    20    26    37    61    68    82    77    79    74    66    44    32    56
 1972    21    25    39    53    71    78    78    79    71    56    39    24    53
 1973    28    32    50    54    66    80    81    80    69    66    45    27    56
 1974    25    30    41    61    65    75    85    77    70    62    44    31    56
 1975    27    28    32    48    72    77    82    81    67    68    49    32    55
 1976    28    40    44    61    69    79    85    81    74    57    39    25    57
 1977    13    36    50    68    79    82    86    78    73    59    42    24    58
 1978    17    22    40    57    72    82    81    83    79    60    42    25    55
 1979    12    20    37    53    71    79    82    79    76    60    42    38    54
 1980    26    26    40    60    74    81    86    82    75    57    48    31    57
 1981    32    35    50    63    69    80    83    80    73    58    47    28    58
 1982    16    28    39    54    72    75    84    81    72    63    43    36    55
 1983    30    34    42    53    66    81    87    88    75    61    43    16    56
 1984    24    38    36    57    68    81    83    86    75    62    46    33    57
 1985    24    26    48    65    76    78    85    80    73    60    36    20    56
 1986    27    26    47    63    71    81    85    78    73    61    38    29    57
 1987    29    40    48    66    77    85    87    80    74    58    47    32    60
 1988    20    23    46    59    79    89    88    88    77    56    44    30    58
 1989    33    23    39    57    70    79    86    83    72    64    40    21    56
 1990    37    35    49    59    67    79    81    81    76    61    50    26    58
 1991    20    34    47    60    72    84    84    82    71    60    35    31    57
 1992    30    34    44    54    72    78    75    75    71    60    36    28    55
 1993    25    24    34    53    68    75    79    79    66    59    40    30    53
 1994    15    23    45    60    72    80    78    76    75    61    47    32    55
 1995    23    29    44    54    68    81    83    85    71    59    36    28    55
 1996    23    28    39    57    64    78    80    80    71    62    34    25    53
 1997    21    29    42    56    65    81    81    77    74    62    37    31    55
 1998    27    38    40    60    77    75    83    80    80    61    46    37    59
 1999    21    38    46    59    70    78    87    79    73    63    54    34    58
 2000    27    39    53    62    72    77    81    80    76    65    39    16    57
 2001    27    24    36    64    70    80    84    82    72    59    58    37    58
 2002    38    38    39    59    69    81    86    80    77    54    43    36    58
 2003    27    30    43    60    68    79    82    85    74    63    42    33    57
 2004    23    30    46    64    70    76    79    75    78    61    48    32    57
 2005    23    35    43    64    67    83    84   -99   -99   -99   -99   -99      
 MEAN    24    30    41    58    70    79    82    80    73    61    43    29    55
