# IEM Climodat http://mesonet.agron.iastate.edu/climodat/
# Report Generated: 30 Aug 2005 
# Climate Record: 01 Jan 1951 -> 01 Aug 2005
# Site Information: [IA5992] NEWTON
# Contact Information: Daryl Herzmann akrherz@iastate.edu 515.294.5978
 THESE ARE THE MONTHLY AVG. MIN TEMPS 1951-2006 FOR STATION # ia5992
 YEAR   JAN   FEB  MARCH APRIL  MAY  JUNE  JULY AUGUST SEPT   OCT   NOV   DEC   ANN
 1951    12    17    20    38    53    58    64    62    51    43    24    13    38
 1952    12    26    26    40    51    64    64    61    54    35    29    21    40
 1953    16    21    29    35    50    63    65    63    52    47    33    21    41
 1954    10    28    25    42    46    64    68    63    57    45    33    23    42
 1955    14    15    26    46    54    58    71    67    56    43    23    14    41
 1956    13    16    25    36    52    65    64    65    53    49    30    20    41
 1957     8    23    27    41    51    60    69    64    52    42    29    24    41
 1958    18     7    28    40    52    57    63    64    56    45    33    14    40
 1959     7    16    28    40    55    63    64    68    56    40    22    27    40
 1960    14    13    13    42    50    59    64    64    56    43    31    16    39
 1961    12    22    31    36    48    60    64    64    53    45    31    15    40
 1962     5    16    22    37    57    60    63    63    51    46    32    17    39
 1963     2    10    32    42    50    63    65    62    56    53    34     7    40
 1964    18    18    23    40    56    60    66    59    54    39    32    16    40
 1965    10    12    17    39    55    60    64    61    53    44    31    26    39
 1966     5    15    31    36    45    59    67    59    51    41    30    17    38
 1967    15    12    29    41    46    60    61    58    51    42    28    21    39
 1968    12    13    31    40    47    61    63    63    53    44    28    16    39
 1969     9    20    19    41    51    55    66    63    55    40    28    18    39
 1970     3    15    24    40    54    61    63    63    56    43    30    19    39
 1971     7    15    26    39    47    65    61    60    56    49    31    22    40
 1972     6     6    22    35    48    54    59    59    51    36    26    10    34
 1973    13    19    33    39    46    58    61    63    53    45    29    13    39
 1974    10    16    27    40    48    55    64    58    46    40    29    20    38
 1975    12    14    18    34    48    57    61    61    47    37    28    16    36
 1976    10    22    29    41    47    57    63    56    46    31    20     9    36
 1977    -2    17    33    44    55    62    65    59    56    42    29    15    40
 1978     3     5    24    40    51    59    64    60    55    41    28    14    37
 1979    -1     4    25    35    47    58    62    61    52    41    29    22    36
 1980    14    12    23    38    50    58    65    65    54    37    28    15    38
 1981    13    18    29    44    48    60    64    58    51    38    34    14    39
 1982    -2    14    26    36    55    55    64    62    54    44    29    24    38
 1983    18    24    30    35    46    60    67    69    55    45    34     5    41
 1984    13    26    23    40    47    62    63    64    53    46    30    18    40
 1985     6    14    31    45    52    57    64    61    57    44    23     3    38
 1986    15    15    32    43    53    64    68    60    59    44    25    23    42
 1987    19    25    33    43    56    65    67    63    55    38    35    24    44
 1988    10    12    28    39    55    63    67    68    56    38    30    18    40
 1989    23     7    27    41    49    59    67    64    52    43    24     7    39
 1990    23    21    32    40    49    62    65    65    58    42    34    14    42
 1991     8    23    31    44    58    65    66    64    54    42    23    22    42
 1992    21    26    32    38    51    60    63    58    53    42    29    18    41
 1993    14    15    25    38    53    60    66    65    50    41    28    19    40
 1994     4    12    29    40    51    62    63    61    56    46    33    23    40
 1995    13    18    30    37    49    63    66    69    52    43    24    19    40
 1996     8    16    21    35    50    62    64    63    53    42    24    15    38
 1997     7    21    28    37    46    62    66    62    55    42    28    23    40
 1998    18    29    26    40    55    58    65    65    56    43    32    20    42
 1999     9    25    25    40    51    60    68    60    48    38    32    16    39
 2000    12    24    31    37    52    59    63    64    53    44    25     2    39
 2001    13     9    21    40    52    57    65    62    50    39    37    22    39
 2002    20    20    20    36    46    62    66    60    53    37    25    19    39
 2003     9     9    24    39    47    57    63    63    49    40    27    21    37
 2004     8    13    31    37    50    57    61    56    53    41    31    16    38
 2005    11    22    24    42    46    63    63   -99   -99   -99   -99   -99      
 MEAN    11    17    26    39    50    60    64    62    53    42    29    17    39
