# IEM Climodat http://mesonet.agron.iastate.edu/climodat/
# Report Generated: 30 Aug 2005 
# Climate Record: 01 Jan 1951 -> 01 Aug 2005
# Site Information: [IA5952] NEW-HAMPTON
# Contact Information: Daryl Herzmann akrherz@iastate.edu 515.294.5978
# OF DAYS EACH YEAR WHERE MIN >=32 F  1951-2006 FOR STATION  ia5952
 1951 1952 1953 1954 1955 1956 1957 1958 1959 1960 1961 1962 1963 1964 1965 1966 1967 1968 1969 1970
  205  192  215  213  214  205  209  213  205  203  203  194  211  216  215  204  215  220  212  219

 1971 1972 1973 1974 1975 1976 1977 1978 1979 1980 1981 1982 1983 1984 1985 1986 1987 1988 1989
  214  208  244  220  210  209  236  217  215  218  230  223  235  222  225  222  241  210  212

 1991 1992 1993 1994 1995 1996 1997 1998 1999 2000 2001 2002 2003 2004 2005
  220  220  211  226  215  199  207  243  237  222  229  210  219  227  117

  MEAN=214
