# IEM Climodat http://mesonet.agron.iastate.edu/climodat/
# Report Generated: 30 Aug 2005 
# Climate Record: 01 Jan 1951 -> 01 Aug 2005
# Site Information: [IA6151] OAKLAND-2-E
# Contact Information: Daryl Herzmann akrherz@iastate.edu 515.294.5978
# DAILY MAXIMUM PRECIPITATION FOR STATION NUMBER ia6151 
#    JAN   FEB   MAR   APR   MAY   JUN   JUL   AUG   SEP   OCT   NOV   DEC
  1  0.41  1.55  1.60  1.21  0.95  2.14  1.01  2.23  1.77  0.48  1.57  1.89
  2  0.64  0.54  1.03  0.47  1.68  2.01  2.95  1.47  1.75  1.78  1.42  0.33
  3  0.66  0.50  1.15  1.39  1.34  0.93  2.53  2.83  0.91  0.83  0.31  0.43
  4  0.58  0.58  0.60  2.68  1.08  2.06  3.15  1.55  1.97  1.70  1.97  0.40
  5  0.65  0.94  0.70  1.60  1.18  3.04  2.51  1.83  2.67  1.43  1.28  0.78
  6  0.33  0.15  0.55  2.41  1.34  1.41  2.10  2.84  2.92  1.03  0.94  0.63
  7  0.06  0.19  0.75  2.16  1.75  1.44  1.62  6.46  2.48  1.61  0.95  0.90
  8  0.15  0.08  0.99  0.74  1.44  3.30  1.28  6.25  2.40  1.70  0.33  0.51
  9  0.22  0.80  0.95  1.11  1.24  1.06  4.01  1.08  2.85  1.75  1.62  0.38
 10  0.15  0.55  0.40  0.89  1.89  0.70  1.64  1.53  0.76  1.07  0.91  0.56
 11  0.79  0.93  1.09  1.14  1.71  2.31  1.49  2.17  2.95  2.19  1.15  0.52
 12  0.42  0.36  1.21  0.70  1.14  1.68  1.74  0.78  2.70  1.77  0.96  1.00
 13  0.44  0.50  0.94  0.80  1.21  1.98  1.55  2.74  3.53  1.45  0.35  0.50
 14  0.58  0.33  0.88  1.09  0.66  3.15  0.52  1.76  1.75  0.39  0.86  0.44
 15  0.17  0.79  0.57  2.22  1.06  3.82  2.00  1.11  1.06  0.84  0.37  0.41
 16  0.50  0.20  0.18  1.86  2.32  1.43  1.96  2.65  2.33  1.54  1.24  0.22
 17  0.23  0.50  1.10  1.01  2.82  1.39  1.41  1.60  0.47  1.43  1.25  0.19
 18  1.20  0.73  1.57  1.29  2.73  1.87  1.33  1.79  2.14  1.37  1.80  0.93
 19  0.35  2.30  1.78  0.67  0.86  0.93  1.57  1.70  1.65  0.80  0.78  0.44
 20  0.50  0.57  0.41  1.27  0.65  1.55  2.07  2.05  3.40  1.55  0.82  0.37
 21  0.74  0.93  0.27  1.32  1.43  2.53  0.63  1.49  1.79  0.49  0.75  0.19
 22  0.40  0.88  0.73  1.34  1.31  3.88  3.89  1.88  1.40  1.27  0.24  0.40
 23  0.50  0.51  0.91  1.38  1.50  5.45  2.23  2.70  1.61  1.90  0.87  0.44
 24  0.59  0.18  0.87  1.39  1.17  1.47  2.47  0.95  1.16  1.01  1.34  0.45
 25  0.10  0.94  1.15  1.22  1.76  1.89  1.91  1.47  0.90  1.27  0.70  0.73
 26  0.26  0.28  1.46  1.84  1.87  3.53  7.37  2.82  2.55  1.25  0.23  0.06
 27  0.40  0.47  1.52  1.44  1.76  1.50  1.98  1.70  0.95  0.81  0.20  1.28
 28  0.17  0.56  1.49  1.85  2.71  1.36  1.24  2.37  1.48  0.48  0.91  2.16
 29  0.50  0.20  1.62  1.60  1.31  3.33  1.07  3.01  4.65  1.40  0.52  0.52
 30  0.69  ****  0.97  2.29  1.41  2.39  0.75  2.11  1.32  1.91  1.91  0.72
 31  0.34  ****  1.62  ****  1.43  ****  0.99  2.75  ****  1.87  ****  0.31
