# IEM Climodat http://mesonet.agron.iastate.edu/climodat/
# Report Generated: 30 Aug 2005 
# Climate Record: 01 Jan 1951 -> 01 Aug 2005
# Site Information: [IA6103] NORTHWOOD
# Contact Information: Daryl Herzmann akrherz@iastate.edu 515.294.5978
# OF DAYS EACH YEAR WHERE MIN >=32 F  1951-2006 FOR STATION  ia6103
 1951 1952 1953 1954 1955 1956 1957 1958 1959 1960 1961 1962 1963 1964 1965 1966 1967 1968 1969 1970
  202  189  209  207  210  193  206  217  212  211  211  205  220  215  215  208  206  213  202  206

 1971 1972 1973 1974 1975 1976 1977 1978 1979 1980 1981 1982 1983 1984 1985 1986 1987 1988 1989
  214  214  238  217  217  210  234  216  206  204  226  205  217  216  224  217  225  203  192

 1991 1992 1993 1994 1995 1996 1997 1998 1999 2000 2001 2002 2003 2004 2005
  206  199  197  213  200  188  188  230  215  224  220  192  210  217  116

  MEAN=208
