# IEM Climodat http://mesonet.agron.iastate.edu/climodat/
# Report Generated: 30 Aug 2005 
# Climate Record: 01 Jan 1951 -> 01 Aug 2005
# Site Information: [IA6243] ONAWA
# Contact Information: Daryl Herzmann akrherz@iastate.edu 515.294.5978
# DAILY MAXIMUM PRECIPITATION FOR STATION NUMBER ia6243 
#    JAN   FEB   MAR   APR   MAY   JUN   JUL   AUG   SEP   OCT   NOV   DEC
  1  0.48  0.41  0.91  0.55  2.20  1.31  1.15  1.77  0.79  0.52  1.10  0.18
  2  0.51  0.49  0.61  0.99  2.50  1.38  3.86  2.43  0.82  0.76  1.01  0.31
  3  0.40  0.25  0.88  1.00  1.70  1.92  2.51  0.60  0.85  1.60  1.00  1.20
  4  0.16  0.79  0.46  1.09  1.17  0.75  1.18  1.60  2.26  1.60  1.52  0.60
  5  0.40  0.32  0.86  1.08  2.20  2.59  1.70  4.02  1.21  0.78  1.10  0.15
  6  0.15  0.11  1.70  0.80  1.58  0.98  2.40  1.54  1.67  0.81  1.65  0.56
  7  0.13  0.27  0.55  1.50  1.85  1.23  0.90  2.75  1.57  3.08  0.37  0.76
  8  0.10  0.26  0.63  1.17  0.80  1.03  1.11  1.54  2.60  2.41  0.50  0.23
  9  0.23  0.92  0.85  1.10  1.25  2.12  5.02  1.73  1.78  1.02  1.65  0.27
 10  0.75  0.67  0.87  0.31  1.30  1.20  3.45  1.00  0.75  2.40  0.83  0.45
 11  0.35  0.35  1.18  2.30  2.34  1.07  2.90  0.66  1.43  1.69  1.39  0.61
 12  0.36  0.32  1.31  1.26  0.79  1.80  1.74  1.12  2.57  1.00  0.64  0.74
 13  0.17  0.69  0.95  0.79  0.70  2.78  2.62  1.49  3.06  1.20  0.39  0.31
 14  0.64  0.66  0.55  0.71  1.28  2.29  2.94  2.66  0.97  0.13  0.38  0.72
 15  0.58  0.76  0.86  1.55  0.84  2.05  1.92  3.14  1.33  1.95  0.75  0.34
 16  0.65  0.22  0.17  0.38  2.00  4.83  0.30  1.80  0.99  1.53  0.76  1.08
 17  0.20  0.21  1.12  1.00  1.14  2.01  9.12  1.38  0.44  2.52  0.96  1.10
 18  0.62  0.91  1.36  0.67  2.92  1.85  1.65  2.55  1.62  1.73  1.10  0.38
 19  0.60  0.83  1.02  1.26  1.17  2.22  2.37  1.42  1.72  1.00  1.10  0.62
 20  0.35  1.56  0.72  1.37  1.21  1.11  1.34  1.63  1.25  0.82  0.93  0.52
 21  0.38  0.42  0.41  1.31  2.43  2.52  3.10  1.60  1.22  0.40  1.05  0.32
 22  0.79  0.66  1.54  3.20  2.01  1.72  0.88  1.23  1.00  0.98  0.27  0.57
 23  0.52  0.67  2.89  1.29  1.38  1.40  0.70  1.31  1.32  0.30  0.80  0.08
 24  0.20  0.26  1.08  0.70  0.97  3.06  1.50  1.84  0.99  0.62  1.55  0.81
 25  0.22  0.66  0.69  0.86  1.86  3.38  1.82  1.28  0.55  0.60  0.70  0.41
 26  0.24  1.13  1.63  1.25  1.70  3.10  1.50  1.20  2.01  0.90  0.43  0.20
 27  0.42  0.58  1.17  2.16  1.57  3.11  0.86  0.95  0.62  1.10  0.67  0.72
 28  0.23  1.98  1.31  2.40  1.72  1.44  0.59  1.21  3.52  0.50  0.58  0.82
 29  0.50  0.09  1.45  1.48  2.00  2.66  2.08  0.74  0.75  1.15  0.23  0.66
 30  0.87  ****  0.62  1.56  1.48  1.69  1.01  4.37  1.23  3.27  1.87  0.59
 31  0.60  ****  0.71  ****  2.00  ****  0.99  1.21  ****  1.18  ****  0.30
