# IEM Climodat http://mesonet.agron.iastate.edu/climodat/
# Report Generated: 30 Aug 2005 
# Climate Record: 01 Jan 1951 -> 01 Aug 2005
# Site Information: [IA6200] OELWEIN-2-S
# Contact Information: Daryl Herzmann akrherz@iastate.edu 515.294.5978
 THESE ARE THE MONTHLY AVG. MIN TEMPS 1951-2006 FOR STATION # ia6200
 YEAR   JAN   FEB  MARCH APRIL  MAY  JUNE  JULY AUGUST SEPT   OCT   NOV   DEC   ANN
 1951     5    12    18    33    50    53    58    57    47    41    18    10    34
 1952     8    21    21    35    46    58    61    56    47    27    24    17    35
 1953    12    14    23    31    45    57    60    58    46    43    27    17    36
 1954     7    24    21    39    42    62    63    58    53    40    30    18    38
 1955    11    12    21    42    49    55    67    61    50    39    20     9    36
 1956     8    10    21    31    46    59    57    59    47    45    26    18    36
 1957     3    20    24    38    47    57    64    61    49    38    26    20    37
 1958    14     6    23    35    46    53    59    59    51    41    28     8    35
 1959     3     5    22    36    52    58    60    65    52    38    17    24    36
 1960    12    13    10    39    48    55    59    61    53    38    29    11    36
 1961     7    19    25    31    43    56    58    59    51    40    27     9    35
 1962     1    10    18    32    53    56    59    58    47    42    28    13    35
 1963    -2     5    27    38    47    58    60    57    52    48    30     2    35
 1964    14    14    20    37    51    56    61    55    50    36    29    11    36
 1965     5     7    14    36    51    55    59    58    50    40    28    23    36
 1966     0    11    28    33    41    57    63    57    48    38    27    15    35
 1967    12     6    27    39    44    58    57    54    48    38    24    17    35
 1968    10     9    27    37    44    57    59    60    50    41    27    13    36
 1969     6    16    19    39    50    53    62    59    51    38    26    13    36
 1970    -2     9    22    36    50    57    60    58    51    41    28    12    35
 1971     3    10    21    36    45    61    56    56    53    47    28    18    36
 1972     3     6    23    34    49    56    59    60    52    36    27     8    34
 1973    11    16    33    35    44    57    62    61    51    44    28    12    38
 1974     9    13    24    38    45    52    62    56    44    38    28    18    36
 1975     9    11    15    32    50    58    60    61    46    39    31    18    36
 1976     7    20    27    38    45    56    59    54    45    33    16     3    34
 1977    -8    13    33    43    55    58    62    58    53    39    25    11    37
 1978    -3     0    21    37    49    58    62    59    55    39    25    10    34
 1979    -5     0    23    34    47    56    61    61    51    40    26    19    34
 1980    11     9    20    36    48    58    64    63    53    36    28    16    37
 1981    10    15    27    41    46    57    63    59    51    39    31    13    38
 1982    -3    11    24    32    54    53    63    60    52    43    28    22    37
 1983    17    22    28    33    45    59    65    65    52    42    31     2    38
 1984     7    23    19    37    46    60    59    61    49    44    28    17    38
 1985     4    10    29    41    51    55    60    57    54    40    21    -4    35
 1986     9     8    26    39    50    59    65    55    55    41    20    17    37
 1987    12    22    30    40    52    60    66    60    51    33    32    20    40
 1988     2     6    24    35    51    58    63    63    52    33    28    14    36
 1989    19     2    23    36    46    56    64    60    48    40    22     3    35
 1990    19    16    29    37    45    59    63    62    54    37    30     9    38
 1991     0    14    28    41    55    63    63    61    50    38    19    17    37
 1992    15    23    27    36    47    56    58    54    48    37    26    14    37
 1993     8    10    22    34    48    57    63    62    47    37    24    17    36
 1994    -3     4    25    36    47    59    60    56    54    43    30    19    36
 1995    10    12    26    33    46    60    62    66    48    38    18    14    36
 1996     4    12    18    32    46    60    59    59    51    39    21    11    34
 1997     4    16    25    32    42    59    62    58    52    40    25    20    36
 1998    15    29    26    39    54    58    63    63    55    43    30    18    41
 1999     6    23    25    41    51    59    66    59    48    37    30    16    38
 2000     9    20    31    37    51    56    62    62    52    43    25     0    37
 2001     9     8    19    38    50    57    63    60    48    38    36    21    37
 2002    17    17    18    35    43    60    64    59    52    36    24    17    37
 2003     6     5    21    35    45    55    60    61    47    37    26    19    35
 2004     7    12    30    36    47    56    60    55    52    39    31    15    37
 2005     9    20    24    41    45    62    63   -99   -99   -99   -99   -99      
 MEAN     7    13    24    36    48    57    61    59    50    39    26    14    36
