# IEM Climodat http://mesonet.agron.iastate.edu/climodat/
# Report Generated: 30 Aug 2005 
# Climate Record: 01 Jan 1951 -> 01 Aug 2005
# Site Information: [IA6200] OELWEIN-2-S
# Contact Information: Daryl Herzmann akrherz@iastate.edu 515.294.5978
 THESE ARE THE MONTHLY AVG. MAX TEMPS 1951-2006 FOR STATION # ia6200
 YEAR   JAN   FEB  MARCH APRIL  MAY  JUNE  JULY AUGUST SEPT   OCT   NOV   DEC   ANN
 1951    24    29    34    52    74    75    82    80    70    61    38    28    54
 1952    27    36    39    61    67    81    84    79    75    58    47    30    57
 1953    28    31    42    49    68    79    81    81    77    71    50    35    58
 1954    29    44    41    63    66    82    86    80    76    60    49    32    59
 1955    27    28    42    67    75    77    89    87    79    63    40    27    58
 1956    27    31    40    57    71    84    82    82    73    70    45    34    58
 1957    23    37    43    59    68    78    86    81    71    59    41    36    57
 1958    28    24    41    60    73    74    78    82    74    67    50    26    56
 1959    22    26    39    59    73    81    82    84    73    56    36    38    56
 1960    27    27    28    60    69    76    82    82    75    63    49    31    56
 1961    28    38    41    52    68    81    82    83    71    64    45    27    57
 1962    22    26    35    57    74    78    80    82    71    64    47    31    56
 1963    15    26    47    62    70    83    83    79    73    72    49    19    56
 1964    33    37    39    58    74    80    86    81    72    62    49    27    58
 1965    25    27    30    55    74    78    82    80    68    62    46    39    56
 1966    20    32    49    54    67    79    85    80    72    63    47    31    57
 1967    31    27    46    60    67    79    81    78    73    60    41    34    56
 1968    27    30    54    63    67    82    83    81    73    63    44    29    58
 1969    21    30    38    61    72    74    82    83    73    57    47    29    56
 1970    17    32    39    60    73    79    85    81    72    62    44    32    56
 1971    22    26    37    62    67    84    79    81    78    68    45    33    57
 1972    23    26    40    56    73    80    79    81    73    57    40    25    54
 1973    28    33    52    55    66    81    83    83    72    68    46    27    58
 1974    24    30    42    60    64    75    85    78    70    62    46    31    56
 1975    28    28    33    52    73    79    84    83    69    68    51    33    57
 1976    29    41    46    62    70    81    86    82    76    58    40    27    58
 1977    14    36    52    68    80    83    90    78    74    60    43    25    59
 1978    17    22    39    59    71    81    81    83    79    61    43    27    55
 1979    13    21    39    53    72    80    83    80    77    62    43    38    55
 1980    26    27    39    61    74    80    86    83    76    58    48    32    58
 1981    32    36    50    64    69    79    82    80    74    59    48    28    58
 1982    16    27    40    54    72    75    83    79    72    64    43    37    55
 1983    30    35    43    52    66    82    87    87    75    61    44    16    56
 1984    24    39    35    56    67    82    82    85    75    63    46    35    57
 1985    23    26    48    65    76    78    84    78    72    60    35    19    55
 1986    27    25    46    62    70    79    83    76    72    59    38    30    56
 1987    29    40    47    64    75    83    86    78    74    56    48    32    59
 1988    21    25    45    60    78    86    88    87    76    55    44    32    58
 1989    34    22    39    57    69    79    87    81    71    63    42    21    55
 1990    37    35    48    58    66    78    80    80    75    60    50    27    58
 1991    21    34    47    60    73    83    83    81    70    59    36    32    57
 1992    31    35    45    55    71    79    76    75    70    60    37    29    55
 1993    25    25    35    53    68    75    79    79    65    58    42    31    53
 1994    15    23    45    59    72    81    78    77    74    62    47    32    55
 1995    23    29    46    53    67    80    83    85    70    60    37    28    55
 1996    24    27    39    56    64    77    79    79    70    60    35    26    53
 1997    22    30    45    55    64    80    80    77    73    62    37    31    55
 1998    29    40    40    59    75    75    82    80    78    61    48    37    59
 1999    22    38    45    59    70    78    85    77    72    63    54    35    58
 2000    27    39    53    60    72    77    80    80    75    64    39    16    57
 2001    26    25    36    62    70    77    83    81    70    59    57    38    57
 2002    37    37    38    57    68    80    85    80    77    55    42    37    58
 2003    25    28    42    60    67    77    81    85    74    64    43    34    57
 2004    23    30    47    62    70    76    80    76    78    61    49    33    57
 2005    24    36    43    64    66    83    84   -99   -99   -99   -99   -99      
 MEAN    25    31    42    59    70    79    83    81    73    62    44    30    56
