# IEM Climodat http://mesonet.agron.iastate.edu/climodat/
# Report Generated: 30 Aug 2005 
# Climate Record: 01 Jan 1951 -> 01 Aug 2005
# Site Information: [IA6327] OSKALOOSA
# Contact Information: Daryl Herzmann akrherz@iastate.edu 515.294.5978
# DAILY MAXIMUM PRECIPITATION FOR STATION NUMBER ia6327 
#    JAN   FEB   MAR   APR   MAY   JUN   JUL   AUG   SEP   OCT   NOV   DEC
  1  0.70  0.48  0.72  1.29  1.47  1.00  1.41  0.93  1.47  0.30  2.70  0.86
  2  0.76  0.58  1.50  0.65  1.19  3.16  1.90  1.17  1.64  1.03  2.74  0.95
  3  0.77  0.30  1.24  1.69  1.51  0.55  3.40  0.89  1.38  0.93  1.63  0.77
  4  1.10  0.57  1.26  1.25  1.47  1.10  2.23  1.21  1.02  1.36  1.05  1.10
  5  0.54  0.52  1.03  0.75  1.46  1.21  2.55  5.36  1.96  2.53  0.36  0.49
  6  0.49  0.80  1.15  1.67  1.60  1.55  1.88  3.07  1.82  0.48  0.40  0.28
  7  0.16  0.36  1.50  0.90  2.53  2.34  2.25  1.58  1.05  1.23  1.02  1.14
  8  0.18  0.15  0.93  0.70  3.41  2.26  4.35  1.45  1.47  1.00  0.33  1.92
  9  0.08  1.85  0.50  1.05  1.29  1.75  1.85  0.90  2.04  3.21  0.95  0.30
 10  0.50  0.96  0.62  0.97  2.75  1.16  1.78  2.02  1.27  2.05  1.59  0.83
 11  0.19  0.81  1.97  1.14  1.40  2.05  1.55  1.60  1.74  0.98  1.12  1.20
 12  1.05  0.44  1.80  1.08  1.50  2.10  2.50  2.38  0.64  1.60  1.92  0.51
 13  0.74  0.46  1.09  1.34  1.70  1.21  0.99  2.00  5.55  2.05  0.92  0.50
 14  0.43  0.29  0.54  1.11  1.02  2.52  0.63  4.65  2.93  1.02  0.94  0.77
 15  0.84  0.78  1.00  1.38  0.58  2.38  2.98  1.41  2.13  1.18  0.90  1.32
 16  1.21  0.89  1.35  1.92  1.47  1.67  2.00  1.77  0.69  1.43  2.02  0.42
 17  0.38  0.50  0.50  1.05  2.35  2.25  1.35  2.28  3.34  0.95  4.65  0.38
 18  1.05  0.82  0.74  1.87  0.82  1.14  3.22  1.54  1.82  3.20  0.85  0.42
 19  0.50  0.65  1.71  1.78  1.81  1.35  1.43  1.60  1.42  1.62  0.50  0.66
 20  0.65  0.65  0.76  2.24  1.26  2.04  2.56  1.92  2.64  1.48  1.04  1.35
 21  0.40  1.60  0.50  1.40  1.35  2.65  1.58  1.60  1.79  0.62  1.20  0.70
 22  0.45  0.80  0.86  0.93  1.51  1.01  1.26  0.94  0.55  1.42  0.70  0.22
 23  0.54  0.92  1.07  0.77  1.70  2.02  0.67  1.63  2.23  1.30  1.88  0.97
 24  0.20  0.63  0.95  1.71  2.25  6.51  0.85  1.18  1.18  1.21  0.36  1.33
 25  0.85  0.85  1.32  2.52  2.03  1.91  2.00  1.65  1.50  0.72  0.46  0.62
 26  0.57  0.45  1.05  0.95  2.50  4.69  1.86  3.64  1.76  0.95  0.79  0.27
 27  1.10  0.35  1.19  1.61  1.50  1.86  1.23  1.56  2.86  0.92  1.03  0.67
 28  0.26  0.66  0.85  1.52  1.23  3.20  1.37  3.41  0.66  0.92  1.05  0.85
 29  0.73  0.00  0.96  0.87  2.88  3.10  0.94  1.74  2.44  0.42  3.52  0.47
 30  0.67  ****  1.40  2.59  0.82  3.13  2.10  1.42  1.54  0.95  0.86  1.00
 31  0.52  ****  1.38  ****  0.75  ****  1.07  1.49  ****  1.90  ****  1.24
