# IEM Climodat http://mesonet.agron.iastate.edu/climodat/
# Report Generated: 30 Aug 2005 
# Climate Record: 01 Jan 1951 -> 01 Aug 2005
# Site Information: [IA6719] POCAHONTAS
# Contact Information: Daryl Herzmann akrherz@iastate.edu 515.294.5978
 THESE ARE THE MONTHLY AVG. MIN TEMPS 1951-2006 FOR STATION # ia6719
 YEAR   JAN   FEB  MARCH APRIL  MAY  JUNE  JULY AUGUST SEPT   OCT   NOV   DEC   ANN
 1951     5    12    14    35    50    56    61    59    47    40    19     9    34
 1952     6    22    22    36    47    60    62    58    50    31    26    17    36
 1953    10    17    26    33    48    60    60    57    45    39    27    18    37
 1954     4    26    22    39    42    61    63    59    53    39    28    18    38
 1955    10     6    19    43    50    55    69    63    52    40    17     7    36
 1956     5     7    21    31    49    61    60    61    48    45    25    18    36
 1957     3    17    24    36    47    56    67    61    49    39    27    21    37
 1958    16     6    24    37    48    54    59    61    52    41    26     8    36
 1959     3     7    24    36    51    59    60    65    52    37    17    24    36
 1960    10    11    10    38    47    55    60    62    53    39    28    12    35
 1961     8    16    27    32    45    58    61    61    50    41    26    10    36
 1962     1    13    17    34    55    56    61    60    48    44    32    15    36
 1963     1    10    29    38    47    61    63    60    55    49    32     6    38
 1964    16    17    19    39    53    58    64    57    50    37    29    10    37
 1965     6     7    15    36    52    59    63    58    48    42    27    23    36
 1966     2    12    28    33    43    58    66    55    49    38    24    14    35
 1967    11     8    27    38    44    59    60    56    48    39    25    17    36
 1968    10    11    29    38    43    59    63    61    51    42    27    12    37
 1969     3    14    14    38    50    53    64    61    51    38    26    13    35
 1970    -1    11    21    37    50    59    62    61    53    40    27    12    36
 1971     3    12    23    37    45    63    59    57    52    44    27    15    36
 1972     4     6    24    34    49    56    60    60    49    33    27     4    34
 1973     9    14    32    36    45    58    62    60    51    43    27    10    37
 1974     3    13    23    36    46    55    64    56    44    35    26    14    35
 1975     5     7    13    32    50    59    62    61    46    35    27    17    34
 1976     7    21    24    39    45    55    61    56    47    32    17     3    34
 1977    -6    12    29    41    54    58    63    57    51    36    24    11    36
 1978    -5     0    21    37    46    57    61    58    54    35    20     5    32
 1979    -9    -5    18    33    43    57    61    61    50    35    25    16    32
 1980    10     7    21    36    46    57    63    60    48    35    25    11    35
 1981     8    13    24    41    44    58    61    58    47    34    27     8    35
 1982    -7     6    23    32    50    51    60    57    50    38    22    18    33
 1983    12    20    27    33    42    58    63    62    47    35    24    -9    34
 1984     5    16    16    34    42    56    57    56    45    39    24    11    33
 1985     2     8    28    40    49    52    56    53    49    37    16    -3    32
 1986    12     9    26    38    48    57    61    56    53    40    18    15    36
 1987    14    20    28    38    52    61    64    58    51    32    31    20    39
 1988     2     6    24    33    52    61    61    61    50    32    25    11    35
 1989    17     2    20    34    46    56    63    59    47    37    17     2    33
 1990    16    13    26    33    44    60    62    61    53    36    27     6    36
 1991    -1    16    26    39    53    63    62    59    49    34    18    16    36
 1992    18    23    26    33    47    55    58    54    47    37    26    14    36
 1993     4     8    20    34    48    57    63    61    46    35    22    15    34
 1994    -3     3    26    33    48    60    58    56    52    41    28    14    35
 1995     7    13    26    32    45    59    62    63    46    37    19    16    35
 1996     4    11    15    31    46    59    58    57    48    37    18     8    33
 1997     3    12    24    31    41    58    62    58    50    38    22    20    35
 1998    11    23    22    38    52    57    63    62    53    40    30    15    39
 1999     4    21    24    37    49    58    65    58    46    33    28    14    36
 2000     8    19    29    34    50    55    62    61    47    41    21    -2    35
 2001     9     4    18    37    50    57    64    61    50    38    35    21    37
 2002    15    17    18    36    44    62    66    59    52    34    23    16    37
 2003     7     7    22    37    47    57    62    62    47    37    24    17    36
 2004     6    12    30    36    49    57    60    55    53    40    28    14    37
 2005     9    21    23    41    47    62    65   -99   -99   -99   -99   -99      
 MEAN     6    12    23    36    48    58    62    59    50    38    25    12    35
