# IEM Climodat http://mesonet.agron.iastate.edu/climodat/
# Report Generated: 30 Aug 2005 
# Climate Record: 01 Jan 1951 -> 01 Aug 2005
# Site Information: [IA6800] PRIMGHAR
# Contact Information: Daryl Herzmann akrherz@iastate.edu 515.294.5978
 THESE ARE THE MONTHLY AVG. MEAN TEMPS 1951-2006 FOR STATION # ia6800
 YEAR   JAN   FEB  MARCH APRIL  MAY  JUNE  JULY AUGUST SEPT   OCT   NOV   DEC   ANN
 1951    16    26    22    42    61    63    70    69    58    50    29    16    43
 1952    16    29    28    50    59    74    74    70    64    48    36    23    48
 1953    18    23    34    42    60    72    74    72    63    58    39    24    48
 1954    14    34    29    50    54    70    76    71    64    49    41    26    48
 1955    21    16    30    56    64    67    78    78    66    52    27    15    48
 1956    14    18    30    44    61    76    72    73    64    58    34    26    48
 1957    12    26    33    48    58    68    78    72    60    48    34    30    47
 1958    24    18    33    48    64    66    70    75    66    55    36    18    48
 1959    14    16    34    48    60    72    72    75    63    46    26    31    47
 1960    16    18    19    48    60    67    74    73    64    52    38    21    46
 1961    16    24    34    42    57    70    72    73    61    54    34    16    46
 1962    12    19    24    45    64    68    70    70    58    52    40    22    45
 1963     6    20    38    50    59    74    75    71    66    62    41    14    48
 1964    25    28    29    49    64    70    76    70    63    52    38    18    49
 1965    16    17    22    47    65    70    74    72    56    54    36    30    47
 1966    11    22    40    44    58    70    78    69    62    52    34    22    47
 1967    20    18    40    50    56    68    74    72    62    51    36    26    48
 1968    18    22    44    52    56    73    74    74    63    53    36    19    49
 1969    11    22    23    50    62    65    74    73    64    48    36    20    46
 1970     6    22    28    48    62    72    75    74    64    50    34    20    46
 1971    12    21    32    51    58    74    70    72    64    56    36    22    47
 1972    12    16    34    48    62    71    72    72    62    48    34    14    45
 1973    19    24    42    48    59    72    72    74    61    56    37    19    48
 1974    16    26    36    50    59    69    78    68    60    54    36    24    48
 1975    18    17    26    42    64    69    76    74    60    56    37    22    47
 1976    18    32    34    52    58    70    75    75    65    46    29    18    47
 1977     6    28    38    56    68    72    76    68    65    50    34    18    48
 1978     6    12    32    48    60    71    74    72    68    52    32    15    45
 1979     2     8    27    44    56    70    74    70    66    50    32    28    44
 1980    18    18    31    51    62    72    77    72    66    50    40    23    48
 1981    24    28    41    55    60    72    74    70    65    48    41    19    50
 1982     5    20    33    46    62    66    75    72    63    52    32    26    46
 1983    20    26    33    42    56    69    78    78    65    52    35     4    47
 1984    17    29    26    46    58    71    74    75    62    52    36    22    47
 1985    14    20    40    54    64    68    74    68    60    50    24    10    46
 1986    22    19    40    51    62    73    76    68    64    52    30    26    48
 1987    24    34    40    55    67    74    76    70    64    48    40    26    52
 1988    13    17    38    50    68    76    75    76    66    48    36    22    49
 1989    28    14    32    50    61    68    76    72    62    53    31    12    47
 1990    29    25    38    48    58    72    72    72    67    50    38    18    49
 1991    12    30    38    52    64    74    72    72    62    50    26    26    48
 1992    26    30    38    44    62    68    66    66    62    50    30    22    47
 1993    14    16    27    44    58    66    71    71    58    50    30    22    44
 1994     6    13    37    49    63    71    69    68    64    52    37    22    46
 1995    16    23    34    42    56    68    72    74    60    48    28    22    45
 1996    12    22    26    44    55    70    68    69    59    51    24    12    43
 1997    10    20    33    42    53    70    72    69    64    52    28    26    45
 1998    20    32    29    48    64    65    72    71    68    52    38    26    49
 1999    13    30    36    48    60    66    75    70    60    50    44    25    48
 2000    18    30    41    48    62    66    72    72    64    52    26     7    46
 2001    18    13    26    50    60    68    74    71    60    49    44    26    47
 2002    26    28    25    48    56    72    76    70    64    43    33    26    47
 2003    18    20    34    49    56    66    72    73    60    52    32    24    46
 2004    16    19    38    50    58    66    70    66    66    52    40    28    47
 2005    17    31    36    53    59    73    76   -99   -99   -99   -99   -99      
 MEAN    16    22    33    48    60    70    74    72    63    51    34    21    46
