# IEM Climodat http://mesonet.agron.iastate.edu/climodat/
# Report Generated: 30 Aug 2005 
# Climate Record: 01 Jan 1951 -> 01 Aug 2005
# Site Information: [IA7147] ROCK-RAPIDS
# Contact Information: Daryl Herzmann akrherz@iastate.edu 515.294.5978
 THESE ARE THE MONTHLY AVG. MAX TEMPS 1951-2006 FOR STATION # ia7147
 YEAR   JAN   FEB  MARCH APRIL  MAY  JUNE  JULY AUGUST SEPT   OCT   NOV   DEC   ANN
 1951    25    35    30    50    71    73    81    79    68    59    39    25    53
 1952    24    34    35    61    70    84    85    82    77    61    47    31    58
 1953    27    31    43    51    69    83    84    84    76    70    50    32    58
 1954    23    44    37    63    67    80    88    81    74    56    52    32    58
 1955    29    26    42    70    77    77    89    91    78    67    37    22    59
 1956    22    26    39    56    73    88    83    83    77    72    44    36    58
 1957    22    35    42    59    68    78    89    81    70    57    42    39    57
 1958    34    29    40    60    77    76    80    89    78    68    49    29    59
 1959    23    26    44    62    71    85    87    86    73    56    35    37    57
 1960    24    24    29    58    71    77    85    84    74    64    48    32    56
 1961    26    33    43    53    68    80    84    84    72    65    43    26    56
 1962    24    25    32    58    74    77    81    83    71    65    50    35    56
 1963    18    31    49    64    72    85    86    82    76    73    52    24    59
 1964    35    39    39    60    77    83    88    79    72    64    46    27    59
 1965    25    29    30    58    75    80    84    82    64    67    46    38    56
 1966    18    30    51    54    72    80    90    81    72    65    44    30    57
 1967    29    30    51    62    68    77    85    83    76    64    46    34    59
 1968    28    32    57    64    70    85    83    86    74    64    45    27    60
 1969    20    29    33    62    75    76    85    86    77    55    44    30    56
 1970    17    32    36    58    73    83    87    85    74    58    41    29    56
 1971    20    29    40    63    70    85    82    86    75    65    45    27    57
 1972    21    25    42    55    71    80    82    82    72    58    40    24    54
 1973    27    31    48    59    69    83    85    87    70    67    45    26    58
 1974    24    33    45    60    69    81    92    80    72    65    45    34    58
 1975    27    26    34    50    76    78    89    85    71    67    47    28    56
 1976    25    39    43    65    72    85    92    89    78    59    41    31    60
 1977    16    39    48    67    80    84    88    80    75    60    42    26    59
 1978    14    19    41    56    73    82    86    84    81    63    43    26    56
 1979    12    19    36    54    68    81    87    81    78    62    42    37    55
 1980    29    27    40    64    76    84    91    84    77    61    51    31    60
 1981    34    38    53    67    72    83    86    81    79    59    50    28    61
 1982    15    25    41    57    72    77    88    84    72    60    40    34    55
 1983    28    32    41    51    68    78    90    93    76    61    41    11    56
 1984    26    36    34    55    68    81    86    87    72    61    47    33    57
 1985    23    28    50    64    77    79    87    80    70    61    33    20    56
 1986    31    26    47    62    73    85    90    81    73    63    39    36    59
 1987    35    48    48    71    78    86    88    81    76    57    49    32    62
 1988    21    24    48    58    79    90    88    87    75    58    44    31    59
 1989    36    21    39    60    73    80    88    83    73    66    40    21    57
 1990    38    36    46    60    68    82    83    82    79    61    46    26    59
 1991    20    38    48    61    71    82    83    83    73    60    32    32    57
 1992    34    35    46    51    74    78    74    75    72    61    36    28    55
 1993    21    22    36    53    67    74    80    81    67    59    38    28    52
 1994    15    21    46    60    74    81    80    79    76    62    47    30    56
 1995    23    32    41    50    65    79    85    86    72    58    35    30    55
 1996    20    31    37    55    64    81    81    81    70    63    32    19    53
 1997    17    28    40    54    64    83    85    82    77    65    37    34    56
 1998    27    40    36    59    77    76    84    82    83    64    45    38    59
 1999    22    39    46    57    72    77    87    83    74    63    56    37    59
 2000    29    39    53    59    73    78    84    84    76    63    35    16    57
 2001    27    21    35    59    71    80    85    84    73    62    58    36    58
 2002    36    41    34    59    68    85    90    83    77    52    44    37    59
 2003    27    29    44    62    69    80    85    87    74    66    41    32    58
 2004    25    27    48    64    69    78    83    79    79    62    49    35    58
 2005    23    39    44    63    68    83    86   -99   -99   -99   -99   -99      
 MEAN    25    31    42    59    72    81    86    83    74    62    44    30    56
