# IEM Climodat http://mesonet.agron.iastate.edu/climodat/
# Report Generated: 30 Aug 2005 
# Climate Record: 01 Jan 1951 -> 01 Aug 2005
# Site Information: [IA7161] ROCKWELL-CITY
# Contact Information: Daryl Herzmann akrherz@iastate.edu 515.294.5978
 THESE ARE THE MONTHLY AVG. MEAN TEMPS 1951-2006 FOR STATION # ia7161
 YEAR   JAN   FEB  MARCH APRIL  MAY  JUNE  JULY AUGUST SEPT   OCT   NOV   DEC   ANN
 1951    17    23    26    43    62    64    72    70    59    51    30    18    45
 1952    18    32    31    50    60    74    74    70    65    48    38    24    48
 1953    20    26    36    43    60    73    74    72    65    57    41    28    50
 1954    16    36    30    52    56    72    76    71    65    50    40    27    49
 1955    20    18    32    56    64    67    79    77    66    53    29    18    48
 1956    17    21    33    46    62    76    72    73    64    58    36    28    49
 1957    14    28    36    48    58    68    78    72    60    49    34    30    48
 1958    23    18    33    49    63    66    70    74    64    56    40    20    48
 1959    14    19    35    49    62    71    72    78    63    48    28    32    48
 1960    18    18    20    50    60    68    73    73    65    54    39    23    47
 1961    20    27    35    44    58    69    72    72    61    55    36    18    47
 1962    13    20    26    48    66    69    72    71    60    54    40    24    47
 1963     8    20    40    52    60    74    76    72    66    63    42    16    49
 1964    26    29    30    50    66    70    78    70    63    52    40    20    50
 1965    17    18    22    48    66    70    75    72    58    54    38    32    48
 1966    12    24    40    44    58    70    78    70    62    53    36    24    48
 1967    22    21    40    51    57    69    72    70    62    50    36    26    48
 1968    19    22    44    52    57    72    73    72    62    54    35    20    48
 1969    13    23    24    50    62    66    74    72    64    49    38    22    46
 1970    10    24    30    50    64    72    75    72    64    50    36    23    48
 1971    14    22    33    50    58    76    72    72    66    56    38    24    48
 1972    14    16    35    46    62    70    72    72    64    48    34    16    46
 1973    20    25    42    48    58    72    74    74    62    58    38    20    49
 1974    16    26    38    51    58    68    78    68    60    54    37    25    48
 1975    18    18    27    44    64    70    76    74    60    56    40    26    48
 1976    21    34    36    54    59    70    76    72    64    46    31    19    49
 1977     8    28    42    56    68    72    76    69    65    50    35    20    49
 1978     8    13    34    48    60    70    72    72    69    50    32    18    46
 1979     4    10    30    45    59    70    74    72    66    52    35    30    46
 1980    21    20    33    51    62    71    77    74    66    50    41    24    49
 1981    24    28    41    56    60    72    74    70    65    48    40    22    50
 1982     8    20    33    46    62    66    74    71    62    52    34    28    46
 1983    22    28    34    42    56    70    77    78    66    51    36     6    47
 1984    18    32    28    46    58    72    72    74    62    53    38    24    48
 1985    17    22    40    54    64    68    73    68    62    52    26    11    46
 1986    24    20    42    52    62    72    75    67    66    52    32    25    49
 1987    26    35    42    54    67    74    76    70    64    48    42    28    52
 1988    15    20    40    50    68    76    76    76    66    48    37    26    50
 1989    30    15    33    52    61    69    75    72    62    53    34    14    48
 1990    32    28    39    50    58    72    72    72    67    52    41    18    50
 1991    13    29    40    52    64    74    74    72    62    50    27    27    49
 1992    28    32    40    46    62    70    68    66    62    51    33    24    49
 1993    16    18    30    46    60    68    72    72    58    50    34    25    46
 1994     8    16    39    50    62    72    71    70    66    54    40    24    48
 1995    18    26    36    46    58    70    74    75    59    50    28    24    47
 1996    14    22    28    44    56    69    70    70    60    50    27    16    44
 1997    12    23    36    44    53    71    74    70    64    52    30    27    46
 1998    21    30    30    48    64    66    74    72    68    52    40    28    50
 1999    15    30    35    48    59    68    76    70    61    50    44    26    48
 2000    20    31    42    48    62    68    72    72    64    53    30     8    47
 2001    20    14    28    50    60    68    74    72    60    49    48    30    48
 2002    26    28    27    47    56    72    76    70    64    44    33    28    47
 2003    18    18    33    50    57    66    72    72    60    52    34    26    46
 2004    16    20    39    50    59    66    70    65    66    52    39    25    47
 2005    16    30    34    52    57    71    74   -99   -99   -99   -99   -99      
 MEAN    17    24    34    49    61    70    74    72    63    52    36    23    47
