# IEM Climodat http://mesonet.agron.iastate.edu/climodat/
# Report Generated: 30 Aug 2005 
# Climate Record: 01 Jan 1951 -> 01 Aug 2005
# Site Information: [IA7669] SIDNEY
# Contact Information: Daryl Herzmann akrherz@iastate.edu 515.294.5978
# DAILY MAXIMUM PRECIPITATION FOR STATION NUMBER ia7669 
#    JAN   FEB   MAR   APR   MAY   JUN   JUL   AUG   SEP   OCT   NOV   DEC
  1  0.33  1.43  1.13  0.74  1.48  1.11  1.20  2.70  1.47  1.01  1.99  1.40
  2  0.35  0.25  0.76  1.53  1.12  3.23  3.29  1.56  3.20  1.33  1.35  0.15
  3  1.24  0.62  1.29  1.66  0.72  0.82  1.63  1.02  1.51  1.10  1.31  0.56
  4  0.40  0.74  1.37  1.70  1.05  0.30  1.48  1.28  2.16  1.70  2.21  1.71
  5  0.72  0.31  0.53  1.27  1.00  1.40  1.38  0.78  0.88  1.74  0.73  0.71
  6  0.43  0.15  0.90  1.90  1.20  0.86  5.20  1.64  1.60  0.96  0.77  0.61
  7  0.07  0.26  0.70  0.63  1.75  1.56  1.51  1.86  1.98  1.41  0.89  0.83
  8  0.08  0.19  0.60  1.30  1.30  1.02  1.25  3.16  2.30  1.29  0.77  0.26
  9  0.28  1.22  0.56  0.99  2.16  1.70  4.51  3.48  4.16  1.81  1.68  0.57
 10  0.61  0.39  0.85  0.46  2.30  1.09  1.13  2.96  2.59  1.86  0.69  0.66
 11  0.22  0.45  1.46  1.15  1.14  1.03  3.72  0.79  1.87  3.02  0.59  0.39
 12  0.68  0.32  1.26  0.77  0.70  2.79  1.50  0.87  2.05  1.80  0.66  0.65
 13  0.45  1.03  1.20  0.87  0.81  1.95  5.00  2.53  0.84  1.22  1.22  0.22
 14  0.92  0.50  0.95  2.36  0.68  1.58  1.95  2.28  1.20  1.20  0.21  0.62
 15  0.19  0.76  0.56  2.57  1.73  1.80  1.12  1.90  1.82  1.10  1.40  0.40
 16  0.61  0.51  0.63  1.82  1.05  2.08  1.29  2.49  1.55  1.17  1.59  0.58
 17  0.51  0.31  0.90  2.94  1.17  2.19  0.97  2.57  2.20  3.85  2.10  0.26
 18  0.48  0.54  1.66  1.08  1.61  1.73  2.10  2.82  1.12  0.83  1.50  1.22
 19  0.50  2.12  1.39  0.44  1.97  1.68  8.75  0.86  1.13  0.89  0.85  0.22
 20  0.52  0.65  0.72  0.70  1.60  1.01  1.58  1.17  2.20  1.40  1.06  0.60
 21  0.55  0.87  0.30  1.55  2.85  1.95  1.60  1.44  0.91  0.48  0.47  0.27
 22  0.71  0.85  0.65  0.79  2.23  2.27  3.02  2.66  1.83  2.08  0.22  0.70
 23  0.30  0.54  1.03  1.18  3.22  0.98  4.09  2.60  1.80  1.70  1.00  0.58
 24  0.53  1.00  0.64  2.67  1.39  2.26  2.80  1.94  1.93  0.28  0.59  0.90
 25  0.26  1.27  0.91  1.41  1.45  2.17  1.61  2.72  0.64  0.57  0.90  0.38
 26  0.56  0.31  1.53  1.31  4.48  2.71  7.10  0.90  3.01  1.38  0.57  0.08
 27  0.40  0.40  1.09  1.59  2.10  2.27  1.16  1.90  1.05  0.87  1.22  0.98
 28  0.05  0.86  1.15  1.13  4.01  2.79  1.92  4.32  2.11  1.12  0.61  1.13
 29  0.79  0.29  1.72  1.58  1.28  1.89  1.00  2.60  1.19  1.33  0.46  0.46
 30  0.24  ****  1.17  1.60  2.24  3.80  2.96  1.29  0.91  3.28  1.70  0.80
 31  0.73  ****  1.74  ****  1.70  ****  1.23  4.17  ****  0.62  ****  0.35
