# IEM Climodat http://mesonet.agron.iastate.edu/climodat/
# Report Generated: 30 Aug 2005 
# Climate Record: 01 Jan 1951 -> 01 Aug 2005
# Site Information: [IA7678] SIGOURNEY
# Contact Information: Daryl Herzmann akrherz@iastate.edu 515.294.5978
 THESE ARE THE MONTHLY AVG. MAX TEMPS 1951-2006 FOR STATION # ia7678
 YEAR   JAN   FEB  MARCH APRIL  MAY  JUNE  JULY AUGUST SEPT   OCT   NOV   DEC   ANN
 1951    29    36    40    56    75    76    84    83    73    65    44    32    58
 1952    35    40    42    64    71    87    88    83    82    65    50    36    62
 1953    34    40    48    57    72    88    89    86    81    73    55    41    64
 1954    33    49    45    66    68    86    91    83    80    64    52    38    63
 1955    31    33    47    68    76    80    92    91    82    66    43    33    62
 1956    32    35    47    62    77    88    87    85    79    76    50    39    63
 1957    27    42    48    61    70    81    89    85    73    62    47    41    60
 1958    32    26    44    62    76    77    81    85    77    69    55    32    60
 1959    25    33    45    61    75    83    86    87    76    59    40    41    59
 1960    30    29    31    63    70    77    84    86    79    65    53    35    58
 1961    34    40    47    56    69    84    85    85    74    67    48    32    60
 1962    26    32    40    61    79    81    84    85    75    67    51    36    60
 1963    20    30    51    65    70    86    86    82    76    77    53    25    60
 1964    40    40    45    62    78    82    87    83    76    68    56    34    63
 1965    32    36    34    62    77    80    85    83    73    66    53    46    61
 1966    25    37    54    59    69    81    89    82    75    67    52    34    60
 1967    37    34    52    63    72    80    84    80    74    64    47    39    60
 1968    32    36    57    66    70    85    87    87    78    68    46    34    62
 1969    27    34    43    65    75    78    86    86    78    64    52    33    60
 1970    23    39    44    63    79    83    88    85    78    64    49    38    61
 1971    28    33    44    66    71    89    84    86    81    72    50    39    62
 1972    31    33    48    61    74    83    86    85    79    60    43    30    59
 1973    32    39    54    57    69    84    86    85    74    70    50    32    61
 1974    30    38    51    64    70    78    91    80    73    66    48    36    60
 1975    33    32    41    57    77    83    90    88    72    70    55    38    61
 1976    33    49    52    66    71    83    87    86    78    60    44    33    62
 1977    20    41    54    70    80    86    93    82    77    62    47    31    62
 1978    22    24    41    61    72    84    84    85    81    63    48    32    58
 1979    16    24    44    56    74    83    84    84    79    66    48    43    58
 1980    32    31    46    64    77    82    90    88    78    62    52    37    62
 1981    37    42    55    70    72    84    84    83    77    63    52    35    63
 1982    22    34    47    59    76    78    87    83    74    66    49    42    60
 1983    34    41    46    55    70    85    93    96    81    63    50    21    61
 1984    31    45    38    58    70    83    85    88    75    66    51    41    61
 1985    27    31    54    68    77    80    87    80    76    63    41    24    59
 1986    36    30    54    68    73    83    87    79    77    64    44    36    61
 1987    35    48    53    69    80    86    90    84    76    61    53    38    64
 1988    32    33    54    66    80    91    94    93    80    60    51    40    64
 1989    44    29    48    63    71    79    86    83    73    65    48    25    60
 1990    40    39    50    59    66    79    82    82    78    63    54    32    60
 1991    23    39    51    62    74    84    87    83    75    63    38    38    60
 1992    36    41    50    57    72    79    78    77    71    63    40    33    58
 1993    27    27    40    56    70    77    80    82    68    61    45    35    56
 1994    22    30    49    62    71    81    82    80    75    66    51    38    59
 1995    26    37    49    56    66    80    85    86    72    65    41    34    58
 1996    28    33    42    59    65    79    82    82    73    64    39    31    56
 1997    26    34    50    55    66    80    84    80    76    63    43    34    58
 1998    33    44    42    59    74    77    84    83    80    64    51    41    61
 1999    25    43    46    61    71    79    89    81    75    65    58    37    61
 2000    32    43    55    62    74    79    82    84    78    68    43    20    60
 2001    30    30    40    67    71    77    86    85    73    62    60    42    60
 2002    41    41    45    60    68    83    87    83    81    59    45    41    61
 2003    29    31    45    63    70    78    84    88    75    67    46    37    59
 2004    28    33    51    65    73    78    80    77    80    62    51    37    60
 2005    28    41    47    66    70    84    88   -99   -99   -99   -99   -99      
 MEAN    30    36    47    62    73    82    86    84    76    65    49    35    59
