# IEM Climodat http://mesonet.agron.iastate.edu/climodat/
# Report Generated: 30 Aug 2005 
# Climate Record: 01 Jan 1951 -> 01 Aug 2005
# Site Information: [IA7708] SIOUX-CITY-WSO-AP
# Contact Information: Daryl Herzmann akrherz@iastate.edu 515.294.5978
# DAILY MAXIMUM PRECIPITATION FOR STATION NUMBER ia7708 
#    JAN   FEB   MAR   APR   MAY   JUN   JUL   AUG   SEP   OCT   NOV   DEC
  1  0.56  0.26  0.57  1.38  2.19  2.59  1.56  1.72  1.83  0.66  1.29  0.08
  2  0.27  0.22  1.12  0.96  0.75  1.75  1.00  0.77  2.85  1.43  0.47  0.46
  3  0.38  0.10  1.05  0.98  0.87  0.78  2.26  1.42  2.38  1.18  0.87  1.08
  4  0.08  0.43  0.60  1.27  1.86  1.20  1.87  2.05  1.10  0.38  1.30  0.13
  5  0.58  0.18  0.80  1.52  0.98  1.01  1.35  1.50  1.40  1.47  0.55  0.27
  6  0.14  0.08  1.65  0.59  0.90  1.27  2.15  1.94  0.43  0.66  0.32  0.57
  7  0.16  0.17  0.59  0.89  0.85  2.94  1.12  1.66  0.86  2.34  0.59  0.15
  8  0.12  1.03  0.66  1.09  1.10  1.43  2.95  2.03  0.95  1.90  0.85  0.21
  9  0.20  0.53  0.49  0.82  1.59  1.17  2.53  1.24  1.81  1.20  1.70  0.35
 10  0.71  0.36  0.38  0.66  0.90  1.26  1.19  0.83  2.83  1.11  0.15  0.94
 11  0.33  0.48  1.45  1.24  1.91  1.44  2.74  0.59  1.64  1.25  0.91  0.44
 12  0.14  0.15  1.28  0.99  0.95  1.18  2.56  1.30  1.54  0.64  0.62  0.79
 13  0.45  0.34  1.20  1.10  0.95  3.86  2.25  0.57  1.52  0.94  0.12  0.34
 14  0.88  0.54  0.50  1.10  1.69  2.71  1.08  2.62  1.59  0.97  1.02  0.31
 15  0.29  0.32  0.87  0.66  1.87  1.46  0.55  1.64  2.87  0.92  0.63  0.25
 16  0.22  0.04  0.22  0.91  1.34  1.45  4.51  1.08  0.84  2.32  0.97  0.55
 17  0.63  0.68  0.67  0.80  1.24  1.01  5.50  0.46  0.35  0.77  1.05  0.19
 18  0.29  2.15  0.73  2.00  1.35  1.78  1.68  2.01  1.70  0.67  0.55  0.39
 19  0.69  0.95  0.98  1.95  0.70  0.94  1.18  0.75  0.70  1.35  1.46  0.35
 20  0.20  1.28  0.47  1.10  1.16  3.57  2.13  1.82  1.35  0.46  0.85  0.19
 21  0.53  0.18  0.34  0.70  1.03  1.05  1.52  4.28  0.57  0.30  0.52  0.44
 22  1.09  0.33  1.22  1.13  1.88  1.19  1.10  3.19  2.02  0.37  0.27  0.54
 23  0.23  0.36  1.66  1.12  2.10  1.13  0.57  0.75  0.90  0.48  0.66  0.13
 24  0.27  0.25  0.46  0.89  1.26  1.86  0.98  0.76  0.48  0.18  1.74  0.84
 25  0.11  0.69  0.51  0.77  1.73  2.33  1.47  2.21  0.39  0.29  0.39  0.37
 26  0.43  0.79  1.15  1.35  0.95  0.89  2.04  1.53  0.59  0.29  0.57  0.06
 27  0.22  0.61  1.11  1.21  1.59  0.70  1.00  1.42  0.48  0.69  1.36  1.00
 28  0.08  1.05  1.33  1.05  2.16  1.11  1.25  2.34  1.93  0.55  0.39  0.33
 29  0.80  0.04  0.95  1.17  1.27  1.81  2.68  3.16  2.94  1.19  1.69  0.50
 30  0.21  ****  0.47  1.23  1.99  1.15  1.23  2.49  0.88  4.42  1.00  0.97
 31  0.41  ****  0.46  ****  0.86  ****  0.97  0.45  ****  0.57  ****  0.17
