# IEM Climodat http://mesonet.agron.iastate.edu/climodat/
# Report Generated: 30 Aug 2005 
# Climate Record: 01 Jan 1951 -> 01 Aug 2005
# Site Information: [IA7708] SIOUX-CITY-WSO-AP
# Contact Information: Daryl Herzmann akrherz@iastate.edu 515.294.5978
 THESE ARE THE MONTHLY AVG. MIN TEMPS 1951-2006 FOR STATION # ia7708
 YEAR   JAN   FEB  MARCH APRIL  MAY  JUNE  JULY AUGUST SEPT   OCT   NOV   DEC   ANN
 1951     6    15    17    34    50    55    62    61    48    39    20     8    35
 1952     8    23    22    38    49    63    62    60    51    31    24    14    37
 1953     9    16    27    33    48    63    64    62    49    43    28    16    38
 1954     4    28    23    39    45    62    67    64    55    42    31    19    40
 1955    12     7    22    44    52    58    70    66    54    40    18    10    38
 1956     8    11    22    33    51    64    63    62    49    46    27    18    38
 1957     3    19    26    37    49    58    69    64    51    41    28    22    39
 1958    15     8    26    38    51    56    61    62    53    42    26    10    37
 1959     5     9    27    37    51    63    62    67    52    37    19    25    38
 1960    10     7     9    38    49    58    63    64    54    40    26    15    36
 1961     7    15    30    35    48    59    63    63    51    41    27     7    37
 1962     4    12    19    37    57    60    64    62    49    44    31    15    38
 1963    -1    12    30    40    51    64    67    63    57    48    29     5    39
 1964    15    17    19    40    54    59    68    59    53    38    27     9    38
 1965     7     7    16    38    54    60    65    61    49    42    27    23    37
 1966     2    14    28    36    45    60    69    59    52    38    24    13    37
 1967     9    10    27    37    46    60    62    58    50    38    24    17    36
 1968    10    14    28    38    45    60    63    63    52    42    27    12    38
 1969     4    15    17    40    50    53    66    63    53    37    26    13    36
 1970     1    16    22    36    53    61    64    63    53    39    26    11    37
 1971     6    16    26    39    48    65    61    61    51    45    28    17    39
 1972     5     8    28    39    52    61    64    63    53    38    30    10    38
 1973    13    18    35    38    48    60    66    66    53    45    30    14    40
 1974     7    20    27    40    52    58    69    61    46    41    28    16    39
 1975     8    11    21    37    52    60    65    65    48    40    26    18    38
 1976    10    23    26    42    45    57    64    61    51    32    17     7    36
 1977    -2    15    31    44    57    60    65    59    54    40    27    15    39
 1978    -1     1    22    39    49    59    63    60    56    37    23     6    34
 1979    -5    -1    23    35    46    58    64    63    53    38    25    19    35
 1980    13    13    23    38    48    59    65    63    51    35    27    15    38
 1981    12    17    26    42    47    59    66    61    51    38    30    12    38
 1982    -4    11    25    34    54    54    66    63    53    42    26    17    37
 1983    15    23    30    34    45    59    66    70    54    43    32    -1    39
 1984    13    25    23    38    47    61    63    64    48    42    28    14    39
 1985     8    14    31    43    54    56    63    59    53    40    19     5    37
 1986    17    15    30    39    51    62    66    58    55    41    21    18    39
 1987    16    23    29    40    54    62    66    60    52    34    32    22    41
 1988     5     9    26    35    54    63    64    63    53    34    28    17    38
 1989    19     5    23    39    48    57    66    62    50    38    19     4    36
 1990    18    17    30    36    47    62    63    63    55    37    28    10    39
 1991     6    23    28    42    55    64    64    62    52    36    20    21    39
 1992    21    26    30    36    48    57    59    57    50    39    28    15    39
 1993     9    11    24    36    48    57    64    62    47    38    22    16    36
 1994     3     8    27    36    51    62    60    59    55    43    28    15    37
 1995    13    19    27    36    47    59    61    66    47    38    21    17    38
 1996     4    15    16    32    49    60    60    60    50    38    21     8    34
 1997     5    17    26    31    42    59    64    59    51    39    23    21    36
 1998    16    27    23    38    53    56    64    64    56    43    31    15    40
 1999    10    23    25    39    50    59    67    60    47    34    30    17    38
 2000    11    22    29    37    51    56    64    63    48    40    19     3    37
 2001    13     6    23    38    50    58    66    60    49    37    33    18    38
 2002    15    18    19    38    44    63    67    61    52    34    23    16    38
 2003    10    10    24    38    46    57    63    61    45    38    25    21    36
 2004     9    13    30    38    50    56    61    56    55    39    27    18    38
 2005    12    22    25    41    48    64    66   -99   -99   -99   -99   -99      
 MEAN     9    15    25    38    50    60    64    62    51    39    26    14    37
