# IEM Climodat http://mesonet.agron.iastate.edu/climodat/
# Report Generated: 30 Aug 2005 
# Climate Record: 01 Jan 1951 -> 01 Aug 2005
# Site Information: [IA8296] TOLEDO
# Contact Information: Daryl Herzmann akrherz@iastate.edu 515.294.5978
 THESE ARE THE MONTHLY AVG. MIN TEMPS 1951-2006 FOR STATION # ia8296
 YEAR   JAN   FEB  MARCH APRIL  MAY  JUNE  JULY AUGUST SEPT   OCT   NOV   DEC   ANN
 1951     9    15    19    36    51    56    62    60    50    42    21    12    36
 1952    11    24    24    38    48    63    64    59    51    32    28    21    39
 1953    15    19    27    34    48    61    63    60    50    44    31    20    39
 1954     9    26    22    40    45    63    66    61    55    43    32    21    40
 1955    14    14    24    44    51    56    68    64    53    42    22    12    39
 1956    10    14    24    34    50    62    62    62    49    46    29    20    38
 1957     6    22    26    40    48    58    67    62    51    40    29    22    39
 1958    17     8    26    39    49    55    61    62    54    44    31    12    38
 1959     6    14    26    38    53    60    61    67    54    39    19    25    38
 1960    13    12    10    40    48    55    58    61    52    37    26    12    35
 1961     8    17    26    30    42    54    58    59    49    39    26     9    35
 1962     1    11    18    35    54    56    59    58    46    42    26    11    35
 1963    -3     5    27    39    47    58    62    58    51    49    32     4    36
 1964    15    15    20    37    50    56    62    53    48    34    30    12    36
 1965     7     7    14    36    52    57    60    59    49    39    27    21    36
 1966     0    11    27    34    42    57    63    55    45    35    27    14    34
 1967    11     7    26    39    42    59    57    55    46    35    23    19    35
 1968     8    10    26    36    42    58    61    61    49    39    26    15    36
 1969     5    15    16    39    48    53    64    59    50    36    24    13    35
 1970    -1    12    22    37    51    59    60    60    51    41    28    14    36
 1971     2     9    22    34    44    63    58    55    50    43    26    19    35
 1972     3     5    24    36    49    55    60    61    52    34    26     8    34
 1973    12    19    34    35    44    59    62    61    51    43    28    11    38
 1974     7    15    25    37    46    53    64    56    43    37    30    18    36
 1975     9    12    16    32    49    59    59    62    45    37    31    19    36
 1976     7    20    27    38    44    56    60    57    46    32    16     3    34
 1977    -6    12    31    42    55    57    63    55    53    38    26    11    36
 1978    -2    -1    20    38    48    57    61    59    54    36    27    10    34
 1979    -5    -1    23    35    46    57    60    61    49    38    27    18    34
 1980    13     8    21    36    46    56    63    62    50    35    25    15    36
 1981    10    16    25    40    43    56    62    59    49    36    31    14    37
 1982    -4     8    23    32    53    53    63    59    51    41    26    22    36
 1983    16    21    29    33    44    59    66    65    51    40    32     0    38
 1984     8    23    20    37    45    58    59    60    48    41    26    16    37
 1985     4    11    29    41    49    53    58    56    53    39    21     0    34
 1986    12    10    27    40    49    60    65    56    54    40    20    19    38
 1987    15    21    30    39    52    61    66    60    50    33    32    21    40
 1988     6     7    25    34    50    59    62    64    51    32    27    16    36
 1989    20     2    24    36    45    57    63    60    48    39    21     3    35
 1990    17    16    30    36    46    60    63    62    54    38    30    11    39
 1991     3    18    28    41    56    63    63    61    50    38    21    19    38
 1992    18    25    29    36    47    56    59    55    49    38    28    15    38
 1993     9    12    23    34    50    58    67    63    48    38    25    18    37
 1994     0     5    26    35    46    61    61    59    53    44    32    20    37
 1995    12    17    29    35    47    61    63    67    48    40    21    17    38
 1996     8    14    20    34    48    60    60    60    50    41    23    15    36
 1997     7    19    28    34    43    58    63    59    54    41    25    21    38
 1998    16    28    24    38    53    57    63    63    53    41    30    19    40
 1999     8    24    22    39    50    59    66    58    47    35    31    15    38
 2000     9    22    30    35    50    56    61    62    52    43    24     0    37
 2001    11     8    19    39    50    57    63    60    48    38    37    22    38
 2002    19    19    18    35    44    60    65    59    52    36    24    17    37
 2003     7     7    22    37    45    56    61    61    48    38    26    21    36
 2004     7    13    30    35    48    56    59    55    52    40    30    15    37
 2005    10    22    24    41    45    62    63   -99   -99   -99   -99   -99      
 MEAN     8    14    24    37    48    58    62    60    50    39    27    15    36
