# IEM Climodat http://mesonet.agron.iastate.edu/climodat/
# Report Generated: 30 Aug 2005 
# Climate Record: 01 Jan 1951 -> 01 Aug 2005
# Site Information: [IA8296] TOLEDO
# Contact Information: Daryl Herzmann akrherz@iastate.edu 515.294.5978
 THESE ARE THE MONTHLY AVG. MEAN TEMPS 1951-2006 FOR STATION # ia8296
 YEAR   JAN   FEB  MARCH APRIL  MAY  JUNE  JULY AUGUST SEPT   OCT   NOV   DEC   ANN
 1951    18    24    28    46    62    66    72    70    60    53    32    21    46
 1952    21    32    32    50    59    74    74    70    66    48    40    27    49
 1953    23    28    36    44    60    72    74    73    65    59    42    29    50
 1954    20    37    32    52    56    73    76    71    66    53    42    28    51
 1955    21    23    35    56    62    66    78    76    66    54    32    22    49
 1956    20    24    34    47    62    74    73    72    62    59    38    28    49
 1957    15    30    36    50    58    68    76    72    62    50    36    31    49
 1958    24    17    34    50    62    66    70    72    64    56    42    22    48
 1959    15    22    34    49    63    70    72    76    64    48    29    32    48
 1960    20    20    20    51    60    66    71    72    64    50    39    23    46
 1961    20    28    35    42    56    68    71    72    60    52    36    19    47
 1962    12    20    28    48    66    68    70    70    59    54    38    22    46
 1963     6    16    38    51    58    71    72    68    62    62    42    13    47
 1964    25    26    32    48    62    68    74    66    60    48    41    20    48
 1965    17    18    22    46    63    68    72    70    60    52    38    31    46
 1966    11    22    38    45    54    68    76    68    60    50    38    24    46
 1967    22    18    36    50    55    68    70    66    60    48    34    27    46
 1968    18    20    40    49    55    70    73    71    62    52    35    24    47
 1969    14    24    26    50    60    64    74    72    62    48    36    22    46
 1970    10    24    31    48    62    70    72    71    64    52    36    24    47
 1971    12    18    30    48    56    74    70    69    64    56    36    26    47
 1972    14    16    34    46    60    67    71    72    64    46    34    18    45
 1973    20    27    43    45    56    71    73    72    62    56    38    20    49
 1974    16    24    36    50    56    65    77    68    57    52    39    26    47
 1975    19    21    26    42    62    69    72    74    58    53    42    28    47
 1976    19    32    38    50    56    68    74    70    62    45    29    16    47
 1977     5    25    42    54    67    70    76    67    64    49    36    20    48
 1978     8    10    30    49    58    70    72    72    67    48    37    20    45
 1979     4    10    32    44    58    68    72    72    64    50    36    28    45
 1980    21    18    30    48    60    68    76    74    65    48    38    24    48
 1981    22    27    38    53    58    70    73    70    63    49    41    23    49
 1982     8    18    32    44    64    65    74    71    62    54    36    30    47
 1983    25    30    38    44    56    70    78    78    64    52    42    10    49
 1984    18    34    30    47    56    70    71    72    60    52    37    26    48
 1985    13    19    40    52    62    66    72    68    64    50    29    10    45
 1986    20    18    38    52    60    70    74    66    64    50    30    26    47
 1987    24    32    40    52    64    73    76    70    62    46    41    28    51
 1988    15    18    38    48    64    73    76    76    64    45    38    26    48
 1989    28    12    33    48    58    68    75    71    60    52    33    13    46
 1990    27    26    40    48    56    70    72    72    66    50    42    20    49
 1991    12    28    38    51    64    73    75    72    62    50    29    27    48
 1992    26    32    38    46    60    68    68    66    60    50    34    22    47
 1993    18    19    30    44    60    68    74    72    58    50    34    26    46
 1994    10    16    38    48    59    72    72    70    65    55    41    28    48
 1995    19    26    39    46    58    71    74    78    62    52    31    24    48
 1996    18    24    32    48    58    70    71    70    62    53    30    22    46
 1997    16    26    39    46    56    70    74    70    66    52    33    27    48
 1998    23    34    32    48    64    66    74    73    66    52    40    30    50
 1999    16    33    34    49    60    68    76    68    60    50    44    25    49
 2000    20    31    42    48    62    66    70    72    64    54    32     8    48
 2001    19    17    28    52    60    67    74    72    60    50    48    30    48
 2002    29    29    30    46    56    71    76    70    65    46    34    28    48
 2003    17    18    33    49    56    67    72    73    60    52    35    28    47
 2004    16    22    40    49    60    66    69    66    66    50    40    25    47
 2005    17    30    34    53    56    72    74   -99   -99   -99   -99   -99      
 MEAN    18    23    34    48    59    69    73    71    63    51    37    24    47
