# IEM Climodat http://mesonet.agron.iastate.edu/climodat/
# Report Generated: 30 Aug 2005 
# Climate Record: 01 Jan 1951 -> 01 Aug 2005
# Site Information: [IA8266] TIPTON
# Contact Information: Daryl Herzmann akrherz@iastate.edu 515.294.5978
 THESE ARE THE MONTHLY AVG. MEAN TEMPS 1951-2006 FOR STATION # ia8266
 YEAR   JAN   FEB  MARCH APRIL  MAY  JUNE  JULY AUGUST SEPT   OCT   NOV   DEC   ANN
 1951    18    24    30    46    65    68    74    70    62    54    32    23    47
 1952    23    31    33    52    60    74    76    71    66    48    40    28    50
 1953    24    29    37    45    61    74    76    74    66    60    43    29    52
 1954    22    37    34    54    56    74    78    72    68    54    42    28    52
 1955    22    24    36    58    64    68    80    78    67    54    34    23    51
 1956    22    26    36    48    62    75    74    74    64    60    39    28    51
 1957    17    32    38    51    60    70    78    74    63    51    38    32    50
 1958    24    18    36    51    62    67    71    73    64    56    42    20    49
 1959    15    22    36    50    65    72    73    77    66    50    30    34    49
 1960    23    22    22    52    60    68    73    74    68    54    41    24    48
 1961    22    32    38    44    58    70    73    73    64    55    39    22    49
 1962    15    22    30    49    67    70    71    72    62    55    40    24    48
 1963    10    19    40    54    61    74    74    71    66    64    43    14    49
 1964    28    28    34    50    68    72    76    70    64    51    43    22    50
 1965    20    23    26    49    65    69    73    72    64    54    40    34    49
 1966    14    26    40    48    57    70    78    72    64    54    41    26    49
 1967    26    21    39    52    58    72    72    69    62    52    36    30    49
 1968    22    24    44    52    58    72    74    74    64    55    39    25    50
 1969    16    27    32    52    62    64    74    71    63    48    36    22    47
 1970    10    22    32    50    63    70    74    71    62    53    38    26    47
 1971    13    21    32    49    57    74    70    69    66    58    40    30    48
 1972    18    18    35    46    62    68    72    71    64    48    35    20    46
 1973    22    26    44    46    57    71    74    73    64    57    39    22    50
 1974    18    24    36    52    57    67    76    68    58    52    38    26    48
 1975    22    22    26    43    64    70    73    72    58    54    44    28    48
 1976    17    33    40    52    58    70    73    68    60    46    30    16    47
 1977     4    24    42    54    68    70    75    68    64    50    37    20    48
 1978    10    12    30    48    60    70    72    70    67    48    38    20    45
 1979     6     9    34    45    60    69    72    71    64    54    38    31    46
 1980    22    20    33    50    62    70    78    75    65    48    39    26    49
 1981    22    28    39    54    58    70    73    71    63    50    39    24    49
 1982     8    20    33    44    64    65    73    68    62    54    38    32    47
 1983    26    30    38    44    56    72    78    78    64    52    40    11    49
 1984    18    32    30    47    56    70    71    72    62    54    38    28    48
 1985    13    20    40    54    63    66    72    68    64    52    34    13    47
 1986    22    20    41    54    62    72    76    68    66    52    34    28    49
 1987    24    34    41    53    66    74    78    72    63    47    42    29    52
 1988    18    20    38    50    64    74    77    77    66    46    38    26    49
 1989    30    16    34    48    59    68    74    72    60    52    36    14    47
 1990    29    28    40    48    56    70    72    72    65    49    42    22    49
 1991    14    28    38    52    65    72    74    72    62    50    31    27    49
 1992    24    31    38    46    60    68    68    65    60    50    34    22    47
 1993    18    20    31    44    60    66    70    70    56    48    34    25    45
 1994    10    16    36    48    58    70    69    67    63    54    40    28    47
 1995    17    24    36    43    56    71    72    76    59    50    29    23    46
 1996    16    21    28    44    56    68    69    70    60    51    28    21    44
 1997    14    24    36    44    52    69    72    68    63    50    34    26    46
 1998    24    36    36    48    65    67    72    72    66    52    40    30    50
 1999    16    32    34    50    61    69    75    68    60    50    42    24    48
 2000    20    30    42    48    62    66    70    71    64    54    34    10    48
 2001    19    20    30    52    62    66    73    71    60    50    48    30    48
 2002    28    28    32    48    56    71    74    70    64    48    34    28    48
 2003    17    19    32    49    57    66    71    72    61    50    37    28    47
 2004    18    22    40    50    60    66    69    65    66    51    40    26    48
 2005    19    30    35    53    56    72    73   -99   -99   -99   -99   -99      
 MEAN    19    24    35    49    61    70    73    71    63    52    38    25    48
