# IEM Climodat http://mesonet.agron.iastate.edu/climodat/
# Report Generated: 30 Aug 2005 
# Climate Record: 01 Jan 1951 -> 01 Aug 2005
# Site Information: [IA8266] TIPTON
# Contact Information: Daryl Herzmann akrherz@iastate.edu 515.294.5978
 THESE ARE THE MONTHLY AVG. MIN TEMPS 1951-2006 FOR STATION # ia8266
 YEAR   JAN   FEB  MARCH APRIL  MAY  JUNE  JULY AUGUST SEPT   OCT   NOV   DEC   ANN
 1951     9    16    22    36    51    57    61    59    50    43    21    14    37
 1952    13    23    24    39    49    62    64    59    50    32    28    22    39
 1953    16    19    27    34    49    62    64    61    51    45    32    20    40
 1954    12    27    24    42    45    63    65    61    56    43    31    21    41
 1955    14    15    25    45    51    56    68    64    52    42    23    13    39
 1956    11    16    24    33    50    62    62    63    50    46    29    20    39
 1957     7    23    27    40    49    59    66    62    51    39    30    23    40
 1958    16     7    26    39    48    56    60    60    53    42    30    11    37
 1959     5    13    26    38    54    60    61    66    55    40    20    27    39
 1960    15    13    12    41    49    57    61    62    56    41    30    15    38
 1961    11    22    29    33    45    57    61    61    53    43    30    13    38
 1962     5    14    21    36    55    58    60    59    48    43    29    15    37
 1963     2     8    30    40    48    60    63    60    53    50    33     5    38
 1964    18    17    24    39    55    60    66    59    54    38    33    15    40
 1965    11    13    19    39    54    59    63    62    54    42    31    26    39
 1966     5    16    30    37    45    59    65    59    51    40    31    19    38
 1967    16    11    29    41    44    61    60    57    50    42    28    22    38
 1968    13    13    31    39    46    61    62    62    53    43    30    16    39
 1969     8    19    21    41    50    54    64    58    51    36    26    12    37
 1970     0    10    23    38    52    60    61    59    51    42    28    16    37
 1971     2    13    23    35    44    63    59    55    54    46    29    22    37
 1972     7     7    24    35    50    55    61    61    53    38    28    10    36
 1973    13    19    35    37    47    60    63    62    54    45    30    14    40
 1974     9    15    26    39    47    56    64    58    46    39    30    18    37
 1975    12    14    15    33    51    59    60    61    46    38    34    20    37
 1976     5    21    29    40    46    58    61    55    46    33    17     4    35
 1977    -7    13    32    41    55    58    64    58    54    38    28    12    37
 1978     0     0    21    37    49    58    61    58    53    35    27    10    34
 1979    -4    -4    24    35    46    58    60    61    49    42    28    21    35
 1980    15    11    24    38    50    58    66    64    52    36    29    17    38
 1981    11    17    27    41    45    57    62    60    50    37    29    14    38
 1982    -3    11    23    32    52    53    61    56    49    42    29    24    36
 1983    18    21    29    34    45    60    64    63    49    39    30     2    38
 1984     8    22    21    36    43    58    58    58    48    41    26    17    36
 1985     2    11    30    41    49    53    59    54    51    41    27     3    35
 1986    14    14    31    41    52    61    67    57    57    42    25    23    40
 1987    17    23    31    40    54    63    67    62    53    36    35    24    42
 1988     9    11    27    37    50    60    64    65    53    36    29    17    38
 1989    22     7    26    38    47    57    64    61    49    40    26     4    37
 1990    20    18    31    37    47    61    63    61    53    37    31    13    39
 1991     6    20    29    41    55    62    61    60    49    37    22    18    38
 1992    17    24    28    35    47    55    59    53    48    37    28    15    37
 1993    11    14    23    33    49    57    62    62    46    36    25    18    36
 1994     1     6    25    34    45    59    59    56    52    42    30    21    36
 1995    10    14    26    32    47    61    61    66    47    37    19    15    36
 1996     7    12    17    31    47    59    58    58    48    39    21    14    34
 1997     3    17    26    32    41    58    61    57    51    38    27    20    36
 1998    16    30    28    39    54    58    61    62    54    41    31    20    41
 1999     8    24    23    41    50    59    65    58    47    36    29    15    38
 2000    11    21    31    36    50    56    61    61    51    42    25     2    37
 2001    11    11    22    40    51    57    63    60    49    39    36    22    38
 2002    19    19    21    37    44    61    64    59    51    37    24    18    38
 2003     7     8    22    36    45    55    60    60    48    36    28    20    35
 2004     9    13    31    37    49    57    59    54    51    40    31    16    37
 2005    12    23    25    40    44    61    61   -99   -99   -99   -99   -99      
 MEAN    10    15    25    37    49    59    62    60    51    40    28    16    37
