# IEM Climodat http://mesonet.agron.iastate.edu/climodat/
# Report Generated: 30 Aug 2005 
# Climate Record: 01 Jan 1951 -> 01 Aug 2005
# Site Information: [IA8339] TRIPOLI-4-N
# Contact Information: Daryl Herzmann akrherz@iastate.edu 515.294.5978
 THESE ARE THE MONTHLY AVG. MIN TEMPS 1951-2006 FOR STATION # ia8339
 YEAR   JAN   FEB  MARCH APRIL  MAY  JUNE  JULY AUGUST SEPT   OCT   NOV   DEC   ANN
 1951     4    12    17    34    51    55    61    59    49    42    19    11    34
 1952     8    24    23    37    48    62    64    59    50    31    27    19    38
 1953    13    16    26    33    49    60    62    60    49    44    29    18    38
 1954     7    25    21    39    43    62    64    60    54    41    31    19    39
 1955    11    10    21    41    50    55    67    63    51    40    20     9    36
 1956     8    11    21    32    47    59    59    59    46    43    26    15    36
 1957     1    19    23    37    47    57    64    60    48    37    25    18    36
 1958    14     5    24    36    46    53    58    59    50    40    27     6    35
 1959     1     4    21    36    51    57    58    64    51    38    16    24    35
 1960    12    14    11    38    48    55    60    61    54    39    29    11    36
 1961     7    19    27    32    44    56    60    60    51    41    28    11    36
 1962     2    11    20    34    54    57    60    59    48    44    29    13    36
 1963    -2     5    27    39    47    59    62    58    53    50    32     3    36
 1964    15    15    20    38    53    58    64    57    51    36    29    12    37
 1965     5     7    15    37    50    57    61    58    50    41    28    24    36
 1966    -1    11    28    34    43    58    64    57    49    38    27    16    35
 1967    11     6    27    39    43    58    59    55    48    39    25    18    36
 1968    10    10    28    38    44    59    61    61    50    42    28    13    37
 1969     5    15    18    39    49    53    64    60    52    39    26    13    36
 1970    -2     9    23    37    51    59    61    60    52    42    28    12    36
 1971     2    10    22    36    44    63    58    57    53    47    29    18    37
 1972     1     7    23    35    51    56    61    62    53    38    28     8    35
 1973    11    17    34    36    46    60    63    62    53    46    30    11    39
 1974     9    13    26    39    46    54    64    57    46    40    29    19    37
 1975    10    12    15    33    51    59    61    61    48    40    31    18    37
 1976     7    20    27    40    46    57    61    57    47    34    18     3    35
 1977    -8    14    32    42    55    57    63    58    53    39    25    10    37
 1978    -3     2    21    37    49    58    62    59    55    39    25     9    34
 1979    -5     1    22    34    46    57    61    60    51    40    28    19    34
 1980    10     8    21    37    49    57    64    62    52    36    28    14    36
 1981    10    17    27    41    46    58    63    59    50    38    30    12    38
 1982    -5    13    23    33    53    51    62    57    49    37    23    18    34
 1983    13    17    28    32    45    57    63    61    48    37    29     0    36
 1984     6    19    20    37    44    58    58    59    47    41    26    14    36
 1985     1     7    29    40    49    53    58    54    52    38    19    -4    33
 1986     7     8    24    39    48    57    63    54    52    39    17    15    35
 1987    11    21    29    37    50    59    64    58    49    32    31    19    38
 1988     0     4    24    33    49    57    61    61    49    30    26    11    34
 1989    17     0    21    33    44    54    61    57    46    37    22     2    33
 1990    18    13    28    34    43    58    61    60    53    35    29     8    37
 1991    -1    13    26    38    53    62    61    59    47    36    19    15    36
 1992    14    23    25    34    45    53    56    52    46    36    26    13    35
 1993     5     9    19    32    47    55    61    60    45    35    24    15    34
 1994    -4     1    24    34    45    59    57    55    52    42    29    17    34
 1995     8    10    25    31    44    59    61    65    46    37    18    14    35
 1996     3    13    18    33    46    60    59    58    50    40    20    11    34
 1997     5    15    26    33    43    59    62    58    51    38    24    19    36
 1998    15    27    25    39    53    57    61    62    52    41    30    18    40
 1999     4    23    25    40    50    59    66    59    47    36    31    15    38
 2000     8    19    30    36    51    57    61    61    51    42    24     0    37
 2001     9     6    20    39    50    58    62    61    49    37    36    21    37
 2002    18    17    19    35    44    60    64    59    51    35    24    17    37
 2003     5     6    22    36    46    55    61    60    46    36    26    18    35
 2004     6    13    30    36    48    57    59    54    53    39    30    14    37
 2005     7    20    24    40    45    61    62   -99   -99   -99   -99   -99      
 MEAN     6    12    24    36    48    57    61    59    50    39    26    13    35
