# IEM Climodat http://mesonet.agron.iastate.edu/climodat/
# Report Generated: 30 Aug 2005 
# Climate Record: 01 Jan 1951 -> 01 Aug 2005
# Site Information: [IA8688] WASHINGTON
# Contact Information: Daryl Herzmann akrherz@iastate.edu 515.294.5978
 THESE ARE THE MONTHLY AVG. MIN TEMPS 1951-2006 FOR STATION # ia8688
 YEAR   JAN   FEB  MARCH APRIL  MAY  JUNE  JULY AUGUST SEPT   OCT   NOV   DEC   ANN
 1951    12    17    21    37    52    56    62    60    51    45    24    15    38
 1952    15    26    27    40    51    66    65    60    52    34    30    24    41
 1953    19    22    30    36    51    64    65    62    52    45    32    21    42
 1954    13    28    25    44    46    64    67    63    56    44    32    23    42
 1955    15    17    26    46    52    57    70    65    55    43    23    14    40
 1956    13    19    26    37    53    63    63    64    52    48    30    22    41
 1957     9    25    28    42    51    60    68    63    51    40    31    25    41
 1958    18     8    28    40    50    57    62    63    55    43    33    14    39
 1959     7    18    28    40    55    62    62    67    56    41    22    28    40
 1960    17    14    14    43    50    58    62    64    57    42    33    18    39
 1961    13    23    31    35    47    58    63    63    54    45    32    15    40
 1962     7    17    24    38    58    60    62    62    51    46    31    16    39
 1963     4    11    32    42    50    62    64    61    54    52    35     7    40
 1964    20    19    25    41    56    61    65    59    54    38    33    16    41
 1965    12    15    19    40    55    58    62    60    54    44    32    28    40
 1966     7    17    30    38    45    59    66    58    51    41    32    19    39
 1967    16    13    30    42    46    60    60    56    50    41    28    23    39
 1968    14    15    32    41    47    62    64    64    54    44    31    18    40
 1969    11    22    23    42    52    57    67    62    56    42    29    19    40
 1970     6    17    27    42    55    62    65    64    56    45    31    21    41
 1971     7    18    27    40    48    66    62    61    58    51    33    26    41
 1972    11    14    28    39    53    59    65    64    58    42    31    16    40
 1973    19    23    39    41    50    63    66    65    59    50    34    18    44
 1974    15    21    31    44    52    58    67    61    50    44    33    23    42
 1975    18    19    23    38    55    62    65    66    52    44    38    24    42
 1976    13    27    32    43    49    60    66    60    53    38    22    11    40
 1977     0    19    36    46    59    63    68    62    57    43    31    16    42
 1978     5     7    24    41    52    61    65    62    58    42    32    18    39
 1979     2     7    29    39    51    61    64    64    53    44    31    23    39
 1980    18    15    28    40    54    61    69    67    56    40    32    20    42
 1981    16    20    32    47    49    63    67    63    54    41    34    18    42
 1982     2    16    27    36    56    57    65    62    54    44    31    27    40
 1983    21    25    33    37    48    62    68    69    55    46    36     6    42
 1984    13    27    24    40    48    63    62    60    53    46    31    22    41
 1985     6    15    34    45    54    58    64    61    57    45    28     6    39
 1986    18    16    33    44    54    64    68    59    60    45    27    24    43
 1987    19    27    33    44    56    64    69    64    54    38    36    26    44
 1988    13    13    29    39    53    62    66    67    56    38    32    21    41
 1989    25     9    28    41    49    59    67    63    52    44    28     7    39
 1990    25    23    34    40    49    63    65    65    58    43    36    17    43
 1991    10    24    32    45    58    65    65    64    55    43    25    23    42
 1992    23    28    32    40    50    59    63    58    53    42    31    21    42
 1993    17    17    27    39    53    60    66    66    51    43    30    22    41
 1994     8    15    30    41    51    63    64    61    56    47    35    26    41
 1995    15    19    31    38    50    63    67    70    52    44    24    20    41
 1996    12    18    23    38    51    63    63    64    53    44    26    19    40
 1997    10    23    31    37    47    62    65    63    56    45    31    24    41
 1998    20    33    31    43    58    61    67    66    60    46    36    24    45
 1999    14    26    22    42    50    60    66    58    47    37    30    18    39
 2000    10    24    31    38    52    58    62    63    52    43    26     3    38
 2001    12    13    23    41    53    58    65    61    48    39    36    23    39
 2002    20    19    22    39    46    62    65    61    51    38    24    18    39
 2003     9    10    23    38    46    56    63    62    48    37    28    22    37
 2004    11    14    32    38    51    59    61    56    51    41    33    17    39
 2005    15    24    25    41    46    62    62   -99   -99   -99   -99   -99      
 MEAN    13    19    28    41    51    61    65    63    54    43    31    19    40
