# IEM Climodat http://mesonet.agron.iastate.edu/climodat/
# Report Generated: 30 Aug 2005 
# Climate Record: 01 Jan 1951 -> 01 Aug 2005
# Site Information: [IA8755] WAUKON
# Contact Information: Daryl Herzmann akrherz@iastate.edu 515.294.5978
 THESE ARE THE MONTHLY AVG. MIN TEMPS 1951-2006 FOR STATION # ia8755
 YEAR   JAN   FEB  MARCH APRIL  MAY  JUNE  JULY AUGUST SEPT   OCT   NOV   DEC   ANN
 1951     5    12    16    34    51    53    59    57    46    40    17    11    33
 1952     8    20    20    38    47    59    62    57    49    31    27    18    36
 1953    13    13    24    33    48    59    61    60    48    43    28    17    37
 1954     6    24    20    37    43    60    62    59    52    39    29    17    37
 1955     9    10    19    42    50    55    64    61    49    37    18     7    35
 1956     8     9    19    32    46    60    57    58    47    42    25    16    35
 1957     1    16    21    37    45    55    63    59    48    37    25    18    35
 1958    13     6    25    36    47    52    59    59    50    41    26     7    35
 1959     1     5    20    36    50    57    58    63    52    37    17    24    35
 1960    13    14    11    38    47    54    59    60    53    40    27    10    36
 1961     7    19    26    30    44    57    59    60    49    39    25     8    35
 1962     2     9    20    33    52    57    59    58    47    42    27    12    35
 1963    -4     4    25    36    45    58    61    58    52    49    31     4    35
 1964    15    15    20    37    53    58    64    58    51    38    29    11    37
 1965     5     6    16    35    51    57    61    58    49    41    27    23    36
 1966     0    11    27    34    43    57    63    57    50    38    26    14    35
 1967    10     3    24    37    42    58    58    55    49    40    25    17    35
 1968    10     9    29    39    45    58    61    61    53    42    28    13    37
 1969     5    15    16    39    49    52    63    61    52    38    25    15    36
 1970     0     8    20    38    50    59    62    60    52    42    27    12    36
 1971     0    11    19    36    45    62    58    57    54    47    29    18    36
 1972     1     6    21    34    51    55    60    62    53    38    28     8    35
 1973    12    16    33    37    46    60    63    62    53    46    29    12    39
 1974     9    12    24    39    46    55    64    59    47    41    29    19    37
 1975    10    12    15    32    52    59    63    62    48    43    31    17    37
 1976     7    20    27    39    45    58    62    59    49    36    18     3    35
 1977    -6    15    32    42    55    56    64    58    53    39    25    10    37
 1978    -1     2    20    36    49    56    62    58    54    39    24     9    34
 1979    -4     2    22    32    45    55    59    57    51    40    27    18    34
 1980     9    10    20    37    49    56    63    61    52    36    27    14    36
 1981    10    15    26    39    45    56    60    57    50    39    29    12    36
 1982    -4    10    21    31    52    53    62    59    50    41    25    20    35
 1983    14    20    26    32    43    58    66    65    52    40    30     0    37
 1984     8    21    18    37    45    59    59    61    48    42    25    13    36
 1985     2     9    28    40    50    54    60    57    53    41    21     1    35
 1986    10    12    27    40    50    59    64    55    54    39    20    17    37
 1987    13    21    29    40    50    60    63    58    50    33    30    19    39
 1988     1     5    24    34    48    58    62    62    50    31    24    10    34
 1989    16     1    18    35    49    60    66    62    50    41    23     5    36
 1990    20    17    30    37    46    58    61    62    55    39    31    11    39
 1991     5    17    28    41    54    63    62    62    51    40    21    17    38
 1992    16    23    27    36    48    57    59    56    50    40    27    16    38
 1993    10    12    23    35    51    57    63    63    48    36    23    16    36
 1994    -3     2    23    33    42    57    58    54    53    41    28    18    34
 1995     9    11    23    31    44    57    60    66    46    37    17    10    34
 1996     2     7    14    28    43    56    56    55    48    36    18     9    31
 1997     3    14    22    29    37    54    59    55    49    38    24    19    34
 1998    16    26    24    38    51    55    60    61    51    42    30    19    39
 1999     4    21    22    38    48    57    64    58    47    36    31    16    37
 2000     8    19    29    35    49    55    60    61    50    41    23     1    36
 2001    11     5    19    37    48    55    60    60    48    37    37    20    36
 2002    18    18    17    34    41    59    64    58    51    34    24    16    36
 2003     5     5    21    33    42    52    60    61    48    37    24    18    34
 2004     5    12    28    34    45    53    58    53    52    38    30    13    35
 2005     7    19    21    38    43    60    62   -99   -99   -99   -99   -99      
 MEAN     7    12    23    36    47    57    61    59    50    39    26    13    35
