# IEM Climodat http://mesonet.agron.iastate.edu/climodat/
# Report Generated: 30 Aug 2005 
# Climate Record: 01 Jan 1951 -> 01 Aug 2005
# Site Information: [IA8755] WAUKON
# Contact Information: Daryl Herzmann akrherz@iastate.edu 515.294.5978
 THESE ARE THE MONTHLY AVG. MEAN TEMPS 1951-2006 FOR STATION # ia8755
 YEAR   JAN   FEB  MARCH APRIL  MAY  JUNE  JULY AUGUST SEPT   OCT   NOV   DEC   ANN
 1951    12    20    24    42    61    62    69    66    57    50    26    18    42
 1952    18    27    28    48    57    69    72    68    62    45    37    24    46
 1953    20    22    33    42    58    70    71    70    62    56    38    25    47
 1954    16    32    30    48    53    70    72    69    63    49    38    24    47
 1955    16    18    29    53    62    65    76    74    63    49    28    16    46
 1956    16    19    28    44    58    71    68    69    59    55    34    24    45
 1957    11    26    32    47    55    66    73    69    58    48    32    26    45
 1958    20    15    32    47    60    62    69    70    62    53    37    16    45
 1959    10    14    28    46    60    68    68    72    62    45    26    30    44
 1960    20    22    21    48    57    64    70    70    63    50    37    19    45
 1961    16    28    33    40    56    68    70    70    59    50    34    16    45
 1962    11    17    27    44    62    66    67    68    56    50    35    20    44
 1963     4    14    35    48    56    70    72    68    62    60    40    12    45
 1964    23    26    30    48    64    68    75    69    60    49    38    18    47
 1965    14    16    24    44    62    66    70    68    58    50    36    30    45
 1966     8    20    36    43    54    68    73    68    60    50    35    22    45
 1967    19    14    33    47    54    67    69    66    60    49    32    24    44
 1968    18    18    41    50    56    68    70    70    62    52    35    20    47
 1969    12    22    26    48    59    62    72    72    62    48    34    22    45
 1970     8    19    30    48    60    68    72    70    62    51    34    21    45
 1971     9    18    28    48    56    72    68    68    64    57    36    24    46
 1972    11    16    30    44    62    66    69    70    62    47    33    16    44
 1973    20    24    42    45    56    70    72    71    62    56    36    19    48
 1974    16    20    32    50    56    65    74    68    58    51    37    25    46
 1975    17    19    24    40    62    67    72    71    57    54    40    24    46
 1976    16    30    36    50    56    68    74    70    61    46    28    13    46
 1977     2    24    40    54    66    67    74    68    62    49    33    17    46
 1978     8    12    30    46    59    67    70    69    66    48    33    17    44
 1979     4    10    30    42    57    66    70    67    63    50    34    26    43
 1980    16    17    29    48    60    67    74    70    62    46    36    22    46
 1981    20    24    37    50    56    66    70    67    60    48    38    19    46
 1982     6    18    29    42    61    62    72    68    60    51    34    27    44
 1983    21    26    34    42    53    68    75    75    62    50    36     8    46
 1984    16    30    26    46    56    68    70    72    60    52    34    22    46
 1985    11    16    37    52    62    65    72    67    62    50    28    10    44
 1986    18    18    36    52    60    68    73    66    62    50    29    23    46
 1987    20    30    38    52    62    71    74    68    61    45    38    26    49
 1988    12    15    34    46    62    72    74    74    62    44    34    20    46
 1989    24    12    28    46    58    68    74    70    60    52    32    13    45
 1990    28    26    38    47    56    68    70    70    64    50    40    18    48
 1991    13    26    36    50    62    72    72    70    60    49    28    24    47
 1992    23    29    35    45    60    66    67    66    60    50    32    22    46
 1993    18    19    30    44    59    66    70    71    56    48    32    24    45
 1994     6    12    34    46    56    69    68    65    63    51    38    26    44
 1995    16    21    34    41    55    68    72    75    58    48    26    19    45
 1996    12    17    26    41    53    66    68    68    60    48    26    17    42
 1997    12    22    32    42    50    67    70    66    60    50    32    26    44
 1998    22    32    32    48    62    65    71    70    64    50    38    28    49
 1999    12    30    33    48    59    67    74    68    60    48    41    24    47
 2000    17    28    40    46    60    65    70    70    62    52    31     8    46
 2001    19    14    28    48    58    66    72    72    59    47    46    28    46
 2002    26    28    27    44    54    70    75    68    62    44    32    25    46
 2003    14    16    30    44    54    64    71    74    60    49    32    25    44
 2004    13    20    36    47    56    64    69    64    66    49    38    22    45
 2005    15    27    31    50    54    72    73   -99   -99   -99   -99   -99      
 MEAN    15    21    32    46    58    67    71    69    61    50    34    21    45
