# IEM Climodat http://mesonet.agron.iastate.edu/climodat/
# Report Generated: 30 Aug 2005 
# Climate Record: 01 Jan 1951 -> 01 Aug 2005
# Site Information: [IA8755] WAUKON
# Contact Information: Daryl Herzmann akrherz@iastate.edu 515.294.5978
 THESE ARE THE HEAT STRESS VARIABLES FOR STATION #  ia8755
             # OF DAYS MAXT >86              ACCUMULATED (MAXT - 86 )
 YEAR   MAY  JUNE  JULY   AUG  SEPT TOTAL      MAY  JUNE  JULY   AUG  SEPT TOTAL
 1951     0     0     1     0     0     1        0     0     2     0     0     2
 1952     1     5     9     1     1    17        1    13    24     2     2    42
 1953     1     5     3     8     2    19        3    19     8    21    10    61
 1954     0     4    10     1     2    17        0    10    27     2     6    45
 1955     1     1    13    18     6    39        1     3    75   102    26   207
 1956     1     9     2     4     0    16        2    29     8    12     0    51
 1957     0     0     7     2     0     9        0     0    23     8     0    31
 1958     0     1     0     5     0     6        0     1     0    14     0    15
 1959     0     1     1     6     2    10        0     2     1    13     5    21
 1960     0     0     3     2     7    12        0     0    10     7    26    43
 1961     0     2     2     2     0     6        0     7     3     2     0    12
 1962     0     0     0     0     0     0        0     0     0     0     0     0
 1963     0    11     3     1     0    15        0    27    18     1     0    46
 1964     0     4    18     5     0    27        0     5    81    33     0   119
 1965     0     1     4     6     0    11        0     1    18    17     0    36
 1966     0     3    11     1     0    15        0     6    36     4     0    46
 1967     3     0     4     0     0     7        5     0     9     0     0    14
 1968     0     2     1     8     0    11        0     2     1    22     0    25
 1969     0     0     7     1     0     8        0     0    14     1     0    15
 1970     2     2     9     0     0    13        2    12    18     0     0    32
 1971     0     5     0     2     2     9        0    13     0     3     6    22
 1972     0     1     2     6     0     9        0     1     3    22     0    26
 1973     0     5     4     4     0    13        0     8    12    10     0    30
 1974     0     0     9     0     0     9        0     0    33     0     0    33
 1975     0     1     4     4     0     9        0     1     8     5     0    14
 1976     0     3    12     1     1    17        0     4    45     1     1    51
 1977     0     5     9     0     0    14        0    12    37     0     0    49
 1978     1     1     0     1     6     9        1     1     0     2    21    25
 1979     0     0     0     0     0     0        0     0     0     0     0     0
 1980     0     2    10     3     1    16        0     8    43     5     1    57
 1981     0     0     2     0     0     2        0     0     7     0     0     7
 1982     0     0     4     3     0     7        0     0    10     7     0    17
 1983     0     4    10     9     1    24        0     7    29    34     3    73
 1984     0     0     2     8     3    13        0     0     3    31     3    37
 1985     0     3     4     3     3    13        0    13    15     5     8    41
 1986     0     3     8     0     0    11        0     7    24     0     0    31
 1987     0     6     7     3     0    16        0    23    23    12     0    58
 1988     3    12    15    16     1    47        3    46    74   123     3   249
 1989     0     0    10     3     0    13        0     0    43    10     0    53
 1990     0     1     3     2     3     9        0     1    20     3     5    29
 1991     1     5     5     4     0    15        2    15    11     6     0    34
 1992     0     0     1     2     0     3        0     0     2     2     0     4
 1993     0     0     0     1     0     1        0     0     0     1     0     1
 1994     0     8     2     2     2    14        0    26     3     3     3    35
 1995     0     8    11    12     1    32        0    27    54    36     1   118
 1996     1     4     2     2     0     9        1    15     6     6     0    28
 1997     0     3     6     1     0    10        0     7    19     2     0    28
 1998     4     4     4     1     4    17        9    12     4     1    11    37
 1999     0     4    13     1     2    20        0     7    62     1     5    75
 2000     0     2     2     1     2     7        0     5     7     1     6    19
 2001     2     6    12    10     0    30        5    22    43    55     0   125
 2002     1     7    17     2     2    29        1    22    64     3     8    98
 2003     0     1     5    13     3    22        0     4    16    74    11   105
 2004     0     3     1     1     1     6        0     3     3     1     1     8
 2005     0     8    13     0     0    21        0    34    53     0     0    87
 **************************************************************************************
MEANS   0.4   3.0   5.8   3.5   1.1  13.7      0.7   8.7  20.9  13.2   3.1  46.7
