# IEM Climodat http://mesonet.agron.iastate.edu/climodat/
# Report Generated: 30 Aug 2005 
# Climate Record: 01 Jan 1951 -> 01 Aug 2005
# Site Information: [IA8806] WEBSTER-CITY
# Contact Information: Daryl Herzmann akrherz@iastate.edu 515.294.5978
 THESE ARE THE MONTHLY AVG. MAX TEMPS 1951-2006 FOR STATION # ia8806
 YEAR   JAN   FEB  MARCH APRIL  MAY  JUNE  JULY AUGUST SEPT   OCT   NOV   DEC   ANN
 1951    27    31    34    53    74    74    82    80    71    62    40    27    55
 1952    28    37    39    63    70    87    86    82    81    62    49    31    60
 1953    29    33    46    53    71    84    85    86    81    73    52    37    61
 1954    28    46    39    64    68    83    89    81    78    60    51    34    60
 1955    28    30    44    69    77    78    90    91    80    65    40    27    60
 1956    26    32    43    60    74    88    84    84    77    72    44    35    60
 1957    23    36    45    61    69    80    89    83    73    59    41    37    58
 1958    30    26    41    61    76    76    80    84    77    69    51    30    58
 1959    24    28    42    61    73    83    84    87    73    57    36    39    57
 1960    27    27    29    61    72    78    83    83    75    65    50    31    57
 1961    29    35    42    53    70    80    82    82    72    67    44    27    57
 1962    23    27    35    58    77    78    80    82    71    65    49    34    57
 1963    17    28    49    63    70    84    83    80    76    76    52    23    58
 1964    36    40    42    60    77    81    87    80    73    64    51    29    60
 1965    27    28    29    56    75    79    82    81    68    65    48    40    56
 1966    20    33    51    54    70    80    86    80    74    66    46    31    58
 1967    31    31    50    62    68    78    82    80    73    61    44    35    58
 1968    28    31    56    63    69    83    82    82    73    65    43    29    59
 1969    22    29    34    61    73    75    82    82    74    58    47    29    56
 1970    18    34    39    62    75    81    85    81    73    61    43    32    57
 1971    21    28    40    64    70    86    80    83    78    67    45    32    58
 1972    24    26    44    58    73    80    81    81    74    58    40    24    55
 1973    28    32    49    58    69    83    83    83    71    67    46    27    58
 1974    25    33    46    63    68    79    89    78    72    65    45    32    58
 1975    28    29    36    52    76    80    86    85    71    70    50    34    58
 1976    32    44    47    66    72    82    87    85    79    58    43    31    60
 1977    18    41    53    70    81    85    91    80    75    60    44    27    60
 1978    18    23    43    59    72    81    83    83    80    63    44    27    56
 1979    13    20    39    54    72    82    83    81    78    64    43    39    56
 1980    28    28    42    63    75    82    90    84    78    60    51    33    60
 1981    35    39    54    66    71    83    84    80    76    59    49    30    60
 1982    16    29    41    56    73    77    86    81    73    63    44    36    56
 1983    30    36    43    52    69    81    88    90    78    61    44    16    57
 1984    26    40    36    56    69    81    84    86    73    62    48    35    58
 1985    26    29    50    67    77    80    85    80    73    61    36    21    57
 1986    31    27    51    64    72    83    86    78    75    62    40    31    58
 1987    34    45    51    68    80    86    87    80    75    59    49    34    62
 1988    24    28    51    63    81    89    90    90    77    58    46    34    61
 1989    37    24    41    62    73    80    85    81    73    66    44    23    57
 1990    41    39    49    61    69    81    81    81    78    64    52    28    60
 1991    23    38    49    61    73    85    85    82    73    63    35    34    58
 1992    35    37    48    58    73    80    78    77    73    63    38    31    58
 1993    25    25    37    56    70    77    80    80    68    61    43    34    55
 1994    17    25    50    63    75    81    81    79    77    64    49    32    58
 1995    24    32    45    56    68    80    85    86    73    62    40    31    57
 1996    26    32    42    61    66    80    82    80    72    65    36    25    56
 1997    24    32    48    58    68    84    84    80    77    65    39    33    58
 1998    28    39    39    60    77    76    84    82    82    64    50    40    60
 1999    22    39    47    58    70    78    86    81    75    65    57    37    60
 2000    31    41    55    61    76    78    82    82    80    67    40    17    59
 2001    28    25    36    63    70    79    85    82    72    62    60    40    58
 2002    39    38    39    59    70    83    87    81    77    56    44    39    59
 2003    28    31    44    62    69    79    83    86    75    66    44    34    58
 2004    26    29    49    65    70    77    80    77    79    62    49    35    58
 2005    24    38    46    65    68    83    86   -99   -99   -99   -99   -99      
 MEAN    26    32    44    60    72    81    84    82    75    63    45    31    57
