# IEM Climodat http://mesonet.agron.iastate.edu/climodat/
# Report Generated: 30 Aug 2005 
# Climate Record: 01 Jan 1951 -> 01 Aug 2005
# Site Information: [IA8806] WEBSTER-CITY
# Contact Information: Daryl Herzmann akrherz@iastate.edu 515.294.5978
 THESE ARE THE MONTHLY AVG. MEAN TEMPS 1951-2006 FOR STATION # ia8806
 YEAR   JAN   FEB  MARCH APRIL  MAY  JUNE  JULY AUGUST SEPT   OCT   NOV   DEC   ANN
 1951    17    22    26    44    62    64    72    70    60    52    30    18    45
 1952    18    30    31    50    58    74    74    70    65    46    36    24    48
 1953    20    25    36    43    60    72    74    72    64    57    40    27    49
 1954    16    36    30    52    55    72    77    70    66    50    40    27    49
 1955    20    20    32    56    64    66    79    76    65    52    30    18    48
 1956    16    21    32    46    62    74    72    72    62    58    35    26    48
 1957    14    28    34    49    58    68    78    72    60    48    34    28    48
 1958    24    16    33    48    62    65    70    72    64    54    38    19    47
 1959    14    18    33    48    62    71    72    76    62    47    26    32    47
 1960    18    20    19    50    60    67    72    72    64    52    38    22    46
 1961    18    26    36    43    58    68    72    71    62    54    36    20    47
 1962    12    20    26    46    66    68    70    70    60    54    40    24    46
 1963     8    18    38    51    60    72    73    70    65    62    42    14    48
 1964    26    28    31    49    65    70    76    68    63    50    40    20    49
 1965    16    18    21    46    64    68    72    70    58    54    38    32    46
 1966    11    22    40    44    56    68    76    68    61    52    36    22    46
 1967    22    20    38    50    56    68    70    68    60    50    34    26    47
 1968    19    20    42    50    56    71    72    72    62    54    34    21    48
 1969    14    22    24    50    62    64    73    72    63    48    37    22    46
 1970     8    23    30    50    64    70    73    70    63    51    36    22    47
 1971    12    20    32    50    57    74    70    70    65    56    38    24    47
 1972    14    16    34    46    61    68    71    71    63    48    34    16    45
 1973    20    24    42    48    58    72    73    72    62    56    38    20    49
 1974    16    24    36    50    58    67    77    68    58    52    36    24    47
 1975    19    22    28    44    64    70    74    74    60    54    40    26    48
 1976    21    32    37    53    58    70    74    72    64    46    31    18    48
 1977     7    28    42    56    68    72    78    69    64    50    36    20    49
 1978     8    13    33    48    60    69    73    72    68    50    34    18    46
 1979     4    10    31    44    58    69    72    71    64    52    34    29    45
 1980    20    19    32    50    62    70    77    73    65    48    39    24    48
 1981    23    28    40    54    58    70    74    70    63    49    40    22    49
 1982     6    20    33    44    62    65    74    70    62    52    35    28    46
 1983    23    29    36    42    56    70    76    78    65    50    37     8    47
 1984    16    32    28    46    57    70    72    73    60    52    38    25    47
 1985    15    20    40    54    64    67    72    68    63    50    28    10    46
 1986    22    19    40    52    60    72    75    66    65    52    30    24    48
 1987    25    34    40    53    66    73    76    70    63    46    40    28    51
 1988    14    18    38    48    66    74    76    76    64    46    36    24    48
 1989    28    14    32    49    59    68    74    70    60    52    32    14    46
 1990    30    27    38    48    57    70    72    71    66    50    40    18    49
 1991    13    28    38    50    64    74    74    71    62    50    28    26    48
 1992    26    31    38    46    60    68    68    66    61    50    32    24    47
 1993    16    18    30    45    60    67    72    70    58    50    34    26    45
 1994     8    15    38    50    61    70    70    68    65    54    39    24    47
 1995    16    23    36    45    57    70    74    76    60    50    30    24    47
 1996    16    23    30    47    57    70    70    69    60    52    29    18    45
 1997    15    24    37    46    56    72    74    69    64    52    32    26    47
 1998    20    32    31    49    65    66    74    72    68    52    40    28    50
 1999    14    30    35    48    60    68    76    70    60    49    43    26    48
 2000    20    30    42    48    62    66    72    72    64    54    32     7    47
 2001    18    15    28    50    60    68    74    72    60    49    48    30    48
 2002    28    28    28    47    56    71    76    70    64    45    34    28    48
 2003    18    18    32    49    58    67    72    73    60    51    34    26    46
 2004    16    20    39    50    58    66    70    66    66    50    39    24    47
 2005    16    30    34    52    56    72    74   -99   -99   -99   -99   -99      
 MEAN    17    23    34    49    60    69    73    71    63    51    36    23    46
