 
 THIS IS FOR STATION NUMBER  133 1951-> 1999
                                 # OF PRECIPITATION EVENTS - % IN PARENS
 CL                   MAX   MEAN  0.01-  0.26-  0.51-  1.01-          # OF DAYS
 WK    TIME PERIOD    VAL   RAIN    0.25   0.51   1.00   2.00  >2.01 MISSING TOTAL
  1 3/1-->3/7        1.21   0.34  48(68) 11(15)  9(12)  2( 2)  0( 0)   25       70
  2 3/8-->3/14       2.65   0.44  53(68) 11(14)  9(11)  3( 3)  1( 1)   22       77
  3 3/15-->3/21      1.16   0.33  53(71) 11(14)  8(10)  2( 2)  0( 0)   19       74
  4 3/22-->3/28      1.44   0.50  43(55) 19(24) 10(12)  5( 6)  0( 0)   14       77
  5 3/29-->4/4       1.49   0.54  53(58) 18(20) 15(16)  4( 4)  0( 0)   14       90
  6 4/5-->4/11       2.11   0.47  54(64) 13(15) 14(16)  2( 2)  1( 1)   13       84
  7 4/12-->4/18      2.13   0.68  71(63) 17(15) 19(17)  3( 2)  1( 0)    7      111
  8 4/19-->4/25      3.38   0.83  68(59) 23(20) 14(12)  8( 6)  2( 1)    7      115
  9 4/26-->5/2       2.16   0.73  61(56) 25(23) 14(12)  6( 5)  2( 1)    5      108
 10 5/3-->5/9        1.65   0.73  70(60) 19(16) 17(14)  9( 7)  0( 0)    0      115
 11 5/10-->5/16      2.09   0.87  70(56) 24(19) 21(16)  8( 6)  2( 1)    0      125
 12 5/17-->5/23      3.49   0.87  51(46) 30(27) 18(16)  8( 7)  2( 1)    1      109
 13 5/24-->5/30      2.12   1.01  66(50) 29(21) 27(20)  9( 6)  1( 0)    0      132
 14 5/31-->6/6       3.40   0.92  56(56) 11(11) 22(22)  8( 8)  3( 3)    0      100
 15 6/7-->6/13       2.63   1.04  57(48) 29(24) 15(12) 12(10)  5( 4)    0      118
 16 6/14-->6/20      6.18   1.30  83(56) 19(13) 29(19) 12( 8)  3( 2)    0      146
 17 6/21-->6/27      5.09   1.21  53(48) 19(17) 24(21)  8( 7)  6( 5)    0      110
 18 6/28-->7/4       2.50   0.84  64(58) 20(18) 13(11) 10( 9)  2( 1)    4      109
 19 7/5-->7/11       4.70   1.06  59(53) 13(11) 23(20) 11(10)  4( 3)    7      110
 20 7/12-->7/18      2.12   0.88  47(44) 27(25) 22(20)  8( 7)  1( 0)    7      105
 21 7/19-->7/25      2.03   0.79  69(62) 18(16) 12(10) 10( 9)  1( 0)    7      110
 22 7/26-->8/1       3.70   0.78  57(59) 13(13) 15(15)  8( 8)  3( 3)    8       96
 23 8/2-->8/8        3.10   0.84  43(50) 16(18) 13(15) 10(11)  3( 3)   14       85
 24 8/9-->8/15       1.89   0.51  55(63) 14(16) 15(17)  3( 3)  0( 0)   14       87
 25 8/16-->8/22      5.20   0.80  52(54) 21(21) 14(14)  7( 7)  2( 2)   14       96
 26 8/23-->8/29      3.25   0.89  46(46) 25(25) 19(19)  5( 5)  4( 4)   14       99
 27 8/30-->9/5       7.17   0.73  55(61) 18(20)  9(10)  6( 6)  2( 2)    4       90
 28 9/6-->9/12       2.57   0.63  55(60) 19(20) 10(10)  6( 6)  1( 1)    0       91
 29 9/13-->9/19      4.25   0.74  55(59) 13(13) 16(17)  7( 7)  2( 2)    0       93
 30 9/20-->9/26      3.24   0.80  63(58) 24(22) 10( 9)  8( 7)  3( 2)    0      108
 31 9/27-->10/3      2.06   0.56  42(52) 19(23) 14(17)  4( 5)  1( 1)    3       80
 32 10/4-->10/10     1.94   0.58  50(58) 12(14) 17(20)  6( 7)  0( 0)    7       85
 33 10/11-->10/17    1.78   0.44  40(59) 12(17) 10(14)  5( 7)  0( 0)    7       67
 34 10/18-->10/24    1.42   0.39  38(59) 11(17) 13(20)  2( 3)  0( 0)    7       64
 35 10/25-->10/31    1.41   0.36  40(63) 14(22)  6( 9)  3( 4)  0( 0)    7       63
 36 11/1-->11/7      1.52   0.33  51(73) 10(14)  5( 7)  3( 4)  0( 0)    0       69
 37 11/8-->11/14     2.00   0.37  39(62) 11(17)  7(11)  4( 6)  1( 1)    0       62
 38 11/15-->11/21    1.55   0.44  34(53) 14(21) 11(17)  5( 7)  0( 0)    0       64
 39 11/22-->11/28    1.14   0.23  46(77)  6(10)  5( 8)  2( 3)  0( 0)    0       59
 40 11/29-->12/5     2.42   0.25  39(70) 11(20)  4( 7)  0( 0)  1( 1)    6       55
 41 12/6-->12/12     0.75   0.17  42(80)  7(13)  3( 5)  0( 0)  0( 0)    7       52
 42 12/13-->12/19    0.94   0.20  33(70)  9(19)  5(10)  0( 0)  0( 0)    8       47
 43 12/20-->12/26    0.78   0.17  44(81)  7(12)  3( 5)  0( 0)  0( 0)    8       54
 44 12/27-->1/2      1.03   0.20  28(65)  9(20)  5(11)  1( 2)  0( 0)   14       43
 45 1/3-->1/9        0.60   0.10  38(88)  4( 9)  1( 2)  0( 0)  0( 0)   29       43
 46 1/10-->1/16      1.30   0.18  34(75)  5(11)  5(11)  1( 2)  0( 0)   34       45
 47 1/17-->1/23      0.73   0.16  40(81)  6(12)  3( 6)  0( 0)  0( 0)   31       49
 48 1/24-->1/30      0.68   0.16  58(84)  9(13)  2( 2)  0( 0)  0( 0)   29       69
 49 1/31-->2/6       0.50   0.16  42(76) 11(20)  2( 3)  0( 0)  0( 0)   17       55
 50 2/7-->2/13       1.20   0.13  36(83)  4( 9)  2( 4)  1( 2)  0( 0)   14       43
 51 2/14-->2/20      1.57   0.26  41(70) 11(18)  4( 6)  2( 3)  0( 0)   14       58
 52 2/21-->2/27      1.24   0.22  32(64) 12(24)  5(10)  1( 2)  0( 0)   14       50
 53 2/28-->2/29      0.88   0.04   6(75)  1(12)  1(12)  0( 0)  0( 0)    2        8
 ANNUAL TOTALS       7.17   2623(60)784(18)609(14)248( 5) 60( 1)  478     4324
 
 THESE ARE THE MONTHLY AVERAGES FOR 1951-->1999 FOR STATION NUMBER  133
   JAN  FEB  MAR  APR  MAY  JUN  JUL  AUG  SPT  OCT  NOV  DEC  ANNUAL
   0.66 0.81 1.83 2.83 3.81 4.76 3.87 3.47 2.89 1.97 1.48 0.83 29.22  <-- PRECIP
  
   15.3 21.8 32.9 48.3 61.1 70.8 74.3 72.0 63.2 51.6 34.8 21.2  51.5  <-- TEMP
 
 TWELVE SIGNIFICANT RAINFALL EVENTS  
 MONTH  DAY  YEAR   AMOUNT
   8     31  1962     7.17
   6     18  1954     6.18
   8     22  1959     5.20
   6     24  1981     5.09
   7      6  1978     4.70
   9     13  1978     4.25
   8     16  1977     3.87
   7     31  1964     3.70
   5     21  1959     3.49
   4     24  1955     3.38
   6      4  1991     3.40
   6     23  1994     3.40
 
 GROWING DEGREE DAYS FOR 4 BASE TEMPS FOR STATION NUMBER   133
               MARCH                       APRIL  
     ****************************  *************************** 
 YEAR  40-86  48-86  50-86  52-86   40-86  48-86  50-86  52-86  
     ****************************  *************************** 
 1951      5      0      0      0    181     91     75     62
 1952     37     16     13     10    372    236    208    184
 1953    121     49     34     26    183     87     69     54
 1954     34      7      4      2    393    245    214    186
 1955     86     41     30     22    461    301    270    240
 1956     51     15     11      7    252    145    122    100
 1957     88     34     26     18    347    229    206    184
 1958     62     19     10      6    318    185    155    128
 1959     67     22     15      9    334    204    179    155
 1960     18      2      0      0    343    206    181    160
 1961     48     18     13      9    177     82     65     50
 1962     20      5      3      1    277    167    150    136
 1963    159    107     95     83    380    231    197    166
 1964     68     25     17     11    324    192    166    143
 1965      1      0      0      0    249    135    114     94
 1966    203    112     92     75    202    102     83     68
 1967    189    125    112     99    363    223    191    160
 1968    267    171    149    131    396    249    219    190
 1969     11      0      0      0    317    186    159    134
 1970     18      1      0      0    337    215    190    165
 1971     46     19     15     12    384    256    226    199
 1972     83     28     22     17    253    132    107     88
 1973    136     53     38     25    296    176    149    124
 1974    100     32     24     19    352    209    177    151
 1975     23      3      1      0    169     70     53     38
 1976    127     69     58     47    446    292    256    221
 1977    185     89     71     54    513    347    311    280
 1978    112     62     54     46    298    169    141    116
 1979     14      1      0      0    212    112     93     76
 1980     53     15     10      5    341    210    188    167
 1981    215    112     90     72    439    275    242    209
 1982     67     19     12      7    292    182    161    140
 1983    104     44     34     25    201    105     91     78
 1984     22      1      0      0    243    117     93     72
 1985    127     58     44     33    447    296    266    237
 1986    163     94     83     73    348    197    165    137
 1987    150     78     66     54    452    306    275    247
 1988    141     66     52     39    312    189    161    136
 1989     92     47     39     33    329    199    171    146
 1990    147     68     54     42    345    209    181    157
 1991    107     46     36     27    329    191    165    141
 1992    110     46     36     26    230    128    112     97
 1993     10      0      0      0    216    108     90     74
 1994    127     61     50     39    361    242    216    190
 1995    123     50     39     30    216    109     88     69
 1996     79     32     26     21    271    162    139    118
 1997     98     47     38     29    262    149    128    107
 1998     79     41     36     31    294    167    139    116
 1999    110     49     40     31    263    140    115     95
     ****************************  *************************** 
 MEAN   92.2   43.1   34.8   27.7  312.9  187.1  161.8  138.7
 STDV   61.5   38.3   33.3   28.8   83.2   65.5   61.0   56.3
 
               MAY                         JUNE   
     ****************************  *************************** 
 YEAR  40-86  48-86  50-86  52-86   40-86  48-86  50-86  52-86  
     ****************************  *************************** 
 1951    673    445    395    347    709    479    423    368
 1952    564    353    307    264    945    707    648    589
 1953    600    391    347    309    935    697    638    579
 1954    487    318    279    243    917    681    625    570
 1955    723    500    452    407    781    552    497    447
 1956    612    418    376    336    940    704    648    592
 1957    553    356    314    274    822    585    528    473
 1958    683    487    440    395    715    489    436    389
 1959    672    459    413    367    907    672    615    558
 1960    612    405    358    315    801    564    511    459
 1961    462    300    266    235    812    580    529    481
 1962    738    516    466    418    833    596    540    486
 1963    587    394    353    312    942    704    646    590
 1964    769    545    494    448    883    653    598    543
 1965    731    508    455    409    893    653    593    537
 1966    567    394    358    324    876    640    582    527
 1967    505    329    293    259    860    622    566    513
 1968    517    344    307    273    891    658    602    548
 1969    647    435    392    352    720    500    450    403
 1970    675    471    425    380    883    649    593    537
 1971    569    383    344    307    959    719    660    601
 1972    645    431    385    340    837    607    555    504
 1973    552    351    310    275    905    665    605    549
 1974    532    343    304    269    791    556    503    455
 1975    695    469    423    380    853    618    562    508
 1976    602    406    360    319    870    633    575    520
 1977    849    610    556    503    893    654    595    537
 1978    658    453    406    363    884    651    594    541
 1979    566    372    334    299    864    625    567    512
 1980    677    461    413    368    880    642    587    534
 1981    576    378    335    296    895    655    595    538
 1982    709    475    421    370    763    528    473    423
 1983    505    330    293    260    868    633    578    525
 1984    542    349    307    269    893    653    596    539
 1985    742    514    465    421    750    528    478    431
 1986    616    404    354    307    891    652    593    535
 1987    786    555    503    452    949    709    650    593
 1988    799    568    515    467    939    701    642    586
 1989    619    413    368    327    828    595    542    490
 1990    516    319    276    239    908    675    617    560
 1991    702    487    438    391    961    721    661    601
 1992    624    421    378    336    821    587    531    476
 1993    537    327    284    242    762    530    475    422
 1994    694    486    440    398    910    672    614    556
 1995    523    319    277    238    887    650    592    536
 1996    509    307    264    225    869    634    577    522
 1997    497    313    274    236    936    696    636    577
 1998    744    510    458    408    768    537    482    427
 1999    599    379    334    291    816    577    522    468
     ****************************  *************************** 
 MEAN  624.0  418.7  373.9  332.1  861.8  626.5  570.2  515.6
 STDV   93.2   78.1   73.9   69.7   66.8   63.7   61.8   59.3
 
               JULY                        AUGUST 
     ****************************  *************************** 
 YEAR  40-86  48-86  50-86  52-86   40-86  48-86  50-86  52-86  
     ****************************  *************************** 
 1951    951    703    641    579    887    639    577    516
 1952   1006    758    697    636    886    638    577    517
 1953    996    748    686    625    959    711    649    587
 1954   1049    801    739    677    926    678    616    555
 1955   1101    853    791    729   1013    766    706    647
 1956    877    629    567    507    919    682    625    569
 1957   1105    857    795    733    939    693    632    575
 1958    891    644    583    523    966    722    662    606
 1959    959    711    650    593   1041    793    732    671
 1960    954    706    646    588    966    718    656    595
 1961    920    672    611    551    955    707    645    583
 1962    941    693    634    575    933    685    623    564
 1963   1011    763    701    639    921    675    616    560
 1964   1049    801    739    677    861    621    566    512
 1965   1003    755    694    633    879    634    575    519
 1966   1056    808    746    685    863    617    558    503
 1967    926    683    626    570    877    640    586    533
 1968    971    723    662    604    937    691    632    574
 1969   1018    770    708    647    956    708    646    584
 1970    973    726    666    608    932    684    625    567
 1971    898    656    599    543    898    657    601    547
 1972    926    681    623    565    923    678    620    562
 1973    984    736    674    613    986    738    677    616
 1974   1051    803    741    681    858    612    553    500
 1975   1022    774    714    657   1000    752    691    632
 1976   1023    775    714    654    938    691    631    575
 1977   1066    818    756    694    885    638    579    523
 1978    983    735    674    613    958    712    655    599
 1979    970    722    660    599    947    701    642    586
 1980    994    747    687    628   1004    756    695    634
 1981   1009    761    699    637    912    664    602    543
 1982   1065    817    755    693    920    675    616    559
 1983   1085    837    775    713   1082    834    772    710
 1984    973    725    664    604   1007    761    701    643
 1985    939    691    629    568    815    569    509    454
 1986   1026    778    716    654    786    543    485    429
 1987   1063    815    753    691    856    612    553    496
 1988   1010    762    700    638    984    737    678    619
 1989   1016    768    706    644    949    701    639    579
 1990    935    687    625    565    946    698    636    576
 1991    981    733    671    610    925    677    616    555
 1992    801    553    491    431    777    534    478    426
 1993    954    706    644    582    932    684    622    562
 1994    908    660    598    536    861    614    554    497
 1995    995    748    687    626   1075    827    765    703
 1996    922    674    613    552    894    646    584    522
 1997   1002    754    692    633    862    614    552    491
 1998    991    743    681    619    971    723    661    599
 1999   1064    816    754    692    876    628    567    507
     ****************************  *************************** 
 MEAN  988.2  740.6  679.4  618.9  927.6  681.4  621.4  563.1
 STDV   62.0   61.6   61.1   60.4   64.2   63.2   62.2   60.8
 
               SEPTEMBER                   OCTOBER
     ****************************  *************************** 
 YEAR  40-86  48-86  50-86  52-86   40-86  48-86  50-86  52-86  
     ****************************  *************************** 
 1951    557    349    303    260    334    208    183    161
 1952    723    506    458    413     60     40     35     30
 1953    694    485    439    396    521    353    317    282
 1954    720    493    440    387    210    110     90     70
 1955    703    500    456    413    261    174    154    137
 1956    640    452    413    376      0      0      0      0
 1957    591    397    358    322    141     86     76     67
 1958    720    506    460    417      0      0      0      0
 1959    649    449    407    366    114     59     50     42
 1960    662    456    410    366    304    208    185    165
 1961    596    409    365    325      0      0      0      0
 1962    565    377    335    296    404    257    225    196
 1963    743    521    467    417    634    427    383    344
 1964    657    455    409    366    113     74     65     56
 1965    510    320    280    243    376    248    220    192
 1966    637    445    404    364    251    162    143    127
 1967    634    429    385    347    157    102     92     83
 1968    642    427    383    340    359    226    196    167
 1969    653    446    402    362    212    142    127    112
 1970    657    450    406    365    166    115    104     93
 1971    699    499    453    409    489    320    281    247
 1972    630    428    385    344      0      0      0      0
 1973    657    438    389    342    518    339    299    261
 1974    411    279    251    224      0      0      0      0
 1975    558    368    325    284    465    319    286    254
 1976    701    503    459    417    111     80     74     68
 1977    725    489    435    384    322    179    149    119
 1978    811    588    538    488    285    176    153    132
 1979    715    497    449    404    151     97     85     73
 1980    733    510    458    409    173    109     97     86
 1981    675    457    407    361    228    124    103     84
 1982    656    440    390    344    296    174    151    132
 1983    721    507    458    413    192    118    103     89
 1984    602    424    384    349      0      0      0      0
 1985    615    414    370    328    306    164    134    106
 1986    677    450    395    344    289    154    128    104
 1987    676    442    393    349     29     20     18     16
 1988    708    484    435    387     44     27     23     19
 1989    627    439    397    356     73     41     34     28
 1990    750    531    480    430    136     84     74     66
 1991    621    424    380    338     59     35     30     26
 1992    630    432    386    342    202    113    100     87
 1993    496    295    254    218    166    115    104     94
 1994    736    509    456    406    379    224    191    160
 1995    450    306    274    244      0      0      0      0
 1996    607    400    354    310    415    261    228    200
 1997    685    472    424    381    372    259    235    212
 1998    789    562    510    460    381    221    190    160
 1999    607    419    381    344     14     10      9      8
     ****************************  *************************** 
 MEAN  651.7  446.8  401.3  358.4  218.8  138.0  121.0  105.4
 STDV   79.8   64.8   61.0   57.3  165.6  108.3   96.1   85.0
 
 DAILY RECORD HIGHS AND LOWS OCCURRING DURING 1951-1999 FOR STATION NUMBER  133
     JAN     FEB    MARCH   APRIL    MAY     JUNE    JULY    AUG     SEPT    OCT     NOV     DEC
 DY MX  MN  MX  MN  MX  MN  MX  MN  MX  MN  MX  MN  MX  MN  MX  MN  MX  MN  MX  MN  MX  MN  MX  MN
  1  46 -23  52 -20  65 -25  79  10  91  24  89  38 101  47  98  49  93  39  93  27  73  15  61  -6
  2  47 -20  54 -28  64  -8  82  11  89  25  88  38  94  48  96  48  92  43  91  24  76   8  68 -12
  3  48 -20  43 -24  67  -2  78   6  86  21  94  39 101  44  97  44  94  34  93  28  81   3  63 -12
  4  45 -18  53 -19  63 -13  74  10  90  25  94  40  97  42  95  45  92  39  94  27  75  -2  56  -8
  5  47 -24  54 -23  60 -17  87  17  87  29 100  42  98  46  95  43  91  39  93  26  66   2  57  -6
  6  41 -26  53 -19  68 -11  90   9  88  28  95  41  96  47  97  48  95  38  91  24  72   0  55 -18
  7  51 -23  63 -15  72 -10  83  15  90  29  97  44 104  45  96  44  95  37  90  22  73  -4  51 -15
  8  50 -20  56 -22  58  -8  82  10  88  30 105  39  98  50  93  50  94  38  85  21  72  -4  51 -15
  9  46 -23  57 -21  62  -9  88  12  92  26  96  40  98  51  93  46  95  40  80  23  79  11  51 -20
 10  48 -25  56 -16  68  -4  85  17  93  27  96  43  99  48  96  46  92  38  81  25  70  -1  57 -11
 11  47 -19  59 -22  64  -9  85  22  90  29  93  42  97  49  93  44  90  33  84  19  68 -11  57 -13
 12  52 -21  62 -16  71 -12  83  16  86  31  96  46  99  47  94  47  92  33  88  24  66  -2  60 -13
 13  55 -15  55 -10  67  -9  80  16  92  28 100  39 101  48  97  42  93  34  88  25  67   0  53 -21
 14  50 -22  60 -11  63 -10  87  19  93  32  98  43  96  48  96  45  91  35  86  25  76  -6  52 -17
 15  56 -25  53 -11  68   2  82  20  89  30  93  40  96  52 101  44  95  35  88  23  69   0  55 -17
 16  47 -24  59 -20  75   2  87  20  90  30  96  42  95  46 100  48  94  36  81  28  70  -3  52 -15
 17  44 -20  65 -19  70  -6  86  20  93  34  93  44  97  48 101  49  93  36  82  15  70 -10  51 -17
 18  49 -25  60 -10  66  -1  93  18  94  35  97  48  99  50  99  47  90  37  79  21  68   1  53 -23
 19  49 -27  56 -20  70  -1  87  19  92  37  97  43  98  53  97  40  95  31  80  13  72   4  49 -26
 20  44 -25  59 -15  62   0  86  25  92  35  98  42  98  45  99  40  94  30  81  16  63   3  52 -25
 21  45 -29  54 -14  70  -4  91  20  91  35  97  42  98  48  97  43  87  31  79  23  66  -6  48 -23
 22  49 -19  54  -8  76   4  90  25  92  28  92  44  99  50  96  49  85  26  81  16  66   2  46 -23
 23  55 -25  57 -12  71  -1  86  24  93  32  92  44 100  46  95  44  81  29  81  22  62  -5  45 -30
 24  61 -18  60 -15  82  -5  88  20  90  34  94  45  99  50  94  45  86  30  80  20  63   0  43 -24
 25  52 -13  54 -10  78   2  88  27  97  40  95  43  94  50  93  39  89  34  82  20  69  -6  46 -18
 26  44 -17  59 -11  77   0  86  28  98  34  97  46  98  48  98  43  90  28  83  20  62 -10  50 -24
 27  42 -18  54 -14  76   6  91  28  90  34  98  43  98  46 101  43  93  32  78  16  67  -4  49 -15
 28  42 -20  52 -24  80   2  92  28  90  33  96  41  98  50  97  42  90  28  79  15  71  -6  46 -22
 29  46 -26 *** ***  83  -4  87  22  94  35  99  50  98  47  95  45  84  24  72  18  57  -8  44 -14
 30  50 -18 *** ***  84  -2  89  26  94  42  99  47 100  43  93  47  91  27  74  17  65 -10  50 -18
 31  53 -24 *** ***  83   6 *** ***  91  39 *** *** 101  44  93  41 *** ***  77  14 *** ***  48 -20
 
 DAILY MAXIMUM PRECIPITATION OCCURRING DURING 1951-1999 FOR STATION NUMBER  133
     JAN   FEB   MARCH APRIL MAY   JUNE  JULY  AUG   SEPT  OCT   NOV   DEC
 
  1  0.17  0.40  0.76  0.51  1.30  0.97  0.60  2.06  0.57  0.85  1.52  0.40
  2  0.52  0.50  0.50  0.65  1.40  1.10  1.78  1.54  0.71  0.71  1.11  0.58
  3  0.41  0.18  0.62  1.45  0.65  1.65  1.13  1.90  0.63  1.68  0.42  0.20
  4  0.30  0.50  1.21  0.90  1.08  3.40  2.50  0.89  1.12  1.12  0.85  0.58
  5  0.60  0.46  0.51  1.07  1.40  2.17  1.94  2.29  2.78  0.38  1.25  0.62
  6  0.25  0.32  1.06  2.11  0.78  0.88  4.70  1.13  1.54  0.96  0.82  0.18
  7  0.20  0.09  0.73  0.88  1.30  2.63  2.12  1.35  1.45  1.20  0.27  0.75
  8  0.15  0.25  2.65  0.71  1.65  2.33  1.95  3.10  2.57  1.94  0.50  0.21
  9  0.04  0.28  1.06  1.06  1.02  1.48  2.49  0.47  0.90  1.02  0.60  0.39
 10  0.29  0.96  0.20  0.70  1.39  1.51  2.19  1.89  1.32  1.33  1.54  0.08
 11  1.30  0.12  0.56  0.65  1.44  0.69  1.65  0.79  0.43  1.40  2.00  0.57
 12  0.83  1.20  0.98  0.71  0.84  2.35  1.71  0.55  1.62  1.52  0.59  0.45
 13  0.16  0.04  1.77  2.13  2.00  2.10  1.47  0.86  4.25  1.65  0.53  0.50
 14  0.58  0.35  1.02  0.81  1.25  1.82  2.12  1.80  1.30  0.71  0.60  0.65
 15  0.30  0.56  0.55  0.86  0.72  1.92  1.02  1.33  1.20  1.46  1.55  0.34
 16  0.52  0.28  0.48  1.90  2.09  2.53  1.03  3.87  0.50  0.75  1.00  0.94
 17  0.20  0.26  0.90  1.19  1.05  1.81  1.80  0.62  1.62  1.78  0.77  0.25
 18  0.73  0.91  1.16  0.84  1.11  6.18  1.65  1.52  1.04  0.40  0.66  0.26
 19  0.62  1.57  0.70  0.88  1.05  1.17  1.72  1.33  2.13  0.61  0.59  0.60
 20  0.40  0.88  1.00  1.40  1.05  0.89  2.03  1.04  3.24  0.98  1.35  0.29
 21  0.30  1.24  0.55  2.00  3.49  1.71  0.88  1.20  1.22  0.66  1.35  0.35
 22  0.42  0.26  0.69  0.77  0.68  1.82  1.54  5.20  1.36  1.42  0.53  0.41
 23  0.68  0.60  1.44  1.64  2.05  3.40  1.00  1.34  1.00  1.06  0.56  0.47
 24  0.28  0.20  0.82  3.38  1.87  5.09  1.99  2.68  1.17  0.48  0.66  0.56
 25  0.30  0.70  1.24  0.79  1.03  2.10  1.93  1.12  2.83  0.20  0.50  0.78
 26  0.29  0.30  1.05  0.50  1.42  2.84  0.75  1.69  2.04  0.32  0.49  0.75
 27  0.31  0.74  0.76  2.16  0.85  1.21  1.95  0.79  0.64  1.04  0.20  0.34
 28  0.50  0.88  0.95  2.01  2.12  1.41  2.04  1.56  1.40  0.40  1.14  1.03
 29  0.25******  0.97  1.07  1.06  2.00  1.54  3.25  2.06  0.95  0.59  0.42
 30  0.68******  1.49  1.31  1.90  1.74  1.33  1.65  1.77  1.41  2.42  0.49
 31  0.20******  1.10******  1.60******  3.70  7.17******  1.22******  0.13
 
 RECORD LARGEST AND SMALLEST DAILY RANGES (MAX-MIN) DURING 1951-1999 FOR STATION NUMBER  133
     JAN     FEB    MARCH   APRIL    MAY     JUNE    JULY    AUG     SEPT    OCT     NOV     DEC
 DY MX  MN  MX  MN  MX  MN  MX  MN  MX  MN  MX  MN  MX  MN  MX  MN  MX  MN  MX  MN  MX  MN  MX  MN
  1 33   2  33   6  37   5  41   5  44   2  40  11  35  13  38  11  40   5  50  11  39   4  36   3
  2 34   3  50   3  33   4  47   3  40   3  36   8  31  14  32  12  45   7  43   4  37   3  36   2
  3 33   4  33   3  37   2  44   3  46   7  41   9  34   9  35  10  36   7  44   5  40   5  33   4
  4 36   3  38   1  38   4  43   7  49   5  42  13  41  11  33   7  38  12  48   6  39   2  33   4
  5 38   3  34   1  36   4  44   7  40   9  42  11  34   8  36   2  38  12  44   8  36   3  29   1
  6 34   3  36   4  35   6  42   7  42   3  40  10  34   9  38   6  34  15  44   6  36   2  34   2
  7 37   6  35   5  45   7  44   5  42   3  37   8  36   9  40   6  42   8  43   3  37   6  39   2
  8 36   4  34   4  36   4  39   5  43   7  42   8  37  15  34   4  41   9  41   7  36   3  31   3
  9 31   2  37   3  38   5  49   1  41   7  36   6  33   5  33  15  41   8  36   4  41   3  36   3
 10 38   3  38   3  39   5  39   4  45   6  40   9  32   9  36  12  39  11  43   6  42   3  36   2
 11 34   3  36   4  37   5  51   4  41   8  37   6  33   8  36   7  40   9  41   6  39   2  36   3
 12 41   2  33   4  34   4  41   4  40   9  34   9  32   7  34  11  45   6  42   7  39   2  30   4
 13 33   3  38   3  36   5  45   5  44   5  34  12  32   9  34   8  38  11  44   6  35   3  38   2
 14 32   5  34   3  41   4  40   3  42   8  34   9  38   5  39   9  36   4  38   9  42   4  45   0
 15 36   4  34   3  38   3  47   5  38  12  32   7  33   6  36  11  37   5  47   2  33   2  37   4
 16 39   5  39   4  38   3  50   6  53   8  35  10  39  11  34   9  38   8  42   6  37   6  44   4
 17 39   5  37   4  35   2  47   5  38   6  35   7  36  11  42  10  35   3  37   6  32   4  39   2
 18 57   4  38   2  35   2  55   8  44   4  43   7  33   9  37   7  38   6  42   7  36   5  37   4
 19 36   2  35   3  36   3  47   5  42   8  35   9  30   9  34   8  45   2  42   8  49   4  33   4
 20 38   4  37   4  39   6  42   7  37   8  37  12  33   7  36   6  39   5  47   1  31   4  32   5
 21 42   3  47   3  36   4  48   5  43   7  36   9  32   7  36   6  40   7  41   4  34   4  37   4
 22 46   2  39   1  44   5  39   3  38   6  37  10  33   4  40   9  41   6  39   5  39   3  32   4
 23 34   4  40   2  39   4  39   9  40  11  40   9  34   7  35  11  41   4  39   6  32   2  36   2
 24 37   4  45   4  49   3  42   7  37   7  33  15  39   7  36   9  43  10  42   5  38   3  40   3
 25 36   5  41   5  41   5  42  11  38   3  36  14  36  13  34   4  42   5  43   4  42   4  36   4
 26 34   3  37   3  41   4  39   5  39   5  35   7  34   9  36   6  44   4  45   6  36   2  40   4
 27 38   2  42   2  39   3  40   9  35   6  39  11  34   5  35  11  41   9  46   5  40   3  34   3
 28 33   4  37   5  42   6  46   7  36   6  45   9  35   5  38   8  42   9  42   7  36   2  32   3
 29 35   5  **  **  44   5  49   5  37   3  35  10  35   8  36   6  41   5  39   7  39   5  33   3
 30 36   5  **  **  45   4  42   4  36   7  37   3  32   5  42   5  46  10  40   7  35   3  39   2
 31 41   5  **  **  48   4  **  **  35  12  **  **  38  10  39  12  **  **  40   5  **  **  36   2
 
 DAILY  MEAN  HIGHS AND LOWS OCCURRING DURING 1951-1999 FOR STATION NUMBER  133
     JAN     FEB    MARCH   APRIL    MAY     JUNE    JULY    AUG     SEPT    OCT     NOV     DEC
 DY MX  MN  MX  MN  MX  MN  MX  MN  MX  MN  MX  MN  MX  MN  MX  MN  MX  MN  MX  MN  MX  MN  MX  MN
  1 25   8  24   7  36  16  51  30  65  41  75  51  84  61  83  59  78  55  71  44  51  33  34  18
  2 26   8  24   7  35  19  52  31  67  41  74  52  83  60  84  61  79  56  69  44  49  31  34  19
  3 24   6  24   6  35  18  51  30  67  42  77  51  83  60  83  60  78  56  68  43  49  30  35  17
  4 22   5  26   7  35  18  49  29  69  44  79  54  83  61  82  60  78  55  66  42  47  28  35  18
  5 23   4  26   8  34  18  51  30  69  45  80  55  83  60  82  59  77  54  66  42  47  28  33  18
  6 21   4  26   8  36  16  54  30  67  43  81  56  83  59  82  60  77  54  64  42  47  27  30  14
  7 21   2  27   7  34  14  55  33  68  43  79  58  84  61  83  60  79  54  65  41  48  28  30  15
  8 23   4  26   8  34  17  52  32  69  45  79  55  84  61  81  60  78  53  65  42  47  27  28  13
  9 21   4  27   9  38  18  52  30  68  45  79  55  83  60  81  58  76  54  62  39  46  28  29  12
 10 21   3  29  12  39  21  54  32  69  45  80  56  83  60  82  58  76  51  64  38  47  25  29  11
 11 23   4  27  10  40  22  55  33  70  46  80  57  83  61  81  57  77  51  66  40  45  26  29  12
 12 25   7  29  11  39  22  55  34  70  45  80  58  84  62  81  58  75  51  65  41  44  26  28  12
 13 25   6  30  12  40  23  56  33  69  45  82  58  84  62  81  59  75  51  65  41  45  27  28  11
 14 25   7  31  12  40  22  57  35  71  47  81  58  83  61  81  58  71  50  64  41  44  26  28  12
 15 23   5  29  12  39  21  60  35  72  47  80  58  83  61  81  58  72  48  63  40  45  26  28  11
 16 24   4  30  10  41  22  60  36  73  48  80  57  85  61  82  59  72  49  63  39  44  25  29  10
 17 23   6  32  13  40  24  62  37  73  49  81  58  85  62  83  59  72  49  62  39  44  26  27  10
 18 24   6  32  16  41  24  62  37  73  49  80  59  85  63  81  59  73  50  58  36  44  25  27  10
 19 23   5  31  14  42  25  62  38  74  48  82  58  85  63  81  59  73  50  59  35  42  24  28  11
 20 22   4  32  14  41  25  61  39  75  49  81  59  83  62  80  58  70  49  59  36  41  24  25   8
 21 24   7  32  14  42  23  62  38  75  50  81  58  84  62  81  58  69  47  60  37  40  22  25  10
 22 26   8  31  14  44  24  61  38  74  51  81  58  83  62  81  58  67  44  61  39  40  22  27  11
 23 26   5  33  16  44  25  62  38  73  50  81  58  83  61  80  58  67  42  58  36  38  22  25  10
 24 25   7  32  14  45  24  63  38  73  49  83  58  83  60  80  58  69  45  57  35  38  20  26   8
 25 23   7  34  14  45  25  66  39  72  50  83  59  84  62  80  58  70  45  58  36  38  21  25   8
 26 22   4  35  17  45  26  65  41  72  51  83  59  84  61  81  59  71  45  58  35  36  20  27   9
 27 22   5  35  18  50  28  65  41  73  51  84  60  83  61  82  59  70  44  58  35  34  17  27  11
 28 23   6  34  18  48  29  64  39  74  52  84  60  82  60  82  58  69  44  55  33  32  16  28  11
 29 23   4  **  **  46  29  64  41  75  52  84  61  83  60  81  59  69  45  54  32  33  17  27  10
 30 24   3  **  **  49  29  64  40  76  52  83  60  83  60  81  59  71  44  54  33  34  16  26   9
 31 25   4  **  **  51  30  **  **  75  53  **  **  83  60  79  57  **  **  54  33  **  **  25   8
  
  # OF DAYS EACH YEAR WHERE MIN >=32 F  1951-1999 FOR STATION #  133
   51  52  53  54  55  56  57  58  59  60  61  62  63  64  65  66  67  68  69  70
  202 201 214 214 207 193 199 203 200 202 193 202 216 212 203 198 202 207 197 192
 
   71  72  73  74  75  76  77  78  79  80  81  82  83  84  85  86  87  88  89  90
  208 199 215 201 212 196 230 206 196 205 222 215 211 196 206 210 219 199 195 202
 
   91  92  93  94  95  96  97  98  99
  214 207 197 213 208 201 198 236 208
  
 MEAN=206
 
 LENGTH OF SEASON FOR STATION NUMBER  133   BASE TEMP=32
 LAST SPRING OCCURENCE FIRST FALL OCCURENCE  LENGTH OF SEASON
   YEAR MONTH DAY DOY         MONTH DAY DOY
   1951   4    26 116           9    28 271          155
   1952   4    24 115          10     5 279          164
   1953   5    13 133          10     7 280          147
   1954   5     8 128          10    16 289          161
   1955   5     8 128          10     8 281          153
   1956   5    16 137           9    20 264          127
   1957   5     5 125          10    10 283          158
   1958   4    30 120          10     1 274          154
   1959   4    22 112          10     9 282          170
   1960   5    11 132          10    19 293          161
   1961   5     3 123           9    28 271          148
   1962   4    20 110           9    26 269          159
   1963   5    23 143          10    29 302          159
   1964   4     9 100           9    28 272          172
   1965   4    28 118           9    26 269          151
   1966   5    14 134          10     1 274          140
   1967   5     9 129           9    28 271          142
   1968   5    12 133          10     4 278          145
   1969   5    10 130          10     6 279          149
   1970   5     2 122          10    10 283          161
   1971   5    12 132          10    28 301          169
   1972   4    25 116           9    30 274          158
   1973   5     3 123          10    16 289          166
   1974   5     6 126           9    22 265          139
   1975   4    20 110          10     2 275          165
   1976   5     7 128          10     6 280          152
   1977   4     8  98          10     9 282          184
   1978   5     2 122          10     8 281          159
   1979   5     4 124          10     5 278          154
   1980   5     9 130          10     5 279          149
   1981   5    11 131          10     2 275          144
   1982   4    22 112           9    21 264          152
   1983   5    15 135           9    21 264          129
   1984   5     1 122           9    26 270          148
   1985   4    15 105          10     1 274          169
   1986   5     2 122          10     6 279          157
   1987   4     6  96          10     3 276          180
   1988   4    26 117          10     4 278          161
   1989   5     7 127           9    23 266          139
   1990   5     1 121          10    10 283          162
   1991   4    10 100           9    19 262          162
   1992   5     5 126           9    29 273          147
   1993   4    22 112          10     2 275          163
   1994   5     2 122          10    25 298          176
   1995   4    28 118           9    22 265          147
   1996   4    30 121          10     3 277          156
   1997   5    15 135          10    14 287          152
   1998   4     4  94          10    13 286          192
   1999   4    19 109           9    21 264          155
             MEAN=120              MEAN=277     MEAN=156
 
 LENGTH OF SEASON FOR STATION NUMBER  133   BASE TEMP=30
 LAST SPRING OCCURENCE FIRST FALL OCCURENCE  LENGTH OF SEASON
   YEAR MONTH DAY DOY         MONTH DAY DOY
   1951   4    26 116           9    28 271          155
   1952   4    16 107          10     5 279          172
   1953   5    13 133          10    26 299          166
   1954   5     7 127          10    18 291          164
   1955   4     7  97          10    15 288          191
   1956   5    16 137           9    20 264          127
   1957   5     4 124          10    10 283          159
   1958   4    29 119          10     1 274          155
   1959   4    22 112          10     9 282          170
   1960   5    11 132          10    19 293          161
   1961   5     2 122           9    28 271          149
   1962   4    20 110          10    23 296          186
   1963   5    22 142          10    29 302          160
   1964   4     9 100          10     9 283          183
   1965   4    28 118          10    13 286          168
   1966   5    10 130          10    17 290          160
   1967   5     6 126           9    28 271          145
   1968   5     5 126          10     4 278          152
   1969   4     6  96          10    14 287          191
   1970   5     2 122          10    10 283          161
   1971   4    26 116          10    28 301          185
   1972   4    25 116           9    30 274          158
   1973   5     3 123          10    29 302          179
   1974   5     6 126           9    22 265          139
   1975   4    12 102          10    16 289          187
   1976   5     7 128          10     6 280          152
   1977   4     8  98          10    12 285          187
   1978   5     2 122          10     8 281          159
   1979   4    30 120          10    10 283          163
   1980   4    14 105          10    12 286          181
   1981   5    11 131          10     2 275          144
   1982   4    21 111          10    21 294          183
   1983   5    15 135          10    12 285          150
   1984   4    30 121           9    26 270          149
   1985   4     9  99          10     1 274          175
   1986   4    22 112          10    13 286          174
   1987   4     6  96          10     3 276          180
   1988   4    19 110          10     4 278          168
   1989   5     6 126           9    23 266          140
   1990   5     1 121          10    10 283          162
   1991   4    10 100          10     6 279          179
   1992   4    27 118          10    17 291          173
   1993   4    10 100          10     2 275          175
   1994   4    29 119          10    25 298          179
   1995   4    27 117           9    22 265          148
   1996   4    30 121          10     3 277          156
   1997   5    15 135          10    14 287          152
   1998   3    25  84          10    23 296          212
   1999   4    17 107          10     2 275          168
             MEAN=116              MEAN=282     MEAN=165
 
 LENGTH OF SEASON FOR STATION NUMBER  133   BASE TEMP=28
 LAST SPRING OCCURENCE FIRST FALL OCCURENCE  LENGTH OF SEASON
   YEAR MONTH DAY DOY         MONTH DAY DOY
   1951   4    19 109          10    23 296          187
   1952   4    11 102          10     5 279          177
   1953   4    20 110          10    27 300          190
   1954   5     4 124          10    18 291          167
   1955   4     7  97          10    15 288          191
   1956   4    30 121           9    30 274          153
   1957   5     4 124          10    10 283          159
   1958   4    29 119          10     1 274          155
   1959   4    13 103          10    12 285          182
   1960   4    30 121          10    19 293          172
   1961   5     2 122           9    28 271          149
   1962   4    16 106          10    24 297          191
   1963   5    22 142          10    29 302          160
   1964   4     9 100          10     9 283          183
   1965   4    28 118          10    24 297          179
   1966   5    10 130          10    17 290          160
   1967   5     4 124          10    11 284          160
   1968   4    25 116          10    24 298          182
   1969   3    31  90          10    14 287          197
   1970   5     2 122          10    10 283          161
   1971   4    14 104          10    31 304          200
   1972   4    25 116           9    30 274          158
   1973   4    27 117          11     3 307          190
   1974   4     8  98           9    22 265          167
   1975   4    11 101          10    29 302          201
   1976   4    26 117          10     6 280          163
   1977   4     8  98          11    10 314          216
   1978   4    21 111          10    23 296          185
   1979   4    10 100          10    12 285          185
   1980   4    14 105          10    12 286          181
   1981   4    15 105          10    19 292          187
   1982   4    21 111          10    21 294          183
   1983   4    19 109          10    13 286          177
   1984   4     1  92           9    26 270          178
   1985   4     9  99          11     2 306          207
   1986   4    22 112          10    27 300          188
   1987   4     5  95          10     3 276          181
   1988   4    19 110          10     5 279          169
   1989   5     6 126          10     7 280          154
   1990   4    18 108          10    10 283          175
   1991   4    10 100          10     6 279          179
   1992   4    13 104          10    17 291          187
   1993   4     5  95          10    10 283          188
   1994   4     7  97          10    26 299          202
   1995   4    10 100           9    22 265          165
   1996   4    23 114          10    28 302          188
   1997   5    13 133          10    20 293          160
   1998   3    25  84          11     3 307          223
   1999   3    27  86          10     2 275          189
             MEAN=109              MEAN=288     MEAN=179
 
 LENGTH OF SEASON FOR STATION NUMBER  133   BASE TEMP=26
 LAST SPRING OCCURENCE FIRST FALL OCCURENCE  LENGTH OF SEASON
   YEAR MONTH DAY DOY         MONTH DAY DOY
   1951   4    17 107          10    23 296          189
   1952   4    11 102          10     5 279          177
   1953   4    20 110          10    27 300          190
   1954   4     8  98          10    18 291          193
   1955   3    28  87          10    15 288          201
   1956   4    30 121          10     9 283          162
   1957   5     4 124          10    10 283          159
   1958   4    29 119          10    28 301          182
   1959   4    13 103          10    12 285          182
   1960   4    10 101          10    19 293          192
   1961   5     1 121          10    20 293          172
   1962   4    16 106          10    24 297          191
   1963   4    21 111          10    29 302          191
   1964   4     9 100          10     9 283          183
   1965   4    16 106          10    24 297          191
   1966   5     9 129          10    25 298          169
   1967   5     4 124          10    11 284          160
   1968   4    24 115          10    29 303          188
   1969   3    31  90          10    14 287          197
   1970   4     4  94          10    10 283          189
   1971   4    14 104          10    31 304          200
   1972   4     9 100          10    18 292          192
   1973   4    16 106          11     4 308          202
   1974   4     8  98           9    22 265          167
   1975   4    10 100          10    29 302          202
   1976   4    12 103          10     6 280          177
   1977   4     6  96          11    10 314          218
   1978   3    26  85          11    14 318          233
   1979   4     6  96          10    13 286          190
   1980   4    14 105          10    12 286          181
   1981   3    24  83          10    19 292          209
   1982   4    11 101          10    21 294          193
   1983   4    18 108          11    11 315          207
   1984   3    30  90           9    29 273          183
   1985   4     9  99          11     4 308          209
   1986   4    22 112          10    27 300          188
   1987   4     4  94          10    10 283          189
   1988   4    19 110          10    13 287          177
   1989   4    12 102          10    18 291          189
   1990   4    17 107          10    25 298          191
   1991   3    30  89          10     7 280          191
   1992   4    12 103          10    17 291          188
   1993   4     2  92          10    10 283          191
   1994   4     7  97          10    26 299          202
   1995   4     4  94          10    22 295          201
   1996   4    13 104          10    28 302          198
   1997   4    17 107          10    21 294          187
   1998   3    24  83          11     3 307          224
   1999   3    27  86          10    20 293          207
             MEAN=102              MEAN=293     MEAN=190
 
 LENGTH OF SEASON FOR STATION NUMBER  133   BASE TEMP=24
 LAST SPRING OCCURENCE FIRST FALL OCCURENCE  LENGTH OF SEASON
   YEAR MONTH DAY DOY         MONTH DAY DOY
   1951   4    17 107          10    27 300          193
   1952   4    11 102          10    17 291          189
   1953   4    18 108          11     5 309          201
   1954   4     8  98          10    31 304          206
   1955   3    28  87          10    15 288          201
   1956   4    24 115          10     9 283          168
   1957   4    14 104          10    19 292          188
   1958   4    29 119          11     6 310          191
   1959   4    13 103          10    12 285          182
   1960   4    10 101          10    19 293          192
   1961   4    16 106          11     3 307          201
   1962   4    16 106          10    24 297          191
   1963   4     4  94          11     1 305          211
   1964   3    31  91          10     9 283          192
   1965   3    30  89          10    24 297          208
   1966   5     1 121          10    30 303          182
   1967   5     3 123          10    11 284          161
   1968   4     5  96          10    29 303          207
   1969   3    31  90          10    27 300          210
   1970   4     4  94          11    15 319          225
   1971   4     3  93          11     4 308          215
   1972   4     9 100          10    18 292          192
   1973   4    16 106          11     5 309          203
   1974   3    25  84          10     2 275          191
   1975   4     4  94          10    29 302          208
   1976   3    21  81          10     6 280          199
   1977   4     6  96          11    11 315          219
   1978   3    25  84          11    14 318          234
   1979   4     6  96          11     7 311          215
   1980   3    17  77          10    28 302          225
   1981   3    24  83          10    23 296          213
   1982   4     9  99          11     4 308          209
   1983   4    15 105          11    24 328          223
   1984   3    30  90           9    29 273          183
   1985   4     9  99          11     4 308          209
   1986   3    21  80          11     1 305          225
   1987   4     4  94          10    11 284          190
   1988   4    19 110          10    24 298          188
   1989   4    10 100          10    18 291          191
   1990   4    17 107          11     5 309          202
   1991   3    30  89          10    19 292          203
   1992   4    12 103          10    17 291          188
   1993   4     2  92          10    30 303          211
   1994   4     7  97          10    26 299          202
   1995   4     4  94          11     2 306          212
   1996   4     5  96          10    30 304          208
   1997   4    17 107          10    22 295          188
   1998   3    21  80          11     3 307          227
   1999   3    26  85          10    23 296          211
             MEAN= 97              MEAN=299     MEAN=201
 
 THESE ARE THE MONTHLY AVG. MAX TEMPS 1951-1999 FOR STATION # 133
 YEAR    JAN   FEB  MARCH APRIL  MAY  JUNE  JULY AUGUST SEPT   OCT   NOV   DEC   ANN
  
 1951   23.5  30.2  30.9  49.8  71.9  72.1  80.1  77.9  68.0  60.6  38.4  26.0  52.5
 1952   24.9  35.0  36.5  61.0  67.8  83.2  83.0  78.0  76.8  61.0  47.9  29.6  57.1
 1953   26.6  30.8  43.4  51.1  69.8  82.3  81.8  81.7  76.0  70.4  50.9  35.8  58.4
 1954   25.8  45.2  37.6  62.1  65.5  80.1  84.6  78.7  73.9  57.4  50.8  32.4  57.9
 1955   27.0  27.6  40.5  67.8  76.6  77.6  89.1  90.2  78.3  65.0  38.4  23.7  58.5
 1956   23.3  27.0  38.7  56.2  71.9  86.8  81.1  82.6  77.1  71.1  43.2  35.5  57.9
 1957   21.6  35.7  43.1  60.2  68.7  79.3  90.4  82.8  72.3  58.7  40.7  36.3  57.5
 1958   28.5  26.3  40.9  59.9  76.1  75.8  80.1  85.1  77.1  67.6  49.5  27.3  57.9
 1959   22.4  24.9  40.5  61.4  72.9  83.7  84.0  86.2  72.9  55.9  35.0  36.5  56.3
 1960   26.1  26.7  29.0  60.3  71.4  78.8  85.2  84.3  73.9  64.4  49.2  30.0  56.6
 1961   26.7  31.6  38.8  51.0  66.6  80.7  82.6  83.5  71.8  65.7  41.8  25.5  55.5
 1962   20.9  24.9  33.6  56.8  75.7  80.3  81.1  82.6  70.5  63.5  49.0  32.1  55.9
 1963   14.8  27.4  47.2  62.5  70.5  87.3  84.9  82.8  76.8  74.0  51.1  21.9  58.4
 1964   33.9  39.7  39.9  59.7  78.7  84.3  89.3  80.5  72.7  63.1  47.3  27.3  59.7
 1965   24.5  26.0  28.8  55.5  76.5  82.4  86.4  82.0  67.4  65.6  45.8  37.9  56.6
 1966   17.3  30.4  49.9  52.4  71.5  82.6  88.6  81.3  75.0  64.5  44.5  30.2  57.3
 1967   29.0  29.3  49.4  61.3  68.6  80.2  83.3  81.9  73.6  60.2  43.0  33.0  57.7
 1968   26.2  28.1  54.7  64.1  69.4  83.9  83.9  84.2  73.0  62.6  42.2  27.0  58.3
 1969   19.1  28.8  30.3  59.8  73.4  76.3  84.0  83.7  74.3  57.9  44.4  28.3  55.0
 1970   16.2  31.6  37.2  60.5  74.3  83.2  85.6  82.7  73.6  59.4  41.8  28.8  56.2
 1971   18.8  26.5  36.7  63.2  71.4  85.8  81.0  83.7  77.0  66.0  43.6  29.6  56.9
 1972   20.8  24.6  42.2  55.8  72.0  80.5  81.0  81.6  72.5  57.6  38.8  21.4  54.1
 1973   27.5  31.0  48.1  57.5  69.1  83.4  83.8  84.5  72.1  67.3  44.5  26.0  57.9
 1974   25.2  33.3  44.1  60.9  67.6  80.0  88.5  79.1  72.3  64.5  43.0  30.3  57.4
 1975   25.1  25.8  33.5  47.9  74.8  80.3  86.6  84.5  69.7  69.0  47.8  30.9  56.3
 1976   29.9  42.4  43.9  66.0  71.8  83.2  87.5  85.2  78.5  58.3  40.5  27.2  59.5
 1977   16.3  37.1  50.4  68.5  80.6  84.1  90.0  79.8  74.3  59.4  41.4  25.2  58.9
 1978   16.3  21.8  43.2  58.5  73.0  82.2  83.4  84.7  80.8  61.9  41.4  24.0  55.9
 1979   12.2  21.5  36.4  52.5  70.6  82.2  82.7  82.2  76.0  62.3  41.2  37.2  54.8
 1980   26.5  26.1  39.5  61.5  73.9  83.4  88.8  85.2  76.3  58.4  50.3  32.6  58.5
 1981   33.5  37.1  52.7  65.8  70.2  83.0  84.1  79.7  74.5  58.0  48.5  27.5  59.6
 1982   15.7  29.0  40.6  56.9  73.4  77.3  87.0  80.6  71.6  62.1  40.8  32.9  55.7
 1983   27.4  35.0  42.6  52.9  68.5  81.4  88.5  91.0  76.4  59.2  40.7  11.5  56.2
 1984   22.6  34.3  34.6  55.0  68.8  81.6  83.9  87.8  75.4  60.7  44.8  29.0  56.5
 1985   23.9  27.1  46.6  65.7  77.5  78.3  81.6  76.1  68.2  58.0  30.2  16.7  54.2
 1986   28.2  23.2  48.2  60.4  69.7  80.7  82.5  75.3  71.5  59.5  38.0  29.6  55.6
 1987   31.5  44.4  47.7  66.8  79.2  85.1  85.1  77.1  73.6  56.7  46.9  32.0  60.5
 1988   19.2  23.6  47.0  60.1  79.6  85.4  85.6  85.2  75.9  57.3  43.2  29.5  57.6
 1989   34.5  22.7  37.7  58.3  71.8  79.3  84.7  81.1  72.9  64.3  40.3  20.8  55.7
 1990   38.4  35.0  46.7  59.3  67.0  80.7  80.3  80.4  75.7  61.8  49.4  24.1  58.2
 1991   19.2  32.7  44.5  59.6  70.6  82.6  82.0  79.2  70.3  59.1  31.4  30.9  55.2
 1992   33.2  33.9  44.2  54.2  72.0  78.5  74.0  75.2  72.0  59.8  35.7  27.7  55.0
 1993   21.4  21.7  32.4  53.1  66.1  74.6  78.7  79.0  65.6  60.5  40.6  29.2  51.9
 1994   14.7  22.0  46.6  62.5  75.7  80.6  79.1  77.5  75.7  63.4  47.1  29.3  56.2
 1995   23.7  30.8  42.7  53.1  66.9  79.8  84.6  85.0  71.1  60.6  37.5  29.3  55.4
 1996   22.2  31.3  40.1  57.0  65.4  80.0  79.8  78.9  69.9  64.6  33.4  20.8  53.6
 1997   20.2  28.9  42.7  55.4  66.8  83.7  82.5  77.3  74.8  63.7  34.9  31.7  55.2
 1998   26.3  35.4  36.7  57.8  75.6  74.3  81.9  80.0  80.7  61.9  47.2  37.6  57.9
 1999   20.6  36.3  43.9  56.4  69.5  77.3  85.8  78.9  73.5  62.0  55.1  34.1  57.8
 MEANS  23.9  30.2  41.4  58.7  71.8  81.0  84.0  81.8  73.8  62.2  43.1  28.9  56.7
 
 THESE ARE THE MONTHLY AVG. MIN TEMPS 1951-1999 FOR STATION # 133
 YEAR    JAN   FEB  MARCH APRIL  MAY  JUNE  JULY AUGUST SEPT   OCT   NOV   DEC   ANN
  
 1951    5.3  13.6  15.1  34.3  51.3  55.2  61.5  59.5  48.4  40.6  19.6   9.8  34.5
 1952    5.6  22.9  22.2  37.6  48.4  61.4  62.6  59.2  51.7  33.5  26.9  17.7  37.5
 1953   10.3  15.7  25.4  33.0  48.5  61.5  62.8  61.2  50.6  44.6  29.1  16.5  38.3
 1954    3.6  25.8  21.8  38.4  43.1  61.9  64.6  61.1  54.0  39.8  29.8  18.5  38.5
 1955   10.2   6.7  19.7  41.4  49.9  54.9  66.3  60.5  48.9  37.5  16.0   3.6  34.6
 1956    2.8   4.4  19.4  31.5  46.5  59.4  56.2  58.1  46.3  43.5  24.6  15.2  34.0
 1957    1.1  15.8  22.3  34.7  45.9  55.9  65.7  58.8  47.1  37.4  25.1  19.0  35.7
 1958   14.8   5.0  24.0  35.0  47.2  52.5  57.7  59.5  50.8  39.2  24.5   6.2  34.7
 1959    1.7   3.8  22.3  35.0  50.5  58.4  59.0  63.3  50.2  36.0  16.4  23.1  35.0
 1960   10.9  10.0   8.3  36.6  46.5  54.7  58.2  59.2  51.2  38.1  26.5  10.6  34.2
 1961    6.6  14.8  24.6  30.5  41.1  54.7  57.5  59.1  49.0  39.5  24.8   9.1  34.3
 1962   -0.2  11.1  15.6  32.3  52.0  55.8  60.1  58.1  46.6  42.2  28.8  13.8  34.7
 1963   -0.9   7.2  26.7  37.2  45.8  58.8  61.6  57.7  52.8  47.8  29.5   3.7  35.7
 1964   14.1  14.2  17.0  37.4  51.6  56.5  62.9  56.0  50.3  36.6  27.1   8.3  36.0
 1965    3.5   4.4  12.2  34.7  50.2  57.8  60.7  56.5  45.5  40.1  24.5  22.6  34.4
 1966   -1.3   8.8  27.1  32.8  42.4  57.5  63.5  55.5  47.1  36.9  22.3  12.0  33.7
 1967    9.9   6.2  25.5  37.2  41.4  57.4  57.6  54.9  47.7  37.3  23.8  15.3  34.5
 1968    7.6   8.4  27.0  36.8  42.3  58.0  59.6  58.9  49.8  41.1  25.8  11.0  35.5
 1969    1.9  12.0  10.9  37.0  47.8  51.9  63.3  58.6  49.1  36.1  25.1  11.8  33.8
 1970   -3.0   7.3  19.4  34.6  48.6  57.5  59.6  58.4  50.6  39.5  25.8   8.5  33.9
 1971    0.2  10.7  21.0  35.4  44.0  60.6  57.3  55.5  50.1  43.7  27.3  13.8  35.0
 1972    1.2   5.2  21.8  33.5  49.5  55.8  59.5  60.0  49.5  36.4  27.9   4.8  33.8
 1973    9.1  15.8  32.6  34.2  45.1  58.5  61.3  60.4  51.5  44.5  28.1  10.9  37.6
 1974    5.7  15.3  24.7  37.4  45.7  54.0  63.2  56.4  43.9  39.2  26.5  15.2  35.6
 1975    6.5   8.6  17.1  33.5  50.5  57.2  62.2  61.4  46.7  40.1  27.6  17.9  35.8
 1976    9.5  21.7  25.4  39.6  45.0  56.1  61.4  57.6  48.8  31.4  19.0   5.0  35.1
 1977   -4.9  15.6  31.1  41.9  54.6  57.5  64.2  57.5  54.1  38.6  25.9  11.1  37.3
 1978   -1.5   3.4  22.5  37.4  48.8  57.6  61.5  58.5  54.9  38.0  24.0   8.0  34.4
 1979   -4.9   0.5  21.7  33.6  45.2  56.6  60.5  60.4  51.7  38.6  26.2  19.8  34.1
 1980   11.6  10.9  22.0  36.1  49.3  56.8  59.6  61.3  52.4  37.0  28.3  14.3  36.6
 1981   11.4  16.2  27.6  40.4  46.0  57.7  63.0  59.1  50.4  38.6  32.4  12.0  37.9
 1982   -2.9  10.1  25.3  33.0  52.5  53.9  64.1  59.3  51.7  41.5  24.5  20.3  36.1
 1983   14.7  21.3  29.0  34.2  43.1  58.0  65.0  64.4  52.1  40.2  29.7  -3.4  37.3
 1984    6.8  22.3  17.8  36.3  45.2  58.4  59.7  60.6  46.8  42.3  26.0  12.5  36.2
 1985    3.0  10.3  28.8  39.6  50.6  52.9  59.6  56.6  52.1  38.0  15.5  -1.9  33.7
 1986   12.1  10.1  27.6  39.1  49.7  59.7  64.4  55.5  53.6  39.8  18.5  16.0  37.2
 1987   14.8  21.8  29.0  39.0  52.9  61.0  65.3  58.7  51.6  33.7  31.2  19.3  39.9
 1988   -0.5   5.7  26.1  34.0  52.5  59.7  61.8  61.7  51.7  33.6  26.9  11.3  35.4
 1989   17.4   2.4  21.4  35.4  47.0  56.5  63.0  60.6  47.6  38.1  16.6   2.4  34.0
 1990   15.4  13.8  26.8  34.5  45.7  60.9  61.0  61.0  54.3  36.0  27.6   5.4  36.9
 1991   -0.7  15.3  26.9  39.7  54.3  63.4  62.9  60.7  49.8  36.3  18.0  17.1  37.0
 1992   17.2  23.3  28.1  34.7  47.8  56.4  57.6  55.0  49.3  38.1  25.9  13.5  37.2
 1993    4.6   8.6  18.6  34.4  48.4  56.3  63.0  61.3  46.8  37.3  22.0  14.8  34.7
 1994   -3.3   3.5  26.6  34.7  48.5  60.6  59.6  58.2  53.8  43.3  30.0  15.9  35.9
 1995    9.9  14.0  27.3  34.0  46.5  60.5  61.9  65.6  48.8  40.2  19.9  15.3  37.0
 1996    4.1  13.6  18.6  33.0  47.0  59.3  59.9  58.8  50.3  39.8  19.4   9.1  34.4
 1997    4.8  14.6  25.5  33.1  43.0  59.5  62.9  58.5  50.6  38.6  22.3  20.8  36.2
 1998   11.1  23.2  22.5  38.4  52.8  57.2  62.4  62.8  53.3  40.5  29.4  14.9  39.0
 1999    3.7  21.6  24.2  37.1  48.9  57.8  65.3  57.8  46.3  34.7  28.6  13.7  36.6
 MEANS   5.7  12.2  22.9  35.8  47.8  57.6  61.5  59.2  50.0  38.9  24.9  12.4  35.7
 
 THESE ARE THE MONTHLY AVG. MEAN TEMPS 1951-1999 FOR STATION # 133
 YEAR    JAN   FEB  MARCH APRIL  MAY  JUNE  JULY AUGUST SEPT   OCT   NOV   DEC   ANN
  
 1951   14.4  21.9  23.0  42.0  61.6  63.7  70.8  68.7  58.2  50.6  29.0  17.9  43.5
 1952   15.3  28.9  29.3  49.3  58.1  72.3  72.8  68.6  64.3  47.3  37.4  23.7  47.3
 1953   18.4  23.3  34.4  42.1  59.2  71.9  72.3  71.4  63.3  57.5  40.0  26.2  48.3
 1954   14.7  35.5  29.7  50.3  54.3  71.0  74.6  69.9  64.0  48.6  40.3  25.5  48.2
 1955   18.6  17.1  30.1  54.6  63.3  66.2  77.7  75.4  63.6  51.3  27.2  13.7  46.6
 1956   13.0  15.7  29.1  43.8  59.2  73.1  68.7  70.3  61.7  57.3  33.9  25.3  45.9
 1957   11.4  25.8  32.7  47.5  57.3  67.6  78.0  70.8  59.7  48.0  32.9  27.6  46.6
 1958   21.7  15.7  32.5  47.5  61.7  64.2  68.9  72.3  63.9  53.4  37.0  16.8  46.3
 1959   12.0  14.3  31.4  48.2  61.7  71.1  71.5  74.7  61.5  46.0  25.7  29.8  45.7
 1960   18.5  18.3  18.6  48.4  58.9  66.8  71.7  71.7  62.5  51.2  37.9  20.3  45.4
 1961   16.6  23.2  31.7  40.8  53.9  67.7  70.1  71.3  60.4  52.6  33.3  17.3  44.9
 1962   10.3  18.0  24.6  44.5  63.9  68.1  70.6  70.4  58.5  52.9  38.9  22.9  45.3
 1963    6.9  17.3  37.0  49.8  58.2  73.0  73.3  70.2  64.8  60.9  40.3  12.8  47.0
 1964   24.0  27.0  28.5  48.5  65.2  70.4  76.1  68.3  61.5  49.9  37.2  17.8  47.9
 1965   14.0  15.2  20.5  45.1  63.3  70.1  73.5  69.2  56.5  52.9  35.2  30.3  45.5
 1966    8.0  19.6  38.5  42.6  57.0  70.0  76.0  68.4  61.0  50.7  33.4  21.1  45.5
 1967   19.5  17.8  37.4  49.3  55.0  68.8  70.4  68.4  60.7  48.7  33.4  24.1  46.1
 1968   16.9  18.3  40.9  50.5  55.9  70.9  71.8  71.5  61.4  51.8  34.0  19.0  46.9
 1969   10.5  20.4  20.6  48.4  60.6  64.1  73.6  71.1  61.7  47.0  34.8  20.0  44.4
 1970    6.6  19.4  28.3  47.5  61.5  70.4  72.6  70.5  62.1  49.4  33.8  18.6  45.1
 1971    9.5  18.6  28.9  49.3  57.7  73.2  69.2  69.6  63.5  54.9  35.4  21.7  46.0
 1972   11.0  14.9  32.0  44.7  60.7  68.2  70.2  70.8  61.0  47.0  33.3  13.1  43.9
 1973   18.3  23.4  40.4  45.9  57.1  70.9  72.6  72.4  61.8  55.9  36.3  18.4  47.8
 1974   15.5  24.3  34.4  49.1  56.7  67.0  75.9  67.7  58.1  51.8  34.7  22.8  46.5
 1975   15.8  17.2  25.3  40.7  62.6  68.8  74.4  72.9  58.2  54.5  37.7  24.4  46.0
 1976   19.7  32.1  34.7  52.8  58.4  69.7  74.4  71.4  63.6  44.9  29.8  16.1  47.3
 1977    5.7  26.3  40.8  55.2  67.6  70.8  77.1  68.7  64.2  49.0  33.6  18.1  48.1
 1978    7.4  12.6  32.9  48.0  60.9  69.9  72.5  71.6  67.8  49.9  32.7  16.0  45.2
 1979    3.6  11.0  29.0  43.0  57.9  69.4  71.6  71.3  63.8  50.5  33.7  28.5  44.4
 1980   19.0  18.5  30.7  48.8  61.6  70.1  74.2  73.2  64.3  47.7  39.3  23.5  47.6
 1981   22.4  26.7  40.2  53.1  58.1  70.4  73.6  69.4  62.4  48.3  40.4  19.8  48.7
 1982    6.4  19.5  33.0  45.0  63.0  65.6  75.5  70.0  61.7  51.8  32.7  26.6  45.9
 1983   21.0  28.1  35.8  43.5  55.8  69.7  76.8  77.7  64.3  49.7  35.2   4.0  46.8
 1984   14.7  28.3  26.2  45.7  57.0  70.0  71.8  74.2  61.1  51.5  35.4  20.8  46.4
 1985   13.5  18.7  37.7  52.6  64.0  65.6  70.6  66.4  60.1  48.0  22.9   7.4  44.0
 1986   20.1  16.6  37.9  49.8  59.7  70.2  73.4  65.4  62.6  49.6  28.2  22.8  46.4
 1987   23.1  33.1  38.4  52.9  66.1  73.0  75.2  67.9  62.6  45.2  39.1  25.7  50.2
 1988    9.4  14.6  36.6  47.0  66.0  72.6  73.7  73.5  63.8  45.5  35.0  20.4  46.5
 1989   25.9  12.5  29.5  46.8  59.4  67.9  73.9  70.8  60.3  51.2  28.4  11.6  44.9
 1990   26.9  24.4  36.8  46.9  56.4  70.8  70.6  70.7  65.0  48.9  38.5  14.8  47.5
 1991    9.2  24.0  35.7  49.7  62.4  73.0  72.5  69.9  60.1  47.7  24.7  24.0  46.1
 1992   25.2  28.6  36.2  44.5  59.9  67.4  65.8  65.1  60.7  49.0  30.8  20.6  46.1
 1993   13.0  15.2  25.5  43.7  57.2  65.4  70.9  70.1  56.2  48.9  31.3  22.0  43.3
 1994    5.7  12.8  36.6  48.6  62.1  70.6  69.3  67.9  64.7  53.3  38.6  22.6  46.1
 1995   16.8  22.4  35.0  43.6  56.7  70.1  73.2  75.3  60.0  50.4  28.7  22.3  46.2
 1996   13.2  22.4  29.4  45.0  56.2  69.6  69.9  68.9  60.1  52.2  26.4  15.0  44.0
 1997   12.5  21.8  34.1  44.2  54.9  71.6  72.7  67.9  62.7  51.2  28.6  26.3  45.7
 1998   18.7  29.3  29.6  48.1  64.2  65.8  72.2  71.4  67.0  51.2  38.3  26.2  48.5
 1999   12.2  29.0  34.0  46.8  59.2  67.5  75.5  68.4  59.9  48.4  41.8  23.9  47.2
 MEANS  14.8  21.2  32.2  47.3  59.8  69.3  72.7  70.5  61.9  50.5  34.0  20.6  46.2
 
 THESE ARE THE MONTHLY PRECIP TOTALS AND NUMBER OF MISSING DAYS 1951-1999 FOR STATION # 133
 YEAR    JAN   FEB  MARCH APRIL  MAY  JUNE  JULY AUGUST SEPT   OCT   NOV   DEC   ANN
  
 1951   0.28  2.41  3.77  4.16  3.67  7.06  3.68  5.32  2.28  1.87  0.33  0.78 35.61
           0     0     0     0     0     0     0     0     0     0     0     0     0
 1952   1.98  0.39  1.97  1.11  3.47  5.86  5.24  3.60  0.26  0.00  0.98  0.61 25.47
           0     0     0     0     0     0     0     0     0     0     0     0     0
 1953   0.97  0.75  2.74  2.19  1.97  5.54  3.89  4.19  0.87  0.30  1.77  0.88 26.06
           0     0     0     0     0     0     0     0     0     0     0     0     0
 1954   0.43  1.39  2.18  3.66  5.16 10.57  3.16  5.12  2.00  3.70  0.07  0.78 38.22
           0     0     0     0     1     0     0     0     0     0     0     0     1
 1955   0.11  0.79  0.54  3.88  2.08  3.93  3.24  3.37  1.37  0.81  0.28  0.56 20.96
           0     0     0     0     0     0     0     0     0     0     0     0     0
 1956   0.38  0.13  1.81  0.00  3.44  3.58  3.44  2.21  0.55  1.37  2.58  0.35 19.84
           0     0     0    30     0     0     0     0     0     0     0     0    30
 1957   0.56  0.25  0.78  0.82  4.75  2.45  2.48  3.14  1.80  1.39  2.87  0.57 21.86
           0     0     0     0     0     0     0     0     0     0     0     0     0
 1958   0.00  0.00  0.00  1.55  1.85  3.50  4.33  2.06  1.09  0.51  0.57  0.21 15.67
          31    28    31     9     0     0     0     0     0     0     0     0    99
 1959   0.50  1.81  2.72  1.92 10.07  2.56  0.43  8.60  3.08  1.63  1.65  1.41 36.38
           0     0     0     0     0     0     0     0     0     0     0     0     0
 1960   0.48  0.72  1.43  1.84  6.18  3.35  0.91  4.57  2.66  0.54  0.84  1.01 24.53
           0     0     0     0     0     0     0     0     0     0     0     0     0
 1961   0.11  2.32  5.23  1.96  2.66  3.42  4.95  5.03  4.30  3.33  0.89  0.00 34.20
           0     0     0     0     0     0     0     0     0     0     0    31    31
 1962   0.00  2.51  0.15  2.49  3.08  3.38  5.66  9.13  2.69  1.77  0.30  0.18 31.34
          31     0    18     0     0     0     0     0     0     0     0     0    49
 1963   0.99  0.77  1.39  1.82  3.20  2.90  7.40  1.54  2.31  0.83  0.46  0.32 23.93
           0     0     0     0     0     0     0     0     0     0     0     0     0
 1964   0.00  0.15  0.95  7.17  3.33  3.94  5.55  4.18  7.39  0.48  0.99  1.20 35.33
          31     0     0     0     0     0     0     0     0     0     0     0    31
 1965   0.53  2.35  4.15  3.70  4.60  3.62  2.42  6.14 11.47  0.96  1.06  0.61 41.61
           0     0     0     0     0     0     0     0     0     0     0     0     0
 1966   0.96  0.69  1.81  1.75  3.29  4.94  3.01  1.83  1.03  0.74  0.13  1.18 21.36
           0     0     0     0     0     0     0     0     0     0     0     0     0
 1967   0.67  0.51  0.43  2.09  3.18  7.65  1.35  2.39  1.61  1.46  0.13  0.84 22.31
           0     0     0     0     0     0     0     0     0     0     0     0     0
 1968   0.92  0.17  0.40  4.93  1.82  3.67  3.82  2.15  4.82  5.27  3.32  2.76 34.05
           0     0     0     0     0     0     0     0     0     0     0     0     0
 1969   1.87  0.94  1.05  0.84  3.96  6.55  6.93  2.54  1.43  2.89  0.70  1.74 31.44
           0     0     0     0     0     0     0     0     0     0     0     0     0
 1970   0.66  0.03  1.26  1.21  5.02  1.69  1.68  1.84  4.16  4.64  2.12  0.40 24.71
           0     0     0     0     0     0     0     0     0     0     0     0     0
 1971   0.17  3.45  0.98  0.71  2.54  6.18  2.62  0.69  1.26  5.47  2.91  1.06 28.04
           0     0     0     0     0     0     0     0     0     0     0     0     0
 1972   0.47  1.05  0.00  2.44  3.70  2.25  4.89  2.13  6.35  3.21  1.53  1.92 29.94
           0     0    31     0     0     0     0     0     0     0     0     0    31
 1973   0.00  0.83  3.36  3.36  5.79  3.65  5.32  0.95  7.21  1.72  4.53  0.50 37.22
          31     0     0     0     0     0     0     0     0     0     0     0    31
 1974   0.09  0.04  1.27  2.81  4.77  3.72  2.15  4.65  0.80  1.28  1.18  0.45 23.21
           0     0     0     0     0     0     0     0     0     0     0     0     0
 1975   2.45  0.87  1.34  5.07  3.30  4.90  1.30  4.39  1.00  0.27  3.29  0.68 28.86
           0     0     0     0     0     0     0     0     0     0     0     0     0
 1976   0.17  0.46  3.85  1.31  2.97  3.17  2.70  1.02  0.95  0.00  0.02  0.21 16.83
           0     0     0     0     0     0     0     0     0    31     0     0    31
 1977   0.47  0.00  2.57  2.83  3.26  3.07  2.20  6.77  2.64  2.77  0.89  0.54 28.01
           0    28     0     0     0     0     0     0     0     0     0     0    28
 1978   0.53  0.95  0.55  2.69  2.24  2.19  8.97  3.45  5.77  1.12  1.28  0.56 30.30
           0     0     0     0     0     0     0     0     0     0     0     1     1
 1979   0.00  0.43  4.68  1.72  1.53  2.52  4.42  0.00  0.56  2.97  2.17  0.63 21.63
           6     0     0     0     0     0     0    31     0     0     0     0    37
 1980   0.88  0.94  0.98  0.85  4.30  1.29  0.00  0.00  2.63  1.29  0.60  0.30 14.06
           0     0     0     0     0     0    31    31     0     0     0     0    62
 1981   0.00  0.90  0.66  1.61  3.12  8.93  3.40  2.81  1.16  2.63  0.58  0.93 26.73
           0     0     0     0     0     0     0     0     0     0     0     0     0
 1982   1.71  0.25  1.19  2.35  7.77  4.91  4.60  3.62  4.08  3.10  2.42  3.41 39.41
           4     1     1     1     0     0     0     0     0     0     0     0     7
 1983   0.53  0.90  3.88  1.91  3.47  8.14  1.82  1.75  5.97  2.82  3.63  0.82 35.64
           0     0     1     0     0     0     0     0     0     0     0     0     1
 1984   0.47  0.62  0.73  5.66  3.81  8.79  3.43  0.71  0.79  4.71  2.39  2.23 34.34
           0     0     3     0     0     0     0     0     0     0     0     0     3
 1985   0.41  0.00  1.99  4.89  2.57  3.01  2.10  5.92  6.68  1.16  0.53  0.26 29.52
           2     0     1     0     0     0     0     0     0     0     0     0     3
 1986   0.36  0.34  2.03  4.71  3.44  2.58  6.69  3.56  3.66  4.62  1.09  0.39 33.47
           0     0     0     0     0     0     0     0     0     0     0     0     0
 1987   0.06  0.07  1.70  2.24  2.77  1.98  6.48  3.65  2.30  1.16  2.43  0.67 25.51
           0     0     0     0     0     0     0     0     0     0     0     1     1
 1988   0.72  0.93  0.53  3.15  2.53  2.44  1.80  4.02  3.40  0.39  2.24  0.20 22.35
           0     0     0     0     0     0     0     0     0     0     0     0     0
 1989   0.33  0.29  0.26  2.17  3.43  2.27  3.88  1.70  1.77  0.68  0.32  0.08 17.18
           0     0     0     0     0     0     0     0     0     0     0     0     0
 1990   0.34  0.23  3.22  2.60  4.20  7.22  3.50  5.21  1.26  1.62  0.39  0.72 30.51
           0     0     0     0     0     0     0     0     0     0     0     1     1
 1991   0.46  0.47  4.52  5.76  6.79  8.02  3.75  5.57  2.49  1.10  5.62  1.06 45.61
           0     0     0     0     0     0     0     0     0     0     0     0     0
 1992   0.96  0.84  3.13  2.33  2.54  3.99  7.27  2.56  3.94  3.30  2.04  2.24 35.14
           0     0     0     0     0     0     0     0     0     0     0     0     0
 1993   1.30  1.95  2.35  3.61  6.09  9.62  7.26  7.19  2.53  0.81  1.04  0.95 44.70
           0     0     0     0     0     0     0     0     0     0     0     0     0
 1994   1.14  0.98  0.02  3.12  2.20 11.02  6.68  1.91  4.03  2.86  1.72  0.73 36.41
           0     0     0     0     0     0     0     0     0     0     0     0     0
 1995   0.54  0.04  4.16  4.26  4.94  3.26  1.75  6.53  4.76  2.44  0.36  0.48 33.52
           0     0     0     0     0     0     0     0     0     0     0     0     0
 1996   1.79  0.09  1.50  1.15  3.67  4.73  3.39  5.06  1.50  2.04  2.79  0.97 28.68
           0     0     0     0     0     0     0     0     0     0     0     0     0
 1997   1.08  1.01  1.21  1.44  4.07  2.12  6.34  1.47  2.32  1.88  0.85  0.60 24.39
           0     0     0     0     0     0     0     0     0     0     0     0     0
 1998   1.37  1.19  1.88  5.42  4.15  8.50  1.88  3.26  1.98  3.81  0.91  0.17 34.52
           0     0     0     0     0     0     0     0     0     0     0     0     0
 1999   1.05  0.68  0.60  7.37  3.72  8.44  5.69  0.33  0.87  1.00  0.71  0.49 30.95
           0     0     0     0     0     0     0     0     0     0     0     0     0
 
 MEANS  0.66  0.81  1.83  2.83  3.81  4.76  3.87  3.47  2.89  1.97  1.48  0.83 29.22
 PRECIPITATION MEANS AND TOTALS ARE BASED ON DATA AVAILABLE
 NO ATTEMPT WAS MADE TO ESTIMATE MISSING PRECIPITATION DATA
 *****************************************************************************************
 *****************************************************************************************
 
 THESE ARE THE MONTHLY HEATING DEGREE DAYS 1951-1999 FOR STATION # 133
 YEAR    JAN    FEB   MARCH  APRIL   MAY    JUNE   JULY  AUGUST  SEPT   OCT   NOV   DEC
 
 1951  1569.0 1206.0 1301.5  693.0  128.5   79.5   14.0   15.0  210.5  460.5 1080.5 1461.0
 1952  1541.0 1045.5 1106.0  481.5  245.0   15.0    4.0   12.5  110.0  550.5  827.5 1281.5
 1953  1443.5 1169.0  949.0  689.0  227.5   15.5    7.5    1.5  114.5  271.0  749.5 1204.0
 1954  1559.5  825.5 1094.0  452.0  343.5   47.5    0.0    4.5   98.0  510.5  741.5 1226.0
 1955  1439.0 1340.0 1081.5  313.0  111.5   61.5    0.0    8.5  139.0  428.5 1135.0 1591.0
 1956  1610.5 1429.5 1114.0  636.5  227.5   17.0   10.5   30.0  149.5  254.5  932.5 1229.5
 1957  1663.0 1099.0 1001.5  530.5  253.5   34.5    0.0   12.5  178.5  526.0  962.5 1158.5
 1958  1343.0 1381.5 1009.0  528.0  150.5   88.0   11.5   26.5   94.0  367.5  839.5 1495.0
 1959  1641.5 1418.5 1042.0  505.0  167.5   23.0   10.5    3.0  188.0  590.0 1180.0 1090.5
 1960  1442.0 1353.0 1437.5  511.5  200.0   38.5    5.0    4.0  169.5  432.5  814.0 1386.0
 1961  1499.0 1170.5 1032.0  727.5  353.5   51.5    8.0    3.5  199.0  384.5  950.0 1478.0
 1962  1694.5 1315.5 1252.0  616.5  123.0   37.0   13.5    4.5  221.0  395.0  782.0 1304.0
 1963  1800.5 1336.5  868.5  458.0  245.5    8.5    0.0   21.0   75.5  157.0  741.5 1617.5
 1964  1271.0 1103.0 1132.0  495.0   92.0   27.0    2.0   48.0  171.0  470.0  833.5 1463.5
 1965  1582.5 1394.5 1380.0  597.5  114.0    2.5    2.0   36.0  266.5  384.5  895.0 1077.0
 1966  1767.0 1271.5  822.0  671.5  285.0   27.0    0.0   31.0  160.0  447.5  947.0 1360.0
 1967  1412.0 1323.0  859.0  484.0  356.5   15.5   34.5   31.0  152.5  510.5  948.0 1266.5
 1968  1491.5 1355.5  748.0  437.5  299.0   43.5    8.0   17.5  137.0  424.0  930.5 1426.5
 1969  1688.5 1249.5 1375.5  499.0  187.0   95.5    3.0    0.0  133.5  572.0  906.5 1394.0
 1970  1810.5 1276.0 1137.5  548.0  182.0   31.0    8.5    9.0  180.0  492.5  936.5 1437.0
 1971  1720.5 1300.0 1119.5  472.5  240.0    9.0   33.5   24.5  144.0  335.0  887.0 1342.0
 1972  1674.0 1452.5 1023.0  610.5  196.5   42.0   23.5   31.5  163.0  560.5  949.5 1609.0
 1973  1447.0 1164.5  764.0  574.0  265.0   10.0    2.0    4.0  131.5  297.0  862.0 1443.5
 1974  1536.0 1140.5  948.0  477.0  286.0   59.5    0.0   35.0  229.5  409.0  908.0 1309.5
 1975  1525.0 1339.5 1230.5  730.0  147.0   35.0   13.0    3.5  239.0  341.0  818.0 1259.0
 1976  1404.0  954.5  940.5  380.0  220.0   15.0    0.0   11.5  122.0  632.0 1056.5 1515.5
 1977  1838.0 1083.0  751.0  316.0   49.5    5.5    1.0   20.0   70.0  496.5  941.0 1452.5
 1978  1786.5 1466.5  996.5  511.5  197.5   30.5    5.0   10.5   64.0  467.0  969.5 1520.0
 1979  1902.5 1512.5 1115.0  658.5  261.5   19.0    2.5   28.5   98.0  454.0  939.0 1131.5
 1980  1425.5 1348.5 1062.0  496.5  174.0   16.0    3.0    0.0   97.0  536.5  771.0 1287.5
 1981  1319.5 1073.5  769.5  365.0  231.5    7.0   12.0   10.0  113.0  518.0  737.0 1401.5
 1982  1815.5 1273.0  992.5  601.0  100.0   43.0    0.0   27.5  152.0  410.0  970.0 1190.5
 1983  1362.5 1032.5  906.0  644.5  295.0   26.0    0.0    0.0  142.5  484.0  894.0 1890.0
 1984  1560.0 1064.0 1202.0  580.5  266.0   10.0    5.0    5.0  192.0  418.0  889.0 1371.0
 1985  1598.0 1297.5  846.0  393.0   90.0   83.5    7.5   39.5  249.5  527.5 1263.5 1785.5
 1986  1391.5 1354.5  840.5  457.0  194.5   11.5    0.0   56.5  125.5  476.0 1103.0 1309.0
 1987  1298.0  893.5  825.5  379.5   83.5    7.5    3.0   54.0  109.5  612.5  777.5 1219.0
 1988  1724.5 1461.5  881.5  539.5   64.0    6.0    1.5   16.0   89.5  606.0  899.5 1383.0
 1989  1211.0 1469.0 1099.5  546.5  207.0   54.5    0.0    8.5  193.0  439.0 1097.5 1655.0
 1990  1182.0 1137.5  875.0  562.5  273.5   36.0   10.5    9.5  119.0  502.5  795.0 1557.5
 1991  1728.5 1148.5  908.5  472.5  192.5    9.5    9.5   11.5  210.5  536.0 1208.0 1270.0
 1992  1234.0 1054.5  894.0  619.5  199.0   35.0   45.0   69.0  170.5  503.5 1027.0 1377.5
 1993  1612.0 1395.5 1224.0  638.0  252.5   71.0    1.5   19.0  271.5  515.5 1011.0 1332.5
 1994  1837.5 1462.5  880.5  508.5  162.0   13.0    3.5   33.5   96.5  361.5  793.0 1313.5
 1995  1494.5 1193.5  930.5  642.5  259.5   38.5    7.0    2.0  202.5  461.5 1089.0 1324.5
 1996  1607.0 1234.0 1105.0  601.0  306.5   43.0    6.0    5.0  190.5  402.0 1158.0 1550.5
 1997  1627.5 1211.0  958.5  623.0  319.0    1.0   11.0   32.0  128.0  476.0 1093.0 1200.0
 1998  1436.0 1000.5 1096.5  507.5   99.0   91.5    1.0    0.0   63.5  428.0  801.0 1201.5
 1999  1638.0 1009.0  960.0  547.5  209.0   59.0    0.0    9.5  204.0  518.0  694.5 1274.0
 *****************************************************************************************
 MEANS 1582.2 1257.8 1035.0  545.7  209.8   34.0    7.2   18.4  155.5  463.0  944.5 1399.6
 
 THESE ARE THE MONTHLY COOLING DEGREE DAYS 1951-1999 FOR STATION # 133
 YEAR    JAN   FEB  MARCH APRIL  MAY  JUNE  JULY AUGUST SEPT   OCT   NOV   DEC   ANN
 
 1951    0.0   0.0   0.0   4.5  24.0  39.0 193.0 130.0   7.0  14.0   0.0   0.0
 1952    0.0   0.0   0.0  11.5  30.5 234.0 247.0 124.5  87.5   1.0   0.0   0.0
 1953    0.0   0.0   0.0   1.0  47.0 223.0 234.5 200.5  63.0  38.5   0.0   0.0
 1954    0.0   0.0   0.0   9.5  13.0 227.0 297.5 156.5  66.5   2.5   0.0   0.0
 1955    0.0   0.0   0.0   1.0  58.0  98.5 394.0 329.5  97.5   2.5   0.0   0.0
 1956    0.0   0.0   0.0   2.0  48.5 260.0 124.5 195.5  50.5  17.0   0.0   0.0
 1957    0.0   0.0   0.0   4.5  15.5 113.5 404.5 193.5  18.5   0.0   0.0   0.0
 1958    0.0   0.0   0.0   1.5  47.0  62.5 132.0 253.0  61.5   7.5   0.0   0.0
 1959    0.0   0.0   0.0   0.0  64.0 205.0 211.0 305.0  84.0   0.0   0.0   0.0
 1960    0.0   0.0   0.0  14.0  12.0  91.5 212.0 212.0  95.5   6.0   0.0   0.0
 1961    0.0   0.0   0.0   0.0   9.0 133.5 165.5 198.5  61.5   0.0   0.0   0.0
 1962    0.0   0.0   0.0   3.0  88.5 129.5 187.0 170.5  27.5  18.5   0.0   0.0
 1963    0.0   0.0   0.0   3.5  34.0 249.5 256.0 183.0  69.0  30.5   0.0   0.0
 1964    0.0   0.0   0.0   1.0  97.5 188.5 346.5 149.5  67.0   0.5   0.0   0.0
 1965    0.0   0.0   0.0   1.0  61.5 156.0 267.0 167.5  10.0   8.0   0.0   0.0
 1966    0.0   0.0   0.0   0.0  35.5 177.5 342.0 135.0  41.5   3.5   0.0   0.0
 1967    0.0   0.0   4.5  11.5  47.0 129.0 203.0 136.0  22.0   6.0   0.0   0.0
 1968    0.0   0.0   0.0   1.5  15.5 221.5 218.5 220.0  29.0  15.5   0.0   0.0
 1969    0.0   0.0   0.0   0.0  51.5  68.5 270.5 190.0  34.0  13.0   0.0   0.0
 1970    0.0   0.0   0.0  24.0  72.5 192.5 245.0 181.0  93.0  10.0   0.0   0.0
 1971    0.0   0.0   0.0   1.5  13.5 255.0 162.5 166.5 100.0  21.0   0.0   0.0
 1972    0.0   0.0   0.0   0.0  64.5 137.0 186.0 211.0  43.0   3.0   0.0   0.0
 1973    0.0   0.0   0.0   0.0  19.5 188.0 236.5 233.5  35.5  13.5   0.0   0.0
 1974    0.0   0.0   0.0   1.0  28.0 119.0 336.5 119.5  23.0   1.0   0.0   0.0
 1975    0.0   0.0   0.0   0.0  74.0 148.5 304.0 249.5  34.0  16.5   0.0   0.0
 1976    0.0   0.0   0.0  13.5  16.0 155.0 292.5 210.5  81.0   7.5   0.0   0.0
 1977    0.0   0.0   0.0  21.5 131.0 180.5 375.0 134.0  45.5   0.0   0.0   0.0
 1978    0.0   0.0   0.0   0.0  71.0 178.0 236.0 216.5 148.5   0.0   0.0   0.0
 1979    0.0   0.0   0.0   0.0  41.0 152.0 207.0 222.5  63.5   3.0   0.0   0.0
 1980    0.0   0.0   0.0  11.0  68.5 169.5 289.0 254.5  77.0   0.0   0.0   0.0
 1981    0.0   0.0   0.0   9.0  16.5 168.0 278.0 147.0  36.0   0.0   0.0   0.0
 1982    0.0   0.0   0.0   0.0  36.5  62.0 327.0 181.5  51.5   0.0   0.0   0.0
 1983    0.0   0.0   0.0   0.0   9.0 166.5 364.5 394.0 120.0   8.5   0.0   0.0
 1984    0.0   0.0   0.0   0.5  17.5 160.0 216.5 290.0  75.0   0.0   0.0   0.0
 1985    0.0   0.0   0.0  22.0  59.5 101.5 180.5  82.0 103.5   0.0   0.0   0.0
 1986    0.0   0.0   0.5   0.0  30.5 168.5 261.5  68.5  53.0   0.0   0.0   0.0
 1987    0.0   0.0   0.0  16.5 117.0 248.5 318.5 143.5  36.5   0.0   0.0   0.0
 1988    0.0   0.0   0.0   0.5  96.0 232.5 272.0 279.0  53.5   0.0   0.0   0.0
 1989    0.0   0.0   0.0   2.0  33.5 142.5 274.5 189.5  51.0  10.5   0.0   0.0
 1990    0.0   0.0   0.0  19.5   5.5 209.5 185.0 185.5 119.0   4.0   0.0   0.0
 1991    0.0   0.0   0.0  12.5 113.0 249.5 240.5 164.0  62.5   0.0   0.0   0.0
 1992    0.0   0.0   0.0   3.0  41.0 108.0  71.0  71.5  40.5   7.0   0.0   0.0
 1993    0.0   0.0   0.0   0.0  12.0  84.5 183.0 178.0   8.0  15.5   0.0   0.0
 1994    0.0   0.0   0.0  16.5  72.0 181.0 137.5 122.0  88.5   0.0   0.0   0.0
 1995    0.0   0.0   0.0   0.0   3.5 192.5 262.5 321.0  51.0   9.0   0.0   0.0
 1996    0.0   0.0   0.0   0.0  33.0 182.0 156.5 125.0  44.0   5.5   0.0   0.0
 1997    0.0   0.0   0.0   0.0   7.0 199.0 249.5 120.5  59.0  48.0   0.0   0.0
 1998    0.0   0.0   0.0   0.0  74.0 114.5 223.0 199.0 123.0   0.0   0.0   0.0
 1999    0.0   0.0   0.0   0.0  28.5 135.0 327.0 113.5  50.5   2.5   0.0   0.0
 *****************************************************************************************
 MEANS   0.0   0.0   0.1   5.3  46.3 167.4 254.1 194.1  62.8   8.0   0.0   0.0
 
 THESE ARE THE HEAT STRESS VARIABLES 1951-1999 FOR STATION # 133
             # OF DAYS MAXT >86                           HEAT INDEX
 YEAR   MAY  JUNE  JULY   AUG  SEPT  TOTAL     MAY    JUNE   JULY   AUG    SEPT  TOTAL
 1951   0.0   0.0   4.0   1.0   0.0    5.0      0.0    0.0    6.0    5.0    0.0   11.0
 1952   1.0  12.0   5.0   1.0   4.0   23.0      3.0   47.0   23.0    2.0   11.0   86.0
 1953   2.0   9.0   4.0   8.0   2.0   25.0      6.0   44.0   12.0   29.0   12.0  103.0
 1954   0.0   6.0  11.0   1.0   0.0   18.0      0.0   24.0   47.0    2.0    0.0   73.0
 1955   3.0   2.0  19.0  21.0   7.0   52.0      5.0   11.0  136.0  166.0   41.0  359.0
 1956   2.0  18.0   6.0   8.0   6.0   40.0      4.0  105.0   24.0   42.0   24.0  199.0
 1957   0.0   5.0  22.0   8.0   0.0   35.0      0.0   14.0  149.0   34.0    0.0  197.0
 1958   0.0   4.0   3.0  16.0   1.0   24.0      0.0   18.0    9.0   72.0    2.0  101.0
 1959   3.0  11.0   9.0  19.0   3.0   45.0      9.0   49.0   33.0   71.0   12.0  174.0
 1960   0.0   2.0  14.0  12.0   7.0   35.0      0.0    4.0   55.0   34.0   31.0  124.0
 1961   0.0   9.0   6.0  10.0   3.0   28.0      0.0   39.0   25.0   29.0    6.0   99.0
 1962   7.0   5.0   5.0   6.0   2.0   25.0     10.0   18.0   14.0   16.0    3.0   61.0
 1963   0.0  17.0  11.0  11.0   2.0   41.0      0.0   98.0   40.0   32.0    5.0  175.0
 1964   7.0  12.0  22.0   6.0   1.0   48.0     25.0   58.0  141.0   30.0    2.0  256.0
 1965   1.0   8.0  15.0   9.0   0.0   33.0      2.0   20.0   73.0   54.0    0.0  149.0
 1966   2.0  11.0  18.0   8.0   0.0   39.0      7.0   48.0  122.0   32.0    0.0  209.0
 1967   3.0   1.0  12.0   4.0   0.0   20.0     31.0    6.0   35.0    6.0    0.0   78.0
 1968   1.0  13.0   8.0  15.0   0.0   37.0      1.0   73.0   29.0   81.0    0.0  184.0
 1969   3.0   2.0  11.0   8.0   0.0   24.0     10.0   10.0   49.0   18.0    0.0   87.0
 1970   6.0  10.0  18.0  11.0   4.0   49.0     16.0   57.0   77.0   30.0   24.0  204.0
 1971   0.0  16.0   5.0   9.0   5.0   35.0      0.0   73.0   12.0   38.0   31.0  154.0
 1972   5.0   7.0   5.0  13.0   0.0   30.0      9.0   15.0   23.0   63.0    0.0  110.0
 1973   0.0  12.0  13.0  11.0   0.0   36.0      0.0   45.0   50.0   36.0    0.0  131.0
 1974   0.0  10.0  20.0   2.0   0.0   32.0      0.0   36.0  120.0    3.0    0.0  159.0
 1975   4.0   6.0  18.0  13.0   2.0   43.0     19.0   21.0   88.0   41.0    4.0  173.0
 1976   2.0  10.0  18.0  15.0   4.0   49.0      3.0   39.0   89.0   72.0   24.0  227.0
 1977   9.0   8.0  23.0   5.0   1.0   46.0     15.0   64.0  165.0    8.0    1.0  253.0
 1978   4.0   7.0  12.0  12.0   8.0   43.0     14.0   28.0   45.0   46.0   47.0  180.0
 1979   4.0   9.0   8.0   9.0   1.0   31.0     15.0   38.0   19.0   43.0    2.0  117.0
 1980   3.0   8.0  21.0  14.0   3.0   49.0      8.0   46.0  134.0   50.0    6.0  244.0
 1981   0.0   7.0  12.0   0.0   2.0   21.0      0.0   32.0   63.0    0.0    4.0   99.0
 1982   1.0   4.0  16.0   4.0   0.0   25.0      4.0   12.0   73.0   17.0    0.0  106.0
 1983   0.0  10.0  21.0  25.0   7.0   63.0      0.0   45.0  109.0  173.0   36.0  363.0
 1984   0.0   4.0  10.0  20.0   7.0   41.0      0.0   14.0   26.0  106.0   28.0  174.0
 1985   2.0   4.0   6.0   3.0   4.0   19.0      6.0   35.0   18.0    4.0    9.0   72.0
 1986   1.0   6.0   8.0   1.0   1.0   17.0      1.0   32.0   21.0    1.0    1.0   56.0
 1987   9.0  15.0  14.0   5.0   1.0   44.0     45.0   84.0   55.0   16.0    1.0  201.0
 1988   6.0  14.0  13.0  14.0   4.0   51.0     19.0   75.0   71.0  107.0   12.0  284.0
 1989   1.0   6.0  10.0   3.0   0.0   20.0      3.0   20.0   66.0   14.0    0.0  103.0
 1990   1.0   8.0   7.0   5.0   4.0   25.0      4.0   30.0   29.0   10.0    9.0   82.0
 1991   1.0  10.0   9.0   4.0   0.0   24.0      4.0   58.0   49.0    4.0    0.0  115.0
 1992   1.0   2.0   0.0   1.0   0.0    4.0      4.0    3.0    0.0    1.0    0.0    8.0
 1993   0.0   1.0   2.0   2.0   0.0    5.0      0.0    2.0    4.0    3.0    0.0    9.0
 1994   3.0   5.0   1.0   2.0   4.0   15.0     14.0   16.0    1.0    5.0   13.0   49.0
 1995   0.0   8.0  11.0  12.0   0.0   31.0      0.0   34.0   70.0   38.0    0.0  142.0
 1996   3.0   9.0   2.0   1.0   0.0   15.0     11.0   39.0    6.0    2.0    0.0   58.0
 1997   0.0   6.0  12.0   1.0   1.0   20.0      0.0   24.0   22.0    3.0    1.0   50.0
 1998   4.0   2.0   5.0   4.0   9.0   24.0     12.0    9.0   12.0    5.0   41.0   79.0
 1999   1.0   7.0  17.0   2.0   4.0   31.0      1.0   19.0   75.0    5.0    9.0  109.0
 *****************************************************************************************
 MEANS  2.2   7.9  11.4   8.3   2.4   32.2      7.0   36.1   55.3   36.1    9.6  144.2
