 
 THIS IS FOR STATION NUMBER 1442 1951-> 1999
                                 # OF PRECIPITATION EVENTS - % IN PARENS
 CL                   MAX   MEAN  0.01-  0.26-  0.51-  1.01-          # OF DAYS
 WK    TIME PERIOD    VAL   RAIN    0.25   0.51   1.00   2.00  >2.01 MISSING TOTAL
  1 3/1-->3/7        1.73   0.36  68(77) 12(13)  6( 6)  2( 2)  0( 0)    0       88
  2 3/8-->3/14       1.26   0.34  61(73) 14(16)  5( 6)  3( 3)  0( 0)    0       83
  3 3/15-->3/21      1.10   0.33  50(67) 15(20)  8(10)  1( 1)  0( 0)    2       74
  4 3/22-->3/28      1.47   0.48  49(61) 14(17) 13(16)  4( 5)  0( 0)    0       80
  5 3/29-->4/4       1.39   0.50  59(62) 19(20) 14(14)  3( 3)  0( 0)    0       95
  6 4/5-->4/11       1.49   0.45  59(68) 12(13) 11(12)  4( 4)  0( 0)    7       86
  7 4/12-->4/18      1.70   0.56  68(64) 20(19) 13(12)  4( 3)  0( 0)    3      105
  8 4/19-->4/25      2.02   0.74  72(64) 17(15) 14(12)  8( 7)  1( 0)    0      112
  9 4/26-->5/2       2.10   0.73  63(57) 22(20) 18(16)  5( 4)  1( 0)    0      109
 10 5/3-->5/9        2.15   0.70  68(61) 20(18) 13(11)  7( 6)  2( 1)    1      110
 11 5/10-->5/16      2.15   0.73  64(57) 26(23) 14(12)  6( 5)  1( 0)    0      111
 12 5/17-->5/23      3.73   1.02  66(53) 20(16) 23(18) 12( 9)  2( 1)    0      123
 13 5/24-->5/30      2.00   1.06  72(51) 27(19) 29(20) 10( 7)  1( 0)    0      139
 14 5/31-->6/6       1.75   0.76  78(62) 14(11) 24(19)  8( 6)  0( 0)    0      124
 15 6/7-->6/13       6.25   1.15  70(54) 24(18) 21(16)  9( 7)  4( 3)    0      128
 16 6/14-->6/20      2.60   1.32  71(51) 21(15) 23(16) 17(12)  5( 3)    1      137
 17 6/21-->6/27      4.38   1.22  51(48) 15(14) 25(23)  7( 6)  8( 7)    0      106
 18 6/28-->7/4       3.24   0.90  52(50) 20(19) 22(21)  5( 4)  4( 3)    0      103
 19 7/5-->7/11       2.97   1.01  63(55) 19(16) 17(15) 10( 8)  4( 3)    0      113
 20 7/12-->7/18      2.05   0.92  55(55) 11(11) 20(20) 12(12)  1( 1)    0       99
 21 7/19-->7/25      2.43   0.79  60(58) 14(13) 16(15) 11(10)  1( 0)    0      102
 22 7/26-->8/1       2.30   0.72  65(63) 18(17)  9( 8)  8( 7)  2( 1)    0      102
 23 8/2-->8/8        4.00   1.00  53(52) 12(12) 18(18) 14(14)  3( 3)    0      100
 24 8/9-->8/15       1.62   0.59  50(56) 18(20)  9(10) 11(12)  0( 0)    3       88
 25 8/16-->8/22      4.61   0.81  65(64) 11(10) 16(15)  5( 4)  4( 3)    7      101
 26 8/23-->8/29      2.58   0.80  62(57) 19(17) 13(12) 12(11)  2( 1)    7      108
 27 8/30-->9/5       3.40   0.79  46(51) 21(23) 14(15)  5( 5)  4( 4)    7       90
 28 9/6-->9/12       3.62   0.75  43(49) 22(25) 13(14)  6( 6)  3( 3)    7       87
 29 9/13-->9/19      2.10   0.78  59(57) 15(14) 21(20)  7( 6)  1( 0)    7      103
 30 9/20-->9/26      2.70   0.77  56(56) 21(21) 14(14)  7( 7)  2( 2)    7      100
 31 9/27-->10/3      1.74   0.48  35(52) 15(22) 11(16)  6( 8)  0( 0)    7       67
 32 10/4-->10/10     2.20   0.58  60(66) 12(13) 10(11)  6( 6)  2( 2)    7       90
 33 10/11-->10/17    1.79   0.44  35(57)  9(14) 10(16)  7(11)  0( 0)    7       61
 34 10/18-->10/24    1.33   0.32  52(69) 16(21)  6( 8)  1( 1)  0( 0)    7       75
 35 10/25-->10/31    2.45   0.34  43(70)  8(13)  6( 9)  3( 4)  1( 1)    7       61
 36 11/1-->11/7      1.67   0.30  46(73)  9(14)  4( 6)  4( 6)  0( 0)    0       63
 37 11/8-->11/14     2.24   0.30  43(71)  9(15)  5( 8)  2( 3)  1( 1)    0       60
 38 11/15-->11/21    1.26   0.38  40(59) 14(20)  9(13)  4( 5)  0( 0)    0       67
 39 11/22-->11/28    1.10   0.22  51(79)  7(10)  4( 6)  2( 3)  0( 0)    0       64
 40 11/29-->12/5     2.08   0.20  48(81)  7(11)  3( 5)  0( 0)  1( 1)    0       59
 41 12/6-->12/12     0.66   0.14  48(87)  4( 7)  3( 5)  0( 0)  0( 0)    0       55
 42 12/13-->12/19    1.42   0.20  39(72) 12(22)  2( 3)  1( 1)  0( 0)    0       54
 43 12/20-->12/26    1.15   0.14  50(83)  8(13)  1( 1)  1( 1)  0( 0)    0       60
 44 12/27-->1/2      1.09   0.19  40(74) 10(18)  3( 5)  1( 1)  0( 0)    0       54
 45 1/3-->1/9        0.49   0.09  54(93)  4( 6)  0( 0)  0( 0)  0( 0)    0       58
 46 1/10-->1/16      0.80   0.13  48(85)  6(10)  2( 3)  0( 0)  0( 0)    0       56
 47 1/17-->1/23      0.90   0.17  53(85)  5( 8)  4( 6)  0( 0)  0( 0)    0       62
 48 1/24-->1/30      0.48   0.11  66(95)  3( 4)  0( 0)  0( 0)  0( 0)    0       69
 49 1/31-->2/6       0.32   0.11  40(90)  4( 9)  0( 0)  0( 0)  0( 0)    6       44
 50 2/7-->2/13       0.96   0.13  49(90)  2( 3)  3( 5)  0( 0)  0( 0)    7       54
 51 2/14-->2/20      1.42   0.25  56(81)  7(10)  4( 5)  2( 2)  0( 0)    7       69
 52 2/21-->2/27      0.69   0.17  48(82)  6(10)  4( 6)  0( 0)  0( 0)    7       58
 53 2/28-->2/29      2.15   0.07   8(80)  0( 0)  0( 0)  1(10)  1(10)    2       10
 ANNUAL TOTALS       6.25   2870(64)710(15)570(12)264( 5) 62( 1)  123     4476
 
 THESE ARE THE MONTHLY AVERAGES FOR 1951-->1999 FOR STATION NUMBER 1442
   JAN  FEB  MAR  APR  MAY  JUN  JUL  AUG  SPT  OCT  NOV  DEC  ANNUAL
   0.55 0.72 1.72 2.59 3.87 4.68 3.81 3.60 3.09 1.86 1.29 0.75 28.54  <-- PRECIP
  
   15.7 22.1 33.2 48.2 60.6 70.4 74.7 72.4 63.0 51.0 35.0 21.8  51.7  <-- TEMP
 
 TWELVE SIGNIFICANT RAINFALL EVENTS  
 MONTH  DAY  YEAR   AMOUNT
   6      7  1953     6.25
   8     22  1988     4.61
   6     25  1969     4.38
   8      5  1996     4.00
   6     25  1953     3.72
   5     21  1960     3.73
   9      8  1964     3.62
   8     21  1979     3.48
   8     31  1962     3.40
   7      4  1981     3.24
   6     21  1996     3.18
   6     13  1961     3.08
 
 GROWING DEGREE DAYS FOR 4 BASE TEMPS FOR STATION NUMBER  1442
               MARCH                       APRIL  
     ****************************  *************************** 
 YEAR  40-86  48-86  50-86  52-86   40-86  48-86  50-86  52-86  
     ****************************  *************************** 
 1951     24      5      3      1    206    104     85     71
 1952     47     20     16     13    363    228    200    175
 1953    127     60     47     35    194     90     72     57
 1954     49     10      7      4    410    261    229    200
 1955    103     49     37     29    511    351    317    285
 1956    102     45     34     28    288    180    158    136
 1957    104     36     25     18    349    231    206    185
 1958     65     18     10      6    332    198    169    141
 1959    109     47     36     27    357    222    197    173
 1960     14      0      0      0    348    210    182    160
 1961     88     38     32     26    237    128    107     87
 1962     32     12      9      7    338    208    182    162
 1963    185    124    113    102    419    270    237    207
 1964     87     31     22     16    349    210    182    155
 1965      6      2      1      0    296    175    152    130
 1966    234    137    115     94    241    133    111     93
 1967    187    118    105     93    340    199    169    144
 1968    252    160    140    123    345    211    183    158
 1969     16      2      0      0    326    192    163    137
 1970     18      2      1      0    334    219    196    174
 1971     61     31     25     19    376    246    218    192
 1972     99     44     33     25    254    141    120    101
 1973    138     55     41     29    312    190    165    141
 1974    129     56     44     35    346    211    182    157
 1975     30      7      5      4    210    102     84     68
 1976    140     81     69     57    447    293    259    226
 1977    178     86     69     54    491    333    297    265
 1978    105     55     46     37    288    168    141    119
 1979     27      5      4      3    256    146    126    109
 1980     76     28     21     16    362    237    210    183
 1981    221    112     93     76    451    298    267    238
 1982     75     20     12      6    293    181    159    139
 1983     85     40     31     24    162     90     76     64
 1984     22      3      1      0    236    110     89     71
 1985    187     98     80     64    439    286    255    227
 1986    165     96     85     75    365    222    193    166
 1987    158     89     76     64    431    293    265    238
 1988    187    104     87     72    303    186    159    134
 1989    121     71     60     51    386    257    226    197
 1990    148     76     62     50    360    227    199    173
 1991    153     78     65     54    356    218    190    164
 1992    148     70     56     44    220    126    111     97
 1993     40     18     14     10    229    125    105     88
 1994    159     82     69     57    348    235    209    184
 1995    137     66     53     41    206    110     90     72
 1996     82     32     25     19    258    160    140    120
 1997    130     70     59     48    262    159    137    116
 1998    104     58     52     46    315    190    164    139
 1999    140     65     52     41    299    156    131    107
     ****************************  *************************** 
 MEAN  108.3   53.6   44.0   35.8  323.6  198.5  172.9  149.8
 STDV   62.3   39.6   34.7   30.2   79.5   63.0   58.5   54.1
 
               MAY                         JUNE   
     ****************************  *************************** 
 YEAR  40-86  48-86  50-86  52-86   40-86  48-86  50-86  52-86  
     ****************************  *************************** 
 1951    660    443    393    346    712    481    427    375
 1952    573    371    327    287    957    719    662    606
 1953    598    397    357    318    943    708    650    592
 1954    508    341    302    266    905    669    613    558
 1955    730    514    467    425    783    559    509    460
 1956    666    463    419    377    976    744    688    632
 1957    568    365    322    282    804    570    515    462
 1958    690    500    459    418    716    500    455    413
 1959    662    448    399    351    914    678    622    567
 1960    610    406    361    320    770    539    485    434
 1961    533    351    313    276    806    588    538    489
 1962    745    522    472    426    792    557    501    446
 1963    604    400    356    316    951    712    654    599
 1964    736    517    471    428    864    636    581    528
 1965    743    523    472    424    862    629    574    522
 1966    573    412    374    340    814    585    532    482
 1967    491    323    289    258    828    593    537    483
 1968    471    312    277    246    857    631    578    527
 1969    636    428    384    343    690    474    425    378
 1970    683    481    436    391    886    655    601    548
 1971    546    358    318    280    964    725    666    608
 1972    626    418    371    328    816    587    532    480
 1973    523    346    306    269    882    645    589    537
 1974    566    374    332    292    765    543    494    448
 1975    684    475    428    385    820    590    535    481
 1976    578    397    358    321    874    643    587    535
 1977    855    615    560    509    894    655    597    540
 1978    630    439    395    355    837    615    565    515
 1979    529    353    317    284    836    604    549    496
 1980    645    461    422    385    869    635    579    524
 1981    566    382    344    307    878    642    583    529
 1982    649    424    372    325    703    487    437    391
 1983    485    312    276    242    820    594    540    489
 1984    531    343    302    266    921    683    624    566
 1985    714    497    450    405    763    536    487    440
 1986    621    417    371    328    925    685    625    567
 1987    756    532    482    434    923    688    632    577
 1988    783    563    516    470    965    728    670    615
 1989    598    421    382    346    805    577    523    472
 1990    505    321    281    246    875    642    588    534
 1991    716    502    454    406    944    704    645    586
 1992    624    439    397    356    789    557    502    453
 1993    529    339    297    257    756    528    475    424
 1994    668    469    425    384    914    677    619    564
 1995    472    291    253    219    844    612    557    503
 1996    484    291    253    215    874    641    586    531
 1997    441    268    235    203    902    663    605    550
 1998    764    536    485    437    779    552    499    446
 1999    628    408    363    319    821    587    530    476
     ****************************  *************************** 
 MEAN  616.5  418.8  375.6  335.2  849.1  617.6  562.8  509.9
 STDV   95.2   79.7   75.6   71.6   73.8   69.0   66.7   64.0
 
               JULY                        AUGUST 
     ****************************  *************************** 
 YEAR  40-86  48-86  50-86  52-86   40-86  48-86  50-86  52-86  
     ****************************  *************************** 
 1951    949    701    640    579    920    673    612    552
 1952   1011    764    704    644    919    671    610    552
 1953   1021    773    713    654    989    741    679    617
 1954   1051    803    741    680    948    700    639    578
 1955   1115    867    805    743   1027    782    723    665
 1956    947    700    639    581    959    719    661    604
 1957   1103    855    793    731    948    702    642    584
 1958    890    649    592    539    963    722    665    610
 1959    946    700    641    584   1054    806    744    683
 1960    958    712    655    599    970    722    661    604
 1961    943    697    636    579    936    689    630    574
 1962    938    693    634    576    932    685    625    568
 1963   1028    780    718    658    919    677    621    566
 1964   1045    797    735    674    845    608    555    503
 1965    990    742    681    623    910    668    610    554
 1966   1071    823    761    700    879    634    577    523
 1967    930    689    632    576    851    627    575    524
 1968    965    719    658    601    923    676    618    561
 1969   1014    766    705    644    966    718    656    595
 1970    982    736    677    618    933    693    637    583
 1971    900    659    600    543    894    658    604    553
 1972    904    663    606    549    895    647    587    531
 1973    996    748    686    626    993    745    685    626
 1974   1052    806    746    686    841    598    542    491
 1975   1023    776    718    660   1010    762    700    638
 1976   1017    769    708    651    965    722    665    609
 1977   1053    805    743    681    863    617    559    506
 1978    987    739    678    618    943    699    640    584
 1979   1006    758    697    636    910    663    603    546
 1980   1025    777    715    655    972    724    662    600
 1981   1006    758    696    634    906    659    601    545
 1982   1038    790    728    666    919    673    614    557
 1983   1089    841    779    717   1085    837    775    713
 1984   1011    763    702    641   1011    766    707    649
 1985    948    700    639    579    839    593    536    485
 1986   1059    811    749    687    822    586    530    477
 1987   1056    808    746    686    877    634    576    519
 1988   1000    752    691    631    987    751    695    639
 1989   1051    803    741    680    954    710    651    593
 1990    964    716    656    598    959    714    655    597
 1991    982    734    673    613    948    700    638    577
 1992    824    577    518    459    785    548    496    446
 1993    967    719    657    595    954    706    646    587
 1994    907    659    599    540    873    630    574    521
 1995    988    742    682    622   1065    817    755    693
 1996    914    666    605    544    905    657    597    537
 1997   1021    773    712    652    916    668    608    550
 1998   1028    780    719    658    999    751    689    627
 1999   1070    822    760    698    928    681    620    559
     ****************************  *************************** 
 MEAN  995.8  748.9  688.1  628.6  935.1  690.6  631.9  574.8
 STDV   60.2   59.0   58.1   56.9   62.2   60.1   58.5   56.2
 
               SEPTEMBER                   OCTOBER
     ****************************  *************************** 
 YEAR  40-86  48-86  50-86  52-86   40-86  48-86  50-86  52-86  
     ****************************  *************************** 
 1951    511    328    287    249      0      0      0      0
 1952    741    530    484    438     56     36     31     26
 1953    701    502    459    418    510    352    321    293
 1954    742    522    473    425    205    110     90     74
 1955    259    195    180    165      0      0      0      0
 1956    659    473    433    395      0      0      0      0
 1957    577    384    344    308    232    132    113     98
 1958    701    509    467    426      0      0      0      0
 1959    668    469    428    389     94     52     46     40
 1960    684    475    430    388    283    197    179    162
 1961    586    399    357    318      0      0      0      0
 1962    593    404    365    326    426    280    249    219
 1963    752    530    477    427    602    430    395    361
 1964    671    470    425    382    122     79     69     60
 1965    488    291    254    219    374    247    221    195
 1966    620    429    391    356      0      0      0      0
 1967    563    384    347    314      0      0      0      0
 1968    605    400    355    315     57     37     33     29
 1969    660    454    408    367    194    133    121    110
 1970    640    445    402    363    152    108     98     90
 1971    638    456    416    378    172    126    115    104
 1972    597    413    374    336      0      0      0      0
 1973    628    422    378    336    284    191    168    149
 1974    401    280    254    230      0      0      0      0
 1975    566    386    346    306      8      4      3      2
 1976    671    483    443    404    112     87     81     75
 1977    694    488    442    399     62     38     33     28
 1978    791    577    529    482    188    117    102     88
 1979    718    527    486    445    163    113    101     89
 1980    692    489    441    399     44     30     27     25
 1981    665    467    426    387     14      8      7      6
 1982    646    438    391    347    209    127    109     96
 1983    499    354    321    290      0      0      0      0
 1984    586    410    371    334      0      0      0      0
 1985    635    433    389    346    319    188    160    135
 1986    678    458    405    357    152     93     80     68
 1987    667    453    410    370     38     28     26     24
 1988    670    469    424    380     41     27     24     21
 1989    640    456    412    371     52     38     35     32
 1990    760    555    508    463    136     94     84     74
 1991    518    383    350    320      0      0      0      0
 1992    619    430    389    350    223    141    126    113
 1993    522    329    288    250    149    101     92     83
 1994    716    512    465    420    364    225    194    165
 1995    587    407    366    325    290    185    162    141
 1996    596    400    359    320     47     34     31     28
 1997    714    504    458    415    386    270    245    222
 1998    819    590    535    483    429    258    223    193
 1999    462    328    297    269      0      0      0      0
     ****************************  *************************** 
 MEAN  629.2  438.8  397.0  357.4  146.9   96.5   85.8   76.1
 STDV  101.2   77.9   72.6   67.5  155.8  104.2   93.6   83.9
 
 DAILY RECORD HIGHS AND LOWS OCCURRING DURING 1951-1999 FOR STATION NUMBER 1442
     JAN     FEB    MARCH   APRIL    MAY     JUNE    JULY    AUG     SEPT    OCT     NOV     DEC
 DY MX  MN  MX  MN  MX  MN  MX  MN  MX  MN  MX  MN  MX  MN  MX  MN  MX  MN  MX  MN  MX  MN  MX  MN
  1  55 -29  54 -27  61 -18  87  12  92  24  87  40  97  43 102  48  93  36  90  23  78  12  61  -4
  2  53 -28  54 -26  71  -8  78  14  93  21  87  39  96  49  98  48  95  40  92  18  72   5  68  -6
  3  52 -23  59 -27  71  -6  85  -8  87  24  91  34  95  44 100  47  94  31  91  20  80   6  61 -12
  4  50 -29  52 -25  68 -13  79  -4  90  23  95  35 102  42 100  43  93  34  90  25  79 -11  63  -7
  5  57 -26  59 -24  66 -23  75  14  89  22  97  42  99  40  95  44  91  32  94  22  76  -5  56  -2
  6  45 -21  51 -22  71 -12  87   4  88  27  96  38  98  44  95  45  95  33  93  22  74   0  60 -17
  7  49 -24  53 -18  72  -9  90  10  85  25  91  42  96  44  98  43 101  33  89  20  78 -17  52 -20
  8  57 -23  64 -25  74 -11  85  11  88  29  95  36 104  48 100  45  97  33  87  22  71 -13  60 -21
  9  55 -27  56 -33  61  -8  87  11  88  27 102  44  99  44  98  45  98  35  83  21  80   4  57 -22
 10  52 -27  61 -25  66  -5  89  15  92  29  97  42 103  47  93  44  93  35  84  22  71   8  55 -15
 11  54 -24  62 -27  74  -8  85  21  90  27  99  40  99  47 100  43  93  27  88  17  66  -8  60 -12
 12  52 -30  64 -28  67 -12  84  13  88  28  98  40 100  45  97  46  92  28  89  18  70  -4  58 -17
 13  53 -28  60  -9  70 -18  80  15  88  26  99  37 102  48  99  37  92  33  91  21  68  -4  55 -22
 14  57 -29  62  -6  69 -17  88  18  92  28  99  42 102  44  96  43  93  34  90  22  75 -17  53 -19
 15  51 -24  55 -14  71 -17  85  20  90  27 100  34 102  47 100  43  99  30  90  21  72   8  56 -16
 16  54 -23  55 -27  77   1  84  17  85  32  95  42  95  41 100  43  94  32  84  22  73  -2  63 -20
 17  49 -22  65 -28  72  -3  86  20  90  28  92  40  97  49 100  46  96  31  84  12  71  -8  57 -16
 18  51 -31  68 -18  65  -1  86  15  94  32  97  44  99  48 101  43  90  31  81  13  69   3  57 -21
 19  47 -35  63 -24  73   3  92  15  94  31 100  40 100  52 100  41  89  27  84  10  70   3  58 -26
 20  50 -35  65 -15  77  -1  89  19  93  30  97  40  98  46  98  41  97  29  84  10  63   7  57 -23
 21  52 -33  65 -13  69  -7  90  20  91  33  99  37  99  47  97  45  91  28  85  20  66  -5  54 -24
 22  49 -31  62 -12  64  -1  93  22  91  26 103  38 100  46  97  45  86  24  79  15  62   3  50 -26
 23  55 -23  64 -12  77  -3  94  20  91  28  94  43  97  49  98  42  84  26  81  16  68   2  51 -26
 24  61 -19  58 -21  81  -4  84  12  89  31  93  40  94  50  98  45  88  28  80  17  56  -3  47 -22
 25  67 -16  65 -18  83  -2  87  23  92  36 102  40  95  48 100  40  92  30  80  18  71  -6  49 -20
 26  51 -22  59 -19  72   0  88  27 102  33  96  44 100  43 101  45  93  26  83  19  60  -6  52 -22
 27  48 -21  65 -14  79   3  90  26  90  33 101  40  98  49 103  39  95  26  81  14  66  -5  54 -15
 28  44 -21  58 -25  79   7  89  22  90  33 100  46 100  47  99  37  88  25  82  10  71  -4  55 -11
 29  46 -26 *** ***  80  -1  89  22  91  35 101  46  98  45 100  39  84  25  72  13  58  -5  55  -8
 30  55 -21 *** ***  86   0  89  23  95  38  98  46 101  41  97  44  89  24  77  16  64 -10  56 -18
 31  50 -30 *** ***  85   6 *** ***  94  37 *** *** 101  44  95  35 *** ***  74   9 *** ***  51 -25
 
 DAILY MAXIMUM PRECIPITATION OCCURRING DURING 1951-1999 FOR STATION NUMBER 1442
     JAN   FEB   MARCH APRIL MAY   JUNE  JULY  AUG   SEPT  OCT   NOV   DEC
 
  1  0.25  0.32  0.54  0.23  1.14  0.80  1.00  1.52  0.56  1.74  1.20  0.66
  2  0.28  0.29  0.28  1.21  1.44  1.05  2.25  2.00  1.27  0.51  1.29  0.13
  3  0.27  0.16  1.73  0.81  0.54  0.95  0.55  0.98  0.80  1.34  0.29  0.57
  4  0.12  0.23  1.22  0.71  1.48  1.19  3.24  1.60  2.87  0.90  1.01  0.49
  5  0.40  0.31  0.31  0.35  1.05  0.92  1.61  4.00  1.26  0.37  1.67  0.42
  6  0.49  0.24  0.61  1.13  2.15  1.08  2.97  2.10  2.18  0.86  0.46  0.26
  7  0.25  0.18  0.93  0.74  1.25  6.25  2.80  1.63  1.25  2.20  0.18  0.66
  8  0.10  0.23  0.68  1.11  0.88  1.93  1.75  1.65  3.62  1.90  0.48  0.15
  9  0.13  0.67  1.26  1.49  1.25  1.10  1.39  1.24  0.61  1.42  2.24  0.24
 10  0.19  0.96  0.72  0.85  2.15  2.10  1.97  1.01  0.46  1.00  1.78  0.24
 11  0.16  0.08  0.35  0.83  1.45  0.83  1.20  1.01  1.00  1.08  0.32  0.61
 12  0.54  0.41  1.19  0.93  0.64  1.52  0.99  1.48  2.30  1.50  0.83  0.60
 13  0.80  0.22  0.46  1.14  1.79  3.08  1.58  1.28  1.31  0.88  0.33  0.21
 14  0.35  0.17  0.56  0.73  1.08  2.17  1.91  1.39  1.71  0.29  0.08  0.63
 15  0.26  0.57  0.81  0.93  1.52  2.45  1.70  1.62  1.59  1.15  1.26  0.34
 16  0.41  0.18  0.73  0.76  1.18  1.74  0.13  1.42  1.88  1.10  0.82  1.42
 17  0.43  0.06  0.51  0.33  1.34  1.42  2.05  0.62  1.27  1.79  0.70  0.38
 18  0.81  0.73  1.10  1.70  1.61  2.60  1.28  0.66  0.65  0.56  0.38  0.37
 19  0.90  1.42  0.95  0.97  1.97  2.03  1.91  2.16  2.10  0.49  0.70  0.36
 20  0.76  1.25  0.64  1.73  0.93  1.80  1.60  0.78  1.90  0.80  1.07  0.49
 21  0.45  0.69  0.48  1.52  3.73  3.18  1.59  3.48  1.25  1.33  0.79  0.19
 22  0.36  0.24  0.63  1.56  2.00  2.28  2.43  4.61  0.81  0.50  0.59  0.54
 23  0.55  0.52  1.47  2.02  1.37  2.41  1.58  1.15  2.70  0.72  0.35  0.37
 24  0.19  0.26  0.60  1.30  0.99  1.26  0.87  0.62  0.78  0.23  1.00  0.35
 25  0.15  0.62  1.15  0.92  1.30  4.38  1.36  1.64  1.95  0.24  0.62  1.15
 26  0.19  0.37  0.69  0.89  1.33  2.40  2.00  1.22  1.04  0.36  0.47  0.25
 27  0.39  0.61  0.71  1.05  1.28  1.55  1.80  1.11  0.78  0.68  0.32  0.45
 28  0.48  2.15  0.86  2.10  2.00  2.42  1.57  2.58  0.98  0.46  1.10  1.09
 29  0.17******  1.39  0.88  1.25  2.28  2.30  1.11  1.23  0.44  0.45  0.55
 30  0.24******  1.26  1.72  1.78  1.57  1.68  2.43  1.24  1.25  2.08  0.48
 31  0.05******  0.74******  1.75******  0.78  3.40******  2.45******  0.12
 
 RECORD LARGEST AND SMALLEST DAILY RANGES (MAX-MIN) DURING 1951-1999 FOR STATION NUMBER 1442
     JAN     FEB    MARCH   APRIL    MAY     JUNE    JULY    AUG     SEPT    OCT     NOV     DEC
 DY MX  MN  MX  MN  MX  MN  MX  MN  MX  MN  MX  MN  MX  MN  MX  MN  MX  MN  MX  MN  MX  MN  MX  MN
  1 41   3  48   6  36   3  52   7  52   3  37  11  35  11  38  12  49   9  52   6  47   3  36   5
  2 35   2  53   4  42   5  41   6  43   5  36   7  36   9  35  13  48  11  46   4  48   5  42   3
  3 44   6  39   5  45   6  68   4  45  10  40  10  36  12  36   5  39  11  45   5  49   3  35   4
  4 43   5  40   3  39   5  51   6  48   4  37  10  38   8  36  14  45  12  45   4  46   6  37   3
  5 46   3  42   5  42   5  44   4  44   6  40   7  35   9  34   6  46  15  45   5  47   6  42   6
  6 40   2  46   4  49   6  45   5  47   6  41   8  36  12  33   9  38  12  47   7  37   3  38   5
  7 39   4  43   3  47   4  53  10  44   9  34   7  36   6  37   5  42   5  48   1  44   4  31   1
  8 41   5  40   4  38   5  49   3  43   4  39   6  38  10  34   8  47  11  45   4  42   3  40   5
  9 47   6  38   4  40   3  52   4  42  11  42   5  39  12  41  11  43   9  48   4  45   4  39   4
 10 45   5  44   3  38   3  39   5  46  11  34  11  39   7  46  10  44   9  43   6  44   4  43   4
 11 42   3  45   3  44   3  44   6  44   4  36  11  35   9  39   7  44   9  48   8  40   2  37   6
 12 35   3  45   5  36   3  46   3  44   7  35   7  41  12  35  10  52   7  51   6  45   5  38   5
 13 46   5  45   4  43   5  50   4  43   5  39  14  34  12  34   8  46   5  43   7  40   2  46   5
 14 36   7  39   7  38   4  47   3  45   8  40   8  36   7  44   8  44   3  46  11  39   8  36   5
 15 47   4  47   2  52   6  45   3  44   8  40   6  37   7  38  10  43   7  46   5  45   4  47   5
 16 49   4  44   4  46   2  45   6  49   5  35  10  38  15  37  10  43   7  42   8  40   6  54   7
 17 52   9  41   6  42   3  49   4  41  12  38   7  34  13  42  10  38   7  45   6  42   4  34   6
 18 38   5  40   3  38   2  43   5  43   5  40   9  34  12  35   8  43   7  45   6  45   4  37   6
 19 41   4  38   4  40   3  58   3  50   2  38   6  36  13  40   8  41   7  43   5  36   5  36   4
 20 38   4  41   4  38   5  49  10  46  10  40   6  34  11  40   8  49   5  58   1  40   4  36   3
 21 40   5  43   4  34   4  47   7  40   9  43   8  35   5  39   7  41   5  53   4  37   4  44   6
 22 46   3  42   3  40   4  45   4  37   4  38  14  39   6  44  13  42   4  49   4  45   4  39   5
 23 40   3  39   4  49   3  49   3  45   7  38   6  40   5  40   8  46   5  46   5  33   4  39   4
 24 44   6  47   5  48   5  43   7  39   7  38   7  40   9  38   6  48  13  45   5  34   3  47   5
 25 48   3  43   4  45   6  40   5  44   4  36  12  40  15  41   7  47  10  45   3  41   4  41   4
 26 36   5  40   4  41   6  39   7  37   7  41   6  36   8  39   3  47   8  48  10  33   4  46   5
 27 36   3  44   5  50   3  44   4  37   6  39   9  35  11  36   6  46   9  50   6  41   3  37   4
 28 48   4  40   4  44   6  42   3  43   5  45  10  37   6  38   8  48   7  45   7  41   5  44   3
 29 41   4  **  **  47   3  46   7  39   5  38   6  40  14  39   7  39   5  43   5  41   2  43   5
 30 40  10  **  **  51   6  45   7  44   5  42   5  35  10  43   8  45   4  44   7  37   5  38   1
 31 45   7  **  **  55   4  **  **  39  13  **  **  40   7  38   7  **  **  45   4  **  **  38   3
 
 DAILY  MEAN  HIGHS AND LOWS OCCURRING DURING 1951-1999 FOR STATION NUMBER 1442
     JAN     FEB    MARCH   APRIL    MAY     JUNE    JULY    AUG     SEPT    OCT     NOV     DEC
 DY MX  MN  MX  MN  MX  MN  MX  MN  MX  MN  MX  MN  MX  MN  MX  MN  MX  MN  MX  MN  MX  MN  MX  MN
  1 26   7  28   6  36  16  53  29  65  39  74  50  84  60  84  59  80  55  71  41  54  31  37  19
  2 27   7  26   4  38  18  52  30  67  40  74  51  84  60  84  60  80  56  71  41  51  30  38  19
  3 27   5  26   5  36  16  52  30  67  41  76  50  83  60  85  60  81  55  69  40  51  29  37  18
  4 25   4  29   7  35  16  51  27  68  42  78  53  84  61  84  60  79  54  67  40  48  26  36  16
  5 24   2  29   8  36  17  52  29  69  43  78  54  84  60  82  59  79  53  67  40  49  25  37  15
  6 26   6  28   8  37  15  54  29  68  41  80  55  85  60  82  60  78  52  66  40  48  26  34  14
  7 24   2  28   6  37  14  57  31  68  43  80  56  85  61  82  59  81  53  65  38  49  25  31  13
  8 24   0  29   8  36  16  56  32  68  43  79  55  85  61  84  59  80  53  66  39  49  25  31  13
  9 23   2  29   7  38  17  51  30  69  44  78  55  84  60  83  59  78  52  64  37  48  26  31  10
 10 23   2  31   9  40  19  55  30  69  44  78  55  84  60  83  58  77  49  64  36  49  25  32  12
 11 23   4  30   9  41  22  57  33  71  44  80  56  85  62  82  56  77  49  66  38  47  25  31  11
 12 25   7  29  10  41  22  56  34  70  44  80  57  84  62  81  57  77  50  67  39  46  24  30  10
 13 27   4  32   9  40  22  56  32  70  44  82  56  85  62  82  58  75  50  65  39  45  25  32  10
 14 28   5  33  11  41  21  58  34  71  46  82  57  85  61  82  58  73  48  65  39  46  24  30  10
 15 25   4  32  12  41  20  58  35  71  46  81  57  85  60  82  58  73  47  66  37  46  25  30  10
 16 25   2  30   9  42  21  62  36  73  47  79  56  85  60  83  59  73  48  64  37  46  24  32   9
 17 27   5  33  10  44  23  62  36  74  48  81  56  86  62  84  59  72  47  63  36  45  23  29  10
 18 25   6  35  14  42  24  62  36  73  48  81  58  87  63  83  59  74  48  62  34  45  23  29   9
 19 25   4  33  13  43  25  63  38  73  47  81  57  87  63  82  58  73  49  58  33  44  23  30   9
 20 24   3  35  12  44  24  63  39  75  47  82  58  85  62  82  58  72  47  60  32  43  24  27   7
 21 25   4  34  12  44  22  62  37  75  49  81  57  84  61  82  57  70  45  61  34  42  22  26   8
 22 28   6  35  13  45  23  63  37  75  50  82  57  85  62  83  58  70  43  62  35  42  21  28   9
 23 27   5  35  15  45  24  63  37  73  49  81  57  84  60  82  58  67  41  60  34  42  22  28  11
 24 27   6  35  13  46  24  64  38  74  49  82  57  84  61  82  57  69  42  59  34  38  18  28   8
 25 27   7  35  13  47  25  65  39  73  49  83  59  86  60  82  58  71  43  58  33  42  20  27   8
 26 23   4  37  14  47  26  66  41  73  50  84  59  86  61  83  59  72  43  59  32  39  19  28   8
 27 24   5  37  17  50  27  65  40  73  50  84  60  85  61  83  60  71  42  60  33  37  19  29  10
 28 25   5  37  18  52  28  64  38  74  51  85  60  83  60  82  57  71  42  58  31  34  15  30  12
 29 26   4  **  **  49  29  64  40  75  52  85  61  84  59  82  58  69  43  56  30  34  15  30   9
 30 27   4  **  **  49  28  64  39  76  52  83  60  84  61  83  58  70  42  57  31  36  16  27   8
 31 28   4  **  **  52  29  **  **  76  51  **  **  85  60  80  56  **  **  54  31  **  **  28   7
  
  # OF DAYS EACH YEAR WHERE MIN >=32 F  1951-1999 FOR STATION # 1442
   51  52  53  54  55  56  57  58  59  60  61  62  63  64  65  66  67  68  69  70
  199 203 208 211 205 195 202 202 205 205 192 204 213 207 205 201 184 198 197 197
 
   71  72  73  74  75  76  77  78  79  80  81  82  83  84  85  86  87  88  89  90
  195 195 213 197 195 190 212 200 184 196 207 206 198 202 207 209 204 183 177 193
 
   91  92  93  94  95  96  97  98  99
  198 197 186 206 205 191 190 226 200
  
 MEAN=200
 
 LENGTH OF SEASON FOR STATION NUMBER 1442   BASE TEMP=32
 LAST SPRING OCCURENCE FIRST FALL OCCURENCE  LENGTH OF SEASON
   YEAR MONTH DAY DOY         MONTH DAY DOY
   1951   4    26 116           9    28 271          155
   1952   4    16 107           9    23 267          160
   1953   5    13 133          10    26 299          166
   1954   5    10 130           9    22 265          135
   1955   5     8 128           9    11 254          126
   1956   5    16 137           9    30 274          137
   1957   5     6 126          10    10 283          157
   1958   5    23 143           9    28 271          128
   1959   5    15 135          10     9 282          147
   1960   5    12 133          10    16 290          157
   1961   5     3 123           9    28 271          148
   1962   4    23 113           9     5 248          135
   1963   5    23 143          10    28 301          158
   1964   4    19 110          10     5 279          169
   1965   4    28 118           9    24 267          149
   1966   5    10 130          10     1 274          144
   1967   5     9 129           9    24 267          138
   1968   5    24 145          10     4 278          133
   1969   5    12 132          10     8 281          149
   1970   5     2 122           9    27 270          148
   1971   5    12 132           9    17 260          128
   1972   4    25 116           9    30 274          158
   1973   5    17 137          10    16 289          152
   1974   4    30 120           9     3 246          126
   1975   4    20 110           9    24 267          157
   1976   5    18 139          10     6 280          141
   1977   4    26 116          10     3 276          160
   1978   5     3 123          10     7 280          157
   1979   5    24 144          10     5 278          134
   1980   5     9 130           9    26 270          140
   1981   5    19 139          10     2 275          136
   1982   4    27 117           9    21 264          147
   1983   5    15 135           9    21 264          129
   1984   5     1 122           9    26 270          148
   1985   4    10 100           9    26 269          169
   1986   4    22 112          10     6 279          167
   1987   4    23 113          10     3 276          163
   1988   4    28 119          10     4 278          159
   1989   5     8 128           9    23 266          138
   1990   5     6 126          10    10 283          157
   1991   5     7 127           9    19 262          135
   1992   5     6 127           9    29 273          146
   1993   5    20 140           9    15 258          118
   1994   5     2 122          10    25 298          176
   1995   5     2 122           9    22 265          143
   1996   4    30 121          10     3 277          156
   1997   5    15 135          10    14 287          152
   1998   4    22 112          10     1 274          162
   1999   4    18 108           9    21 264          156
             MEAN=125              MEAN=273     MEAN=147
 
 LENGTH OF SEASON FOR STATION NUMBER 1442   BASE TEMP=30
 LAST SPRING OCCURENCE FIRST FALL OCCURENCE  LENGTH OF SEASON
   YEAR MONTH DAY DOY         MONTH DAY DOY
   1951   4    26 116           9    28 271          155
   1952   4    15 106          10     5 279          173
   1953   4    27 117          10    26 299          182
   1954   5     8 128          10    17 290          162
   1955   4     7  97           9    11 254          157
   1956   5     4 125           9    30 274          149
   1957   5     6 126          10    10 283          157
   1958   5    20 140           9    28 271          131
   1959   4    22 112          10     9 282          170
   1960   5    12 133          10    16 290          157
   1961   5     2 122           9    28 271          149
   1962   4    17 107           9    20 263          156
   1963   5    23 143          10    28 301          158
   1964   4    13 104          10     9 283          179
   1965   4    28 118          10    12 285          167
   1966   5     9 129          10     1 274          145
   1967   5     9 129           9    28 271          142
   1968   5    17 138          10     4 278          140
   1969   5    12 132          10    14 287          155
   1970   5     2 122          10    10 283          161
   1971   5    12 132          10    10 283          151
   1972   4    25 116           9    30 274          158
   1973   5    17 137          10    16 289          152
   1974   4    17 107           9    22 265          158
   1975   4    20 110           9    25 268          158
   1976   5     8 129          10     6 280          151
   1977   4     7  97          10     3 276          179
   1978   5     3 123          10     7 280          157
   1979   5    12 132          10     5 278          146
   1980   5     9 130          10     3 277          147
   1981   5    11 131          10     2 275          144
   1982   4    27 117          10    16 289          172
   1983   5    15 135           9    23 266          131
   1984   4    18 109           9    26 270          161
   1985   4    10 100          10    10 283          183
   1986   4    22 112          10     6 279          167
   1987   4     8  98          10     3 276          178
   1988   4    28 119          10     4 278          159
   1989   5     8 128           9    23 266          138
   1990   5     6 126          10    10 283          157
   1991   5     7 127           9    19 262          135
   1992   5     6 127           9    29 273          146
   1993   4    26 116           9    15 258          142
   1994   5     2 122          10    25 298          176
   1995   5     2 122           9    22 265          143
   1996   4    30 121          10     3 277          156
   1997   5    13 133          10    20 293          160
   1998   4    17 107          10    22 295          188
   1999   4    18 108           9    21 264          156
             MEAN=120              MEAN=277     MEAN=157
 
 LENGTH OF SEASON FOR STATION NUMBER 1442   BASE TEMP=28
 LAST SPRING OCCURENCE FIRST FALL OCCURENCE  LENGTH OF SEASON
   YEAR MONTH DAY DOY         MONTH DAY DOY
   1951   4    23 113           9    28 271          158
   1952   4    11 102          10     5 279          177
   1953   4    20 110          10    26 299          189
   1954   5     7 127          10    17 290          163
   1955   4     7  97           9    11 254          157
   1956   4    30 121           9    30 274          153
   1957   5     5 125          10    18 291          166
   1958   4    29 119           9    28 271          152
   1959   4    22 112          10     9 282          170
   1960   5    12 133          10    16 290          157
   1961   5     2 122           9    28 271          149
   1962   4    17 107          10    24 297          190
   1963   5    23 143          10    28 301          158
   1964   4     8  99          10     9 283          184
   1965   4    28 118          10    22 295          177
   1966   5     1 121          10     1 274          153
   1967   5     9 129           9    28 271          142
   1968   5     5 126          10     4 278          152
   1969   4    19 109          10    14 287          178
   1970   5     2 122          10    10 283          161
   1971   5     3 123          10    10 283          160
   1972   4    25 116           9    30 274          158
   1973   5    17 137          10    16 289          152
   1974   4    16 106           9    22 265          159
   1975   4    12 102          10     2 275          173
   1976   5     7 128          10     6 280          152
   1977   4     7  97          10     6 279          182
   1978   5     2 122          10    16 289          167
   1979   5     4 124          10    13 286          162
   1980   5     9 130          10     3 277          147
   1981   5    11 131          10     2 275          144
   1982   4    22 112          10    16 289          177
   1983   5    15 135           9    23 266          131
   1984   4     6  97           9    26 270          173
   1985   4     9  99          10    30 303          204
   1986   4    22 112          10    14 287          175
   1987   4     7  97          10     3 276          179
   1988   4    24 115          10     4 278          163
   1989   5     7 127          10     4 277          150
   1990   4    18 108          10    10 283          175
   1991   4    24 114           9    19 262          148
   1992   4    27 118          10    17 291          173
   1993   4    21 111          10    10 283          172
   1994   5     2 122          10    25 298          176
   1995   4    25 115          10    22 295          180
   1996   4    30 121          10     3 277          156
   1997   5    13 133          10    20 293          160
   1998   4    17 107          11     4 308          201
   1999   4    18 108           9    21 264          156
             MEAN=116              MEAN=281     MEAN=165
 
 LENGTH OF SEASON FOR STATION NUMBER 1442   BASE TEMP=26
 LAST SPRING OCCURENCE FIRST FALL OCCURENCE  LENGTH OF SEASON
   YEAR MONTH DAY DOY         MONTH DAY DOY
   1951   4    19 109          10    27 300          191
   1952   4    10 101          10     5 279          178
   1953   4    20 110          10    27 300          190
   1954   4    12 102          10    31 304          202
   1955   3    28  87          10    15 288          201
   1956   4    30 121           9    30 274          153
   1957   4    14 104          10    25 298          194
   1958   4    29 119          10     1 274          155
   1959   4    13 103          10    11 284          181
   1960   4    30 121          10    19 293          172
   1961   5     2 122           9    28 271          149
   1962   4    17 107          10    24 297          190
   1963   5    22 142          10    29 302          160
   1964   4     8  99          10     9 283          184
   1965   4    28 118          10    22 295          177
   1966   5     1 121          10    17 290          169
   1967   5     4 124           9    28 271          147
   1968   5     5 126          10     4 278          152
   1969   3    31  90          10    17 290          200
   1970   5     2 122          10    10 283          161
   1971   5     3 123          10    31 304          181
   1972   4    25 116          10    15 289          173
   1973   4    28 118          10    29 302          184
   1974   4    16 106           9    22 265          159
   1975   4    12 102          10    16 289          187
   1976   5     7 128          10     6 280          152
   1977   4     7  97          10    16 289          192
   1978   5     2 122          10    23 296          174
   1979   4    28 118          10    13 286          168
   1980   4    14 105          10    12 286          181
   1981   3    24  83          10     2 275          192
   1982   4    22 112          10    20 293          181
   1983   4    18 108          10    14 287          179
   1984   4     6  97           9    26 270          173
   1985   4     9  99          11     2 306          207
   1986   4    22 112          10    14 287          175
   1987   4     6  96          10     3 276          180
   1988   4    20 111          10     5 279          168
   1989   5     7 127          10     4 277          150
   1990   4    18 108          10    10 283          175
   1991   4    11 101          10     7 280          179
   1992   4    27 118          10    17 291          173
   1993   4    21 111          10    10 283          172
   1994   5     1 121          10    26 299          178
   1995   4     5  95          10    22 295          200
   1996   4    23 114          10    28 302          188
   1997   5    13 133          10    22 295          162
   1998   3    24  83          11     6 310          227
   1999   4    18 108          10     4 277          169
             MEAN=110              MEAN=287     MEAN=177
 
 LENGTH OF SEASON FOR STATION NUMBER 1442   BASE TEMP=24
 LAST SPRING OCCURENCE FIRST FALL OCCURENCE  LENGTH OF SEASON
   YEAR MONTH DAY DOY         MONTH DAY DOY
   1951   4    16 106          10    27 300          194
   1952   4    10 101          10     5 279          178
   1953   4    20 110          10    28 301          191
   1954   4    12 102          10    31 304          202
   1955   3    28  87          10    24 297          210
   1956   4    30 121           9    30 274          153
   1957   4    14 104          10    25 298          194
   1958   4    29 119          10    11 284          165
   1959   4    13 103          10    11 284          181
   1960   4    30 121          10    19 293          172
   1961   5     2 122          10     1 274          152
   1962   4    17 107          10    24 297          190
   1963   4    13 103          10    29 302          199
   1964   4     8  99          10     9 283          184
   1965   3    30  89          10    24 297          208
   1966   5     1 121          10    17 290          169
   1967   5     4 124          10    11 284          160
   1968   5     5 126          10    29 303          177
   1969   3    31  90          10    22 295          205
   1970   4     4  94          10    10 283          189
   1971   4    14 104          10    31 304          200
   1972   4     8  99          10    15 289          190
   1973   4    12 102          10    29 302          200
   1974   4    15 105           9    22 265          160
   1975   4    12 102          10    29 302          200
   1976   4     1  92          10     6 280          188
   1977   4     6  96          11    10 314          218
   1978   4    21 111          10    23 296          185
   1979   4    28 118          10    13 286          168
   1980   4     5  96          10    12 286          190
   1981   3    24  83          10    22 295          212
   1982   4    11 101          10    21 294          193
   1983   4    15 105          11    24 328          223
   1984   4     1  92          10    23 297          205
   1985   4     1  91          11     2 306          215
   1986   4    22 112          11     2 306          194
   1987   4     6  96          10    11 284          188
   1988   4    20 111          10     5 279          168
   1989   4    16 106          10     7 280          174
   1990   4    18 108          10    10 283          175
   1991   4    10 100          10     7 280          180
   1992   4    13 104          10    17 291          187
   1993   4     6  96          10    30 303          207
   1994   5     1 121          10    26 299          178
   1995   4     5  95          11     2 306          211
   1996   4    23 114          10    30 304          190
   1997   4    17 107          10    27 300          193
   1998   3    24  83          11     6 310          227
   1999   4    18 108          10    20 293          185
             MEAN=104              MEAN=293     MEAN=189
 
 THESE ARE THE MONTHLY AVG. MAX TEMPS 1951-1999 FOR STATION #1442
 YEAR    JAN   FEB  MARCH APRIL  MAY  JUNE  JULY AUGUST SEPT   OCT   NOV   DEC   ANN
  
 1951   25.3  34.9  32.2  51.3  72.1  73.5  81.2  80.0  68.8  61.0  39.9  26.3  53.9
 1952   26.3  36.2  36.7  60.3  69.3  85.2  85.3  80.8  78.7  62.7  48.3  31.2  58.4
 1953   27.8  31.6  44.6  52.1  70.3  83.6  85.6  84.0  78.4  71.9  52.3  37.9  60.0
 1954   28.0  47.4  38.9  63.7  67.3  80.8  88.1  81.4  75.9  58.9  54.4  36.7  60.1
 1955   30.7  27.5  42.3  70.7  77.8  78.8  90.0  92.7  80.4  67.9  40.5  25.9  60.4
 1956   26.9  31.1  43.5  58.9  74.0  90.4  85.8  87.0  79.3  73.3  45.5  37.6  61.1
 1957   23.4  38.6  44.9  60.6  69.5  79.3  88.2  82.4  71.7  57.8  42.6  42.2  58.4
 1958   33.5  29.5  41.3  60.9  77.4  77.6  81.1  87.4  79.1  70.2  51.6  32.5  60.2
 1959   26.0  30.3  45.3  62.4  72.2  83.2  83.6  86.1  74.3  58.5  36.7  39.7  58.2
 1960   26.0  27.2  28.5  60.4  71.6  77.0  84.8  83.6  75.0  65.5  49.7  33.8  56.9
 1961   30.7  36.5  43.3  54.9  69.1  80.2  84.4  83.9  71.5  66.1  44.5  27.1  57.7
 1962   24.2  27.4  34.7  60.7  76.0  77.9  81.7  83.3  72.4  65.6  50.6  35.2  57.5
 1963   19.4  32.1  50.6  65.5  71.0  85.7  86.7  83.1  77.6  75.6  54.6  26.2  60.7
 1964   37.8  41.9  42.4  60.8  77.7  82.1  88.3  80.5  74.1  65.3  50.4  28.8  60.8
 1965   27.0  28.7  29.9  58.7  76.7  81.7  86.0  84.2  65.5  67.2  48.4  40.6  57.9
 1966   21.3  33.2  52.5  55.0  72.7  80.5  89.9  82.3  74.9  68.1  45.3  31.6  59.0
 1967   30.4  28.9  50.0  60.7  67.7  77.5  83.7  82.2  73.4  62.5  45.9  34.2  58.1
 1968   27.0  32.0  54.3  61.3  67.8  82.1  83.6  82.7  72.1  62.2  44.0  28.4  58.1
 1969   20.6  29.5  32.5  60.3  71.9  75.1  84.3  83.7  74.9  56.6  46.2  31.0  55.5
 1970   17.9  33.7  36.6  60.6  74.4  82.9  84.9  84.2  74.0  59.3  42.8  31.2  56.9
 1971   21.8  29.0  38.9  62.6  69.8  85.1  81.2  83.8  75.5  66.2  46.1  30.0  57.5
 1972   23.5  25.3  43.2  55.4  71.2  80.2  81.6  81.5  72.9  58.0  40.4  24.5  54.8
 1973   27.7  31.3  48.5  58.5  68.8  83.6  83.5  85.4  71.9  67.8  46.0  27.5  58.4
 1974   25.0  35.4  46.5  61.1  69.8  79.7  90.9  79.3  72.5  65.2  45.5  34.6  58.8
 1975   27.7  26.1  34.4  51.0  75.2  78.9  88.2  85.2  71.0  68.9  49.1  32.1  57.3
 1976   29.4  43.2  44.9  66.2  71.7  84.5  89.3  88.1  78.3  58.7  42.2  29.3  60.5
 1977   17.5  40.1  50.0  67.3  80.7  83.8  87.5  79.9  76.7  60.9  44.0  27.8  59.7
 1978   15.5  21.4  41.6  58.0  73.1  82.2  84.9  84.5  81.2  62.9  43.9  25.8  56.3
 1979   12.5  18.7  37.4  55.3  69.5  80.9  85.0  81.6  79.4  63.2  42.5  39.2  55.4
 1980   29.4  27.6  40.2  63.2  75.8  83.5  90.7  83.8  77.5  60.6  52.5  32.6  59.8
 1981   35.8  38.4  53.2  67.7  71.4  83.6  84.2  80.8  77.9  58.6  49.3  28.7  60.8
 1982   16.0  27.5  40.7  56.5  70.3  75.6  85.6  80.9  72.3  61.9  40.9  33.3  55.1
 1983   28.0  32.3  39.9  49.5  67.4  78.3  88.2  90.0  75.3  61.5  42.3  12.9  55.5
 1984   28.1  37.8  35.0  54.3  67.9  82.0  85.1  86.5  73.8  61.7  46.4  33.4  57.7
 1985   24.2  29.5  50.9  64.1  76.2  79.0  85.7  78.8  69.8  60.1  33.3  19.9  56.0
 1986   31.2  27.0  48.5  61.8  71.7  83.2  87.2  79.0  73.7  61.5  40.4  33.6  58.2
 1987   33.5  46.0  47.9  66.5  78.2  86.0  86.8  79.6  75.3  58.2  49.4  33.9  61.8
 1988   22.5  27.0  50.2  59.8  79.3  87.8  85.7  87.8  76.2  59.0  46.1  32.5  59.5
 1989   36.3  23.9  41.5  62.5  73.7  80.1  87.8  83.0  74.4  66.1  43.2  21.5  57.8
 1990   37.9  36.1  47.3  60.4  67.4  81.9  83.0  82.6  79.1  62.7  50.2  27.6  59.7
 1991   21.5  39.3  47.9  61.5  72.3  82.1  83.6  83.0  74.7  61.5  33.0  33.4  57.8
 1992   35.4  38.0  47.5  53.6  73.5  79.0  76.6  76.7  73.3  63.0  37.6  30.4  57.0
 1993   23.5  23.6  36.8  54.5  67.6  76.1  80.1  81.4  68.4  59.9  41.0  30.6  53.6
 1994   17.5  23.3  49.0  61.5  74.5  81.7  80.5  80.5  76.6  64.0  47.8  31.6  57.4
 1995   24.6  34.1  42.8  52.6  65.8  79.7  85.3  86.5  71.5  60.1  38.2  32.1  56.1
 1996   22.8  33.5  38.7  56.3  64.6  81.1  81.2  80.4  70.4  63.5  34.7  22.2  54.1
 1997   20.5  30.9  45.2  54.5  64.4  83.6  84.0  80.9  77.0  65.0  38.7  34.7  56.6
 1998   28.2  40.8  38.0  59.7  76.9  76.6  83.8  82.1  82.0  63.9  48.5  38.9  60.0
 1999   23.6  39.4  46.2  57.7  71.1  77.2  86.8  82.0  75.2  64.5  57.3  37.4  59.9
 MEANS  25.9  32.3  42.8  59.5  72.0  81.1  85.1  83.1  74.8  63.4  45.0  31.2  58.0
 
 THESE ARE THE MONTHLY AVG. MIN TEMPS 1951-1999 FOR STATION #1442
 YEAR    JAN   FEB  MARCH APRIL  MAY  JUNE  JULY AUGUST SEPT   OCT   NOV   DEC   ANN
  
 1951    5.1  14.9  15.8  33.4  50.1  54.0  60.7  59.6  47.4  40.2  20.4   9.3  34.3
 1952    7.5  22.9  23.0  37.5  47.0  61.0  61.8  58.9  50.9  32.3  24.6  16.4  37.0
 1953    9.8  15.4  25.6  32.2  47.8  61.3  62.2  61.4  48.4  41.8  26.1  15.3  37.3
 1954    2.3  24.8  21.9  37.5  41.7  60.4  63.1  60.1  53.4  39.9  29.6  18.5  37.8
 1955   10.2   4.0  18.9  41.1  49.0  53.9  66.9  61.0  49.6  39.1  17.4   7.8  34.9
 1956    6.4   7.1  22.1  29.6  48.4  60.7  57.6  58.8  45.5  42.3  24.1  16.2  34.9
 1957    0.5  16.6  24.1  34.7  45.9  54.6  66.2  59.9  46.4  37.8  27.3  20.9  36.2
 1958   14.6   5.1  24.5  35.7  45.7  51.0  56.6  58.6  50.5  37.9  23.3   6.7  34.2
 1959    2.0   5.9  24.9  35.3  50.1  59.1  58.2  64.3  50.1  35.9  16.4  23.8  35.5
 1960    8.5   9.6  10.3  37.5  46.0  54.3  58.4  60.1  51.3  37.5  26.4  12.9  34.4
 1961    7.0  13.9  27.1  30.8  42.8  54.3  57.6  57.9  48.9  37.6  24.2   8.5  34.2
 1962    1.5  11.9  18.4  33.2  52.0  55.1  59.5  57.5  46.2  41.7  29.5  12.9  35.0
 1963   -1.7   7.3  26.9  36.5  46.6  59.8  61.6  57.4  52.3  44.2  27.6   2.9  35.1
 1964   13.4  14.4  16.5  37.5  50.2  56.4  62.8  55.1  50.5  36.6  26.8   7.6  35.6
 1965    5.0   4.4  13.8  35.9  50.8  56.3  60.1  57.1  46.1  40.4  24.6  21.0  34.6
 1966    0.6  10.1  27.6  33.2  42.3  54.6  64.3  55.1  45.9  35.8  20.2   7.9  33.1
 1967    2.2   4.4  24.7  35.3  41.0  57.7  57.7  53.1  43.9  30.7  19.8  13.5  32.0
 1968    4.4   7.9  22.8  35.2  39.8  56.9  59.9  59.0  48.1  38.5  23.7   9.5  33.8
 1969   -1.5  10.2  10.8  36.8  48.7  50.9  62.9  59.4  48.9  33.9  23.7  10.2  32.9
 1970   -7.0   7.9  19.5  34.5  49.3  58.0  60.8  58.1  49.2  36.8  24.8   6.9  33.2
 1971    0.7   8.7  20.6  35.0  42.8  61.3  57.7  55.3  45.8  41.8  24.1  13.2  33.9
 1972   -1.0  -0.8  22.4  34.1  49.0  54.9  57.9  58.7  46.7  31.4  25.5   3.8  31.9
 1973    8.0  11.7  32.3  34.9  42.7  57.2  62.2  60.6  49.6  39.4  26.7   9.2  36.2
 1974    0.6  12.8  23.6  35.5  46.0  52.7  62.4  55.3  41.5  33.8  24.7  12.2  33.4
 1975    5.3   6.0  11.6  32.4  49.3  56.2  61.5  61.7  45.2  34.9  25.6  15.8  33.8
 1976    7.4  19.7  24.1  39.5  43.5  55.6  60.7  58.5  47.3  29.5  15.7   3.9  33.8
 1977   -5.9  11.5  28.5  41.3  55.0  57.6  64.0  56.3  49.7  36.0  23.4  10.1  35.6
 1978   -6.2  -2.8  18.3  37.4  46.0  55.2  61.3  58.1  53.2  34.3  19.3   5.6  31.7
 1979   -8.0  -5.4  19.3  33.1  42.3  56.3  61.5  58.6  48.6  34.3  23.5  16.7  31.7
 1980   10.0   9.4  21.2  35.1  44.7  56.8  61.2  60.7  48.4  33.0  23.6  11.8  34.7
 1981    8.0  13.0  20.3  39.7  43.2  56.5  62.9  58.1  46.6  35.0  28.1   9.9  35.1
 1982   -7.5   7.0  23.0  31.8  51.1  51.6  63.2  59.3  49.9  38.4  22.3  15.4  33.8
 1983   12.5  18.7  25.6  31.8  42.5  57.3  65.6  64.8  49.3  37.8  30.9  -4.2  36.1
 1984    9.6  20.8  19.5  36.8  45.3  60.0  61.5  61.5  45.7  40.3  25.6  12.8  36.6
 1985    3.5   8.5  29.4  41.6  49.9  52.9  57.3  55.8  51.9  36.8  16.8  -3.2  33.4
 1986   11.5  10.8  26.1  37.9  47.8  60.0  64.0  54.4  50.9  38.8  19.2  15.0  36.4
 1987   12.2  20.4  27.6  35.3  51.6  58.7  64.2  58.1  49.2  30.3  29.6  19.4  38.0
 1988    0.0   3.8  23.9  30.7  51.8  60.2  61.5  60.6  48.3  30.2  23.9  12.1  33.9
 1989   15.9   0.7  20.0  32.5  42.3  54.5  63.7  59.2  46.6  32.5  17.4  -1.0  32.0
 1990   15.9  12.8  26.2  31.8  43.5  58.0  60.8  60.5  52.6  33.0  25.3   5.3  35.5
 1991    1.7  16.2  25.0  38.4  53.3  62.5  61.6  59.5  48.5  32.6  16.0  15.0  35.9
 1992   17.4  23.0  26.4  32.7  45.7  53.8  56.6  54.2  46.8  35.2  25.8  13.3  35.9
 1993    3.6   7.1  19.8  32.1  45.9  54.8  62.5  60.7  44.7  34.1  20.5  14.7  33.4
 1994   -4.2   0.8  23.2  32.6  47.5  60.1  58.1  56.6  51.2  40.0  26.6  14.2  33.9
 1995    8.7  14.0  25.0  32.1  43.5  58.2  61.2  65.1  45.8  37.6  19.4  16.3  35.6
 1996    3.1  11.3  15.7  30.7  46.5  58.9  58.3  58.2  48.7  36.5  19.1   7.8  32.9
 1997    1.0  12.7  23.5  30.6  40.9  57.4  63.6  59.0  50.4  38.1  21.7  19.6  34.9
 1998   13.6  24.8  22.5  37.5  52.7  56.0  63.4  63.2  53.7  41.3  29.5  14.9  39.4
 1999    5.4  20.4  23.6  38.2  49.1  58.2  65.2  58.5  46.0  31.9  27.5  14.0  36.5
 MEANS   4.8  10.9  22.2  35.0  46.7  56.8  61.3  58.8  48.5  36.5  23.6  11.5  34.7
 
 THESE ARE THE MONTHLY AVG. MEAN TEMPS 1951-1999 FOR STATION #1442
 YEAR    JAN   FEB  MARCH APRIL  MAY  JUNE  JULY AUGUST SEPT   OCT   NOV   DEC   ANN
  
 1951   15.2  24.9  24.0  42.4  61.1  63.8  71.0  69.8  58.1  50.6  30.2  17.8  44.1
 1952   16.9  29.6  29.8  48.9  58.1  73.1  73.6  69.8  64.8  47.5  36.4  23.8  47.7
 1953   18.8  23.5  35.1  42.2  59.1  72.4  73.9  72.7  63.4  56.9  39.2  26.6  48.7
 1954   15.1  36.1  30.4  50.6  54.5  70.6  75.6  70.7  64.7  49.4  42.0  27.6  48.9
 1955   20.5  15.8  30.6  55.9  63.4  66.3  78.5  76.8  65.0  53.5  29.0  16.9  47.7
 1956   16.6  19.1  32.8  44.2  61.2  75.5  71.7  72.9  62.4  57.8  34.8  26.9  48.0
 1957   11.9  27.6  34.5  47.6  57.7  67.0  77.2  71.1  59.1  47.8  35.0  31.5  47.3
 1958   24.0  17.3  32.9  48.3  61.5  64.3  68.9  73.0  64.8  54.0  37.4  19.6  47.2
 1959   14.0  18.1  35.1  48.9  61.1  71.2  70.9  75.2  62.2  47.2  26.6  31.8  46.9
 1960   17.3  18.4  19.4  49.0  58.8  65.7  71.6  71.9  63.2  51.5  38.1  23.3  45.7
 1961   18.9  25.2  35.2  42.8  56.0  67.3  71.0  70.9  60.2  51.8  34.4  17.8  45.9
 1962   12.8  19.6  26.6  47.0  64.0  66.5  70.6  70.4  59.3  53.6  40.0  24.0  46.2
 1963    8.9  19.7  38.8  51.0  58.8  72.8  74.1  70.3  65.0  59.9  41.1  14.6  47.9
 1964   25.6  28.1  29.4  49.2  63.9  69.2  75.5  67.8  62.3  50.9  38.6  18.2  48.2
 1965   16.0  16.6  21.9  47.3  63.8  69.0  73.1  70.7  55.8  53.8  36.5  30.8  46.3
 1966   11.0  21.6  40.1  44.1  57.5  67.6  77.1  68.7  60.4  52.0  32.8  19.8  46.0
 1967   16.3  16.7  37.4  48.0  54.4  67.6  70.7  67.6  58.6  46.6  32.8  23.9  45.1
 1968   15.7  19.9  38.6  48.2  53.8  69.5  71.7  70.9  60.1  50.4  33.8  18.9  46.0
 1969    9.6  19.8  21.7  48.6  60.3  63.0  73.6  71.5  61.9  45.3  34.9  20.6  44.2
 1970    5.5  20.8  28.0  47.5  61.8  70.4  72.9  71.1  61.6  48.0  33.8  19.0  45.0
 1971   11.3  18.9  29.8  48.8  56.3  73.2  69.5  69.5  60.7  54.0  35.1  21.6  45.7
 1972   11.2  12.3  32.8  44.8  60.1  67.6  69.7  70.1  59.8  44.7  32.9  14.2  43.4
 1973   17.8  21.5  40.4  46.7  55.7  70.4  72.8  73.0  60.8  53.6  36.3  18.3  47.3
 1974   12.8  24.1  35.0  48.3  57.9  66.2  76.6  67.3  57.0  49.5  35.1  23.4  46.1
 1975   16.5  16.0  23.0  41.7  62.2  67.6  74.8  73.5  58.1  51.9  37.3  23.9  45.5
 1976   18.4  31.4  34.5  52.8  57.6  70.1  75.0  73.3  62.8  44.1  29.0  16.6  47.1
 1977    5.8  25.8  39.2  54.3  67.9  70.7  75.8  68.1  63.2  48.4  33.7  19.0  47.7
 1978    4.7   9.3  30.0  47.7  59.6  68.7  73.1  71.3  67.2  48.6  31.6  15.7  44.0
 1979    2.2   6.6  28.3  44.2  55.9  68.6  73.3  70.1  64.0  48.8  33.0  27.9  43.6
 1980   19.7  18.5  30.7  49.2  60.3  70.1  76.0  72.2  63.0  46.8  38.0  22.2  47.2
 1981   21.9  25.7  36.7  53.7  57.3  70.1  73.6  69.5  62.3  46.8  38.7  19.3  48.0
 1982    4.2  17.3  31.9  44.2  60.7  63.6  74.4  70.1  61.1  50.1  31.6  24.4  44.5
 1983   20.3  25.5  32.7  40.6  54.9  67.8  76.9  77.4  62.3  49.7  36.6   4.4  45.8
 1984   18.8  29.3  27.2  45.5  56.6  71.0  73.3  74.0  59.8  51.0  36.0  23.1  47.1
 1985   13.8  19.0  40.1  52.8  63.0  66.0  71.5  67.3  60.9  48.4  25.0   8.3  44.7
 1986   21.4  18.9  37.3  49.9  59.8  71.6  75.6  66.7  62.3  50.2  29.8  24.3  47.3
 1987   22.9  33.2  37.7  50.9  64.9  72.3  75.5  68.9  62.3  44.2  39.5  26.6  49.9
 1988   11.2  15.4  37.0  45.3  65.5  74.0  73.6  74.2  62.3  44.6  35.0  22.3  46.7
 1989   26.1  12.3  30.7  47.5  58.0  67.3  75.8  71.1  60.5  49.3  30.3  10.3  44.9
 1990   26.9  24.4  36.7  46.1  55.5  70.0  71.9  71.5  65.8  47.9  37.7  16.5  47.6
 1991   11.6  27.8  36.5  49.9  62.8  72.3  72.6  71.3  61.6  47.1  24.5  24.2  46.8
 1992   26.4  30.5  37.0  43.2  59.6  66.4  66.6  65.4  60.0  49.1  31.7  21.9  46.5
 1993   13.6  15.3  28.3  43.3  56.8  65.4  71.3  71.0  56.5  47.0  30.8  22.7  43.5
 1994    6.6  12.1  36.1  47.0  61.0  70.9  69.3  68.5  63.9  52.0  37.2  22.9  45.6
 1995   16.7  24.1  33.9  42.3  54.6  68.9  73.2  75.8  58.6  48.9  28.8  24.2  45.8
 1996   13.0  22.4  27.2  43.5  55.6  70.0  69.7  69.3  59.5  50.0  26.9  15.0  43.5
 1997   10.8  21.8  34.4  42.6  52.6  70.5  73.8  70.0  63.7  51.5  30.2  27.1  45.7
 1998   20.9  32.8  30.2  48.6  64.8  66.3  73.6  72.6  67.9  52.6  39.0  26.9  49.7
 1999   14.5  29.9  34.9  48.0  60.1  67.7  76.0  70.3  60.6  48.2  42.4  25.7  48.2
 MEANS  15.4  21.6  32.5  47.2  59.3  68.9  73.2  71.0  61.7  49.9  34.3  21.4  46.4
 
 THESE ARE THE MONTHLY PRECIP TOTALS AND NUMBER OF MISSING DAYS 1951-1999 FOR STATION #1442
 YEAR    JAN   FEB  MARCH APRIL  MAY  JUNE  JULY AUGUST SEPT   OCT   NOV   DEC   ANN
  
 1951   0.19  3.47  2.43  4.16  4.32  5.91  3.89  7.84  3.51  1.88  0.48  0.79 38.87
           0     0     0     0     0     0     0     0     0     0     0     0     0
 1952   1.73  0.59  2.22  1.26  3.48  3.46  6.28  4.43  0.55  0.00  0.60  0.68 25.28
           0     0     0     0     0     0     0     0     0     0     0     0     0
 1953   0.70  1.38  2.96  3.60  3.46 11.52  4.94  4.93  0.52  0.37  1.68  1.25 37.31
           0     0     0     0     0     0     0     0     0     0     0     0     0
 1954   0.26  1.91  1.05  2.70  4.52  8.63  0.77  5.33  2.14  2.11  0.14  0.30 29.86
           0     0     0     0     0     0     0     0     0     0     0     0     0
 1955   0.34  0.99  0.75  2.88  1.15  1.64  4.44  0.11  1.86  1.46  0.21  0.81 16.64
           0     0     0     0     0     0     0     0     0     0     0     0     0
 1956   0.47  0.26  0.70  1.50  3.06  1.13  2.23  2.31  0.26  0.87  2.87  0.18 15.84
           0     0     0     0     0     0     0     0     0     0     0     0     0
 1957   0.26  0.28  1.20  0.64  3.87  7.33  6.04  3.39  4.16  3.99  2.58  0.43 34.17
           0     0     0     0     0     1     0     0     0     0     0     0     1
 1958   0.36  0.71  0.40  2.09  1.16  2.54  2.09  1.11  0.55  0.02  0.52  0.35 11.90
           0     0     0     0     1     0     0     0     0     0     0     0     1
 1959   0.26  1.23  1.47  1.91 11.51  4.94  1.49  7.02  3.24  2.72  1.44  1.68 38.91
           0     0     0     0     0     0     0     0     0     0     0     0     0
 1960   0.31  0.58  0.86  2.34  9.23  1.92  2.92  6.31  2.26  1.02  0.78  0.23 28.76
           0     0     0     0     0     0     0     0     0     0     0     0     0
 1961   0.10  1.15  2.88  0.84  4.10  5.83  4.57  3.98  3.70  2.20  0.76  0.82 30.93
           0     0     0     0     0     0     0     0     0     0     0     0     0
 1962   0.21  1.12  1.29  2.58  3.33  5.18  7.54  5.17  3.14  0.99  0.24  0.15 30.94
           0     0     0     0     0     0     0     0     0     0     0     0     0
 1963   0.37  0.51  1.36  1.64  2.62  2.51  4.18  2.83  2.63  1.57  0.03  0.47 20.72
           0     0     0     0     0     0     0     0     0     0     0     0     0
 1964   0.35  0.13  1.03  3.63  6.00  2.62  5.30  2.33  8.00  0.47  0.33  0.91 31.10
           0     0     0     0     0     0     0     0     0     0     0     0     0
 1965   0.29  1.58  1.87  3.55  6.00  2.02  1.40  2.52  9.32  0.73  0.60  0.74 30.62
           0     0     0     0     0     0     0     0     0     0     0     0     0
 1966   0.58  0.86  1.54  0.93  2.61  3.20  2.67  1.40  0.00  0.00  0.08  0.45 14.32
           0     0     0     0     0     0     0    19    30    31     0     0    80
 1967   0.75  0.12  0.46  2.66  2.95  9.64  1.34  2.63  0.95  0.99  0.12  0.44 23.05
           0     0     0     0     0     0     0     0     0     0     0     0     0
 1968   0.49  0.00  0.44  2.53  2.39  5.93  5.49  4.15  6.67  4.30  0.55  1.49 34.43
           0    29     0     0     0     0     0     0     0     0     0     0    29
 1969   1.18  1.73  0.66  1.08  2.31  8.19  3.22  4.44  1.76  2.14  0.28  1.54 28.53
           0     0     0    10     0     0     0     0     0     0     0     0    10
 1970   0.16  0.06  1.19  1.09  4.13  2.37  4.70  1.41  4.77  6.37  1.78  0.52 28.55
           0     0     0     0     0     0     0     0     0     0     0     0     0
 1971   0.08  2.46  0.62  0.82  2.23  7.21  2.96  0.66  1.04  3.80  1.82  0.47 24.17
           0     0     0     0     0     0     0     0     0     0     0     0     0
 1972   0.20  0.76  0.98  3.32  3.97  1.37  4.47  2.94  4.31  2.29  1.45  1.56 27.62
           0     0     0     0     0     0     0     0     0     0     0     0     0
 1973   0.52  0.67  2.21  1.19  4.04  1.76  5.05  1.76  5.12  1.88  3.05  0.76 28.01
           0     0     0     0     0     0     0     0     0     0     0     0     0
 1974   0.13  0.05  1.17  1.44  3.35  4.68  1.67  5.40  0.94  1.00  0.45  0.22 20.50
           0     0     0     0     0     0     0     0     0     0     0     0     0
 1975   1.72  0.47  1.59  5.82  3.62  5.38  0.41  4.56  1.41  0.27  3.31  0.50 29.06
           0     0     0     0     0     0     0     0     0     0     0     0     0
 1976   0.09  0.80  3.74  1.15  3.58  1.51  0.77  0.41  2.12  0.57  0.00  0.41 15.15
           0     0     0     0     0     0     0     0     0     0     0     0     0
 1977   0.19  0.50  4.21  2.83  3.64  4.55  4.55  3.62  3.80  3.34  2.68  0.39 34.30
           0     0     0     0     0     0     0     0     0     0     0     0     0
 1978   0.42  0.81  0.31  3.24  2.05  3.94  7.05  5.94  3.07  0.70  1.26  0.61 29.40
           0     0     0     0     0     0     0     0     0     0     0     0     0
 1979   0.99  0.35  3.35  2.56  2.79  3.66  4.74  8.65  1.87  4.37  2.48  0.38 36.19
           0     0     2     0     0     0     0     0     0     0     0     0     2
 1980   1.12  0.64  0.97  1.12  3.10  1.68  2.56  7.41  3.02  1.46  0.04  0.31 23.43
           0     0     0     0     0     0     0     0     0     0     0     0     0
 1981   0.00  0.47  1.81  1.00  3.49  5.39  4.71  3.31  1.43  2.88  0.61  1.08 26.18
           0     0     0     0     0     0     0     0     0     0     0     0     0
 1982   1.36  0.29  1.35  0.88  7.21  1.16  5.81  2.33  5.00  3.97  2.72  2.53 34.61
           0     0     0     0     0     0     0     0     0     0     0     0     0
 1983   0.50  0.94  4.90  2.72  3.95 12.88  3.09  1.59  4.28  1.65  4.54  0.48 41.52
           0     0     0     0     0     0     0     0     0     0     0     0     0
 1984   0.20  1.03  1.27  7.12  4.75  6.99  2.73  1.39  0.48  4.45  2.42  2.30 35.13
           0     0     0     0     0     0     0     0     0     0     0     0     0
 1985   0.23  0.04  3.46  6.16  5.09  2.48  0.60  5.01  4.78  1.82  1.24  1.08 31.99
           0     0     0     0     0     0     0     0     0     0     0     0     0
 1986   0.09  0.45  2.46  6.13  3.96  3.97  2.62  1.75  5.19  4.21  1.06  0.40 32.29
           0     0     0     0     0     0     0     0     0     0     0     0     0
 1987   0.23  0.08  4.02  0.83  3.60  2.97 10.45  5.02  5.08  0.51  1.19  0.82 34.80
           0     0     0     0     0     0     0     0     0     0     0     0     0
 1988   0.90  0.39  0.39  2.54  2.34  3.92  2.08  6.65  5.09  0.48  2.33  0.64 27.75
           0     0     0     0     0     0     0     0     0     0     0     0     0
 1989   0.80  0.28  1.14  1.80  1.63  2.38  3.78  1.65  5.45  0.31  0.23  0.19 19.64
           0     0     0     0     0     0     0     0     0     0     0     0     0
 1990   0.40  0.20  2.50  2.06  6.18  7.54  4.49  1.22  1.78  2.01  0.62  1.17 30.17
           0     0     0     0     0     0     0     0     0     0     0     0     0
 1991   0.45  0.44  3.19  3.81  4.63  4.20  4.95  2.80  3.23  0.82  4.39  0.81 33.72
           0     0     0     0     0     0     0     0     0     0     0     0     0
 1992   0.79  0.57  3.33  2.86  3.84  2.34  7.39  5.45  1.96  4.46  1.78  1.10 35.87
           0     0     0     0     0     0     0     0     0     0     0     0     0
 1993   0.83  1.42  1.48  3.90  5.13  5.34  5.32  7.25  2.21  1.54  1.11  1.15 36.68
           0     0     0     0     0     0     0     0     0     0     0     0     0
 1994   1.54  0.78  0.04  1.94  1.83  6.49  4.08  2.39  5.23  1.16  1.90  1.13 28.51
           0     0     0     0     0     0     0     0     0     0     0     0     0
 1995   0.42  0.25  2.12  4.42  4.97  4.28  1.38  3.30  4.70  1.61  0.38  0.17 28.00
           0     0     0     0     0     0     0     0     0     0     0     0     0
 1996   1.13  0.09  1.66  0.72  3.40  6.39  2.47  5.10  3.18  1.42  2.40  0.86 28.82
           0     0     0     0     0     0     0     0     0     0     0     0     0
 1997   0.84  0.30  0.61  2.25  3.01  5.61  3.24  1.16  3.27  1.15  0.64  0.21 22.29
           0     0     0     0     0     0     0     0     0     0     0     0     0
 1998   0.90  0.65  2.22  3.69  3.55  6.38  3.64  3.23  1.83  2.25  0.89  0.20 29.43
           0     0     0     0     0     0     0     0     0     0     0     0     0
 1999   0.74  0.45  0.55  5.04  2.36  6.36  4.34  0.67  0.76  0.46  0.35  0.41 22.49
           0     0     0     0     0     0     0     0     0     0     0     0     0
 
 MEANS  0.55  0.72  1.72  2.59  3.87  4.68  3.81  3.60  3.09  1.86  1.29  0.75 28.54
 PRECIPITATION MEANS AND TOTALS ARE BASED ON DATA AVAILABLE
 NO ATTEMPT WAS MADE TO ESTIMATE MISSING PRECIPITATION DATA
 *****************************************************************************************
 *****************************************************************************************
 
 THESE ARE THE MONTHLY HEATING DEGREE DAYS 1951-1999 FOR STATION #1442
 YEAR    JAN    FEB   MARCH  APRIL   MAY    JUNE   JULY  AUGUST  SEPT   OCT   NOV   DEC
 
 1951  1544.0 1122.0 1271.5  680.5  148.5   90.0   18.5   14.5  219.5  463.5 1045.0 1463.0
 1952  1491.5 1027.0 1090.0  487.0  240.5   10.5    6.5    7.0  103.5  542.0  857.5 1277.5
 1953  1432.0 1161.5  925.5  685.5  230.0   24.5    5.0    4.5  118.5  281.5  773.5 1190.5
 1954  1545.5  810.5 1073.0  443.5  345.5   47.0    0.0    4.0   87.0  482.5  690.0 1160.0
 1955  1380.5 1378.0 1066.5  279.5  101.0   68.0    0.0    5.0  124.5  366.5 1081.0 1492.0
 1956  1499.5 1330.5  997.0  623.0  187.0   15.0    2.5   26.5  140.0  242.5  906.5 1181.0
 1957  1645.5 1046.5  945.5  525.5  245.5   44.5    0.0   15.0  193.0  533.0  901.0 1037.5
 1958  1269.5 1336.5  995.0  504.0  155.5   96.5   24.5   26.0  106.5  360.5  827.5 1407.5
 1959  1580.5 1313.0  927.0  483.5  179.5   28.5   11.5    2.5  178.0  551.5 1152.5 1030.5
 1960  1480.0 1350.5 1412.5  497.0  208.0   42.0    7.5    2.5  157.0  427.0  807.5 1291.5
 1961  1430.5 1114.5  923.0  668.5  300.5   56.0    3.0    9.5  209.0  410.0  918.5 1463.5
 1962  1617.0 1270.5 1191.5  547.0  113.0   44.0   17.0   10.0  201.5  378.5  748.5 1269.5
 1963  1740.5 1268.5  813.5  424.0  229.0    7.5    0.0   28.0   76.5  181.5  716.5 1563.5
 1964  1222.5 1069.0 1103.5  478.0  111.0   33.5    0.0   53.0  169.0  436.5  792.5 1450.5
 1965  1519.0 1356.5 1336.5  533.5  117.0   14.5    1.5   30.0  285.0  360.0  855.0 1060.0
 1966  1674.5 1214.0  773.0  630.0  264.5   49.0    0.0   25.0  163.0  411.5  966.5 1402.5
 1967  1509.0 1353.0  856.5  509.0  380.0   34.5   29.5   53.0  203.0  569.5  965.5 1275.5
 1968  1528.0 1307.0  819.5  508.5  354.5   60.0   13.5   24.5  171.5  470.0  934.5 1428.0
 1969  1718.0 1264.5 1343.0  493.0  206.5  119.5    1.5    0.0  126.0  620.0  902.0 1376.0
 1970  1846.0 1238.0 1146.0  538.0  187.0   39.0   17.5   10.0  197.0  533.5  936.0 1425.0
 1971  1666.0 1292.0 1092.0  491.0  273.5   13.5   29.0   28.0  195.5  364.0  897.0 1345.5
 1972  1666.5 1529.5  999.5  606.5  214.5   49.0   35.0   35.0  200.0  629.0  962.5 1575.5
 1973  1462.5 1218.5  762.5  548.5  309.5   20.5    1.5    6.0  166.0  364.5  860.0 1447.0
 1974  1618.0 1146.5  929.5  505.0  244.0   79.0    1.5   38.5  261.0  483.5  896.0 1290.5
 1975  1503.5 1371.0 1302.0  700.0  163.0   51.5   11.0    0.0  249.0  420.0  829.5 1273.0
 1976  1445.0  973.0  946.5  380.0  261.5   25.5    1.5    8.5  149.0  653.0 1081.5 1500.5
 1977  1835.5 1098.5  798.5  351.5   36.5    8.0    0.0   28.0   97.0  514.0  938.5 1427.0
 1978  1870.0 1559.5 1086.0  518.0  221.5   60.5    8.5   15.0   82.0  508.5 1001.0 1528.5
 1979  1945.5 1634.5 1136.5  627.0  316.0   53.5    2.0   29.5  114.0  503.0  960.5 1149.5
 1980  1405.0 1348.5 1063.0  495.0  202.5   30.5    0.0    6.5  138.5  566.5  809.5 1326.0
 1981  1336.0 1101.0  876.0  353.5  249.5   18.0   10.5   19.5  126.0  563.5  788.5 1416.5
 1982  1884.0 1337.0 1026.5  625.5  164.0   95.0    0.0   27.0  174.0  466.5 1003.0 1259.5
 1983  1387.0 1105.5 1000.0  731.0  322.5   57.0    0.0    0.0  187.5  487.5  853.0 1880.0
 1984  1431.0 1036.5 1171.0  585.0  278.5    9.5    2.5   10.0  215.0  434.0  870.0 1299.5
 1985  1586.0 1288.0  770.5  399.5  118.5   72.5    5.0   36.5  235.5  513.5 1199.5 1756.5
 1986  1353.0 1291.0  859.5  454.5  187.5   10.5    0.0   46.5  122.0  459.5 1055.5 1260.5
 1987  1306.5  890.0  845.0  443.5  100.0   19.5    4.5   59.0  116.5  644.5  765.0 1190.0
 1988  1667.5 1439.0  867.0  592.5   71.5    6.5    5.5   24.5  132.5  631.5  900.0 1323.5
 1989  1206.5 1476.5 1063.0  547.0  254.0   62.0    1.0   12.5  195.0  488.5 1041.0 1696.0
 1990  1180.0 1136.0  876.5  595.5  306.0   45.5   14.0   11.5  123.0  537.0  818.0 1504.5
 1991  1655.0 1043.0  885.0  470.5  197.0   10.5    6.0    6.5  198.5  558.0 1215.5 1265.5
 1992  1197.0 1001.5  868.5  655.5  218.0   44.5   34.5   72.0  185.0  495.0  998.5 1337.5
 1993  1594.5 1390.5 1137.5  651.0  268.0   81.5    1.5   19.0  264.5  568.5 1027.5 1312.0
 1994  1809.5 1482.5  896.5  555.5  210.0   15.0   12.0   27.5  122.0  406.0  834.0 1305.0
 1995  1498.0 1146.5  964.0  680.0  321.5   58.5   14.0    6.5  232.5  510.0 1085.5 1265.0
 1996  1613.0 1235.5 1171.5  644.5  329.0   44.5    6.0    6.0  224.5  466.0 1144.0 1550.0
 1997  1681.5 1210.0  950.0  673.0  389.5    3.0   12.5   25.0  117.0  457.5 1043.5 1174.0
 1998  1366.0  902.0 1081.0  492.0   95.0   94.5    0.5    0.5   47.0  385.5  780.0 1180.0
 1999  1565.0  983.0  933.0  511.0  180.5   65.5    0.0    5.5  193.5  524.5  678.0 1218.5
 *****************************************************************************************
 MEANS 1571.0 1249.9 1028.4  550.1  224.8   44.2    7.9   20.0  168.2  483.2  939.5 1381.2
 
 THESE ARE THE MONTHLY COOLING DEGREE DAYS 1951-1999 FOR STATION #1442
 YEAR    JAN   FEB  MARCH APRIL  MAY  JUNE  JULY AUGUST SEPT   OCT   NOV   DEC   ANN
 
 1951    0.0   0.0   0.0   2.0  27.5  52.5 203.5 164.5  12.5  17.5   0.0   0.0
 1952    0.0   0.0   0.0   5.0  27.5 254.0 272.0 157.0  97.5   0.0   0.0   0.0
 1953    0.0   0.0   0.0   0.0  46.0 248.0 281.0 244.0  69.5  29.5   0.0   0.0
 1954    0.0   0.0   0.0  12.0  20.0 215.5 328.0 182.0  76.5   0.0   0.0   0.0
 1955    0.0   0.0   0.0   6.5  51.5 107.5 417.0 372.0 125.5   9.5   0.0   0.0
 1956    0.0   0.0   0.0   0.0  69.0 331.0 211.0 271.5  61.5  18.0   0.0   0.0
 1957    0.0   0.0   0.0   4.5  18.5 104.0 377.5 205.5  15.5   0.0   0.0   0.0
 1958    0.0   0.0   0.0   2.5  47.5  76.0 144.5 274.0 100.5  21.0   0.0   0.0
 1959    0.0   0.0   0.0   0.0  59.0 214.0 194.5 318.0  93.5   0.0   0.0   0.0
 1960    0.0   0.0   0.0  15.5  15.0  62.0 213.0 215.0 101.5   8.5   0.0   0.0
 1961    0.0   0.0   0.0   3.0  20.0 123.5 189.0 192.5  64.5   1.5   0.0   0.0
 1962    0.0   0.0   0.0   6.5  81.5  88.0 191.0 177.5  30.5  26.0   0.0   0.0
 1963    0.0   0.0   0.0   4.5  37.0 240.0 283.0 191.0  75.5  24.0   0.0   0.0
 1964    0.0   0.0   0.0   2.5  77.5 160.0 327.0 139.5  88.0   0.0   0.0   0.0
 1965    0.0   0.0   0.0   3.0  78.5 133.5 252.0 205.5   9.5  11.5   0.0   0.0
 1966    0.0   0.0   0.0   3.0  32.0 125.5 375.5 139.0  25.0   8.0   0.0   0.0
 1967    0.0   0.0   0.0   0.0  50.0 113.5 206.0 134.5  12.0   0.0   0.0   0.0
 1968    0.0   0.0   0.0   5.5   7.5 194.5 222.5 206.5  24.0  17.0   0.0   0.0
 1969    0.0   0.0   0.0   0.0  60.5  59.0 269.0 202.0  32.0   8.0   0.0   0.0
 1970    0.0   0.0   0.0  13.5  88.5 202.5 261.5 200.5  95.5   7.0   0.0   0.0
 1971    0.0   0.0   0.0   4.0   3.5 260.0 168.0 168.5  65.5  23.0   0.0   0.0
 1972    0.0   0.0   0.0   0.0  62.5 126.0 182.0 194.0  45.0   0.0   0.0   0.0
 1973    0.0   0.0   0.0   0.0  22.5 183.0 244.0 254.0  38.5  11.5   0.0   0.0
 1974    0.0   0.0   0.0   4.0  23.5 115.0 362.5 109.5  21.5   2.0   0.0   0.0
 1975    0.0   0.0   0.0   0.0  76.5 129.0 316.0 262.0  41.5  13.0   0.0   0.0
 1976    0.0   0.0   0.0  15.5  32.0 178.0 311.0 265.0  83.0   4.5   0.0   0.0
 1977    0.0   0.0   0.0  30.0 125.5 179.5 333.5 124.5  44.0   0.0   0.0   0.0
 1978    0.0   0.0   0.0   0.0  53.0 171.5 259.0 211.0 148.5   0.0   0.0   0.0
 1979    0.0   0.0   0.0   2.0  34.0 160.5 259.0 189.0  83.5   0.0   0.0   0.0
 1980    0.0   0.0   0.0  19.5  55.5 184.0 340.0 230.5  77.0   2.0   0.0   0.0
 1981    0.0   0.0   0.0  13.5  11.0 169.5 276.5 158.0  43.5   0.0   0.0   0.0
 1982    0.0   0.0   0.0   0.0  31.0  52.0 291.5 185.0  57.0   6.0   0.0   0.0
 1983    0.0   0.0   0.0   0.0   9.5 141.0 370.0 385.0 106.5  12.5   0.0   0.0
 1984    0.0   0.0   0.0   1.5  17.5 189.5 260.5 288.0  57.5   0.5   0.0   0.0
 1985    0.0   0.0   0.0  35.0  58.0 102.0 206.5 108.0 111.5   0.0   0.0   0.0
 1986    0.0   0.0   0.0   0.5  25.0 208.0 328.0  99.0  41.0   0.0   0.0   0.0
 1987    0.0   0.0   0.0  19.5  96.0 239.5 330.0 179.5  34.0   0.0   0.0   0.0
 1988    0.0   0.0   0.0   0.0  87.5 276.5 272.0 310.5  50.0   0.0   0.0   0.0
 1989    0.0   0.0   0.0  21.5  36.0 130.5 334.5 201.5  59.5   2.5   0.0   0.0
 1990    0.0   0.0   0.0  28.0  10.0 194.5 229.0 213.5 148.0   6.0   0.0   0.0
 1991    0.0   0.0   0.0  18.5 129.0 230.5 243.0 201.5  97.0   2.0   0.0   0.0
 1992    0.0   0.0   0.0   0.0  50.5  86.0  84.5  85.5  35.5   1.5   0.0   0.0
 1993    0.0   0.0   0.0   0.0  12.5  95.0 197.0 206.0  11.0  10.5   0.0   0.0
 1994    0.0   0.0   0.0  16.5  87.0 192.0 145.5 137.0  89.0   3.5   0.0   0.0
 1995    0.0   0.0   0.0   0.0   0.0 177.0 269.0 341.0  41.5   9.5   0.0   0.0
 1996    0.0   0.0   0.0   0.0  37.0 193.5 152.5 138.0  61.0   2.0   0.0   0.0
 1997    0.0   0.0   0.0   0.0   6.5 169.0 285.0 178.5  78.0  40.5   0.0   0.0
 1998    0.0   0.0   2.5   0.0  89.0 133.0 268.0 237.5 133.5   0.5   0.0   0.0
 1999    0.0   0.0   0.0   0.0  28.0 146.0 340.5 169.0  61.0   2.5   0.0   0.0
 *****************************************************************************************
 MEANS   0.0   0.0   0.1   6.6  46.3 164.8 267.9 208.6  66.1   7.6   0.0   0.0
 
 THESE ARE THE HEAT STRESS VARIABLES 1951-1999 FOR STATION #1442
             # OF DAYS MAXT >86                           HEAT INDEX
 YEAR   MAY  JUNE  JULY   AUG  SEPT  TOTAL     MAY    JUNE   JULY   AUG    SEPT  TOTAL
 1951   0.0   0.0   8.0   2.0   0.0   10.0      0.0    0.0   21.0    9.0    0.0   30.0
 1952   2.0  13.0  16.0   5.0   7.0   43.0      5.0   72.0   59.0   11.0   17.0  164.0
 1953   2.0  12.0  14.0  11.0   4.0   43.0      3.0   62.0   59.0   51.0   20.0  195.0
 1954   0.0   8.0  22.0   2.0   3.0   35.0      0.0   27.0  103.0    9.0    3.0  142.0
 1955   3.0   4.0  21.0  24.0  11.0   63.0      5.0   15.0  154.0  230.0   68.0  472.0
 1956   4.0  20.0  14.0  18.0   9.0   65.0      8.0  180.0   73.0  122.0   41.0  424.0
 1957   0.0   5.0  16.0  10.0   1.0   32.0      0.0   11.0   99.0   35.0    2.0  147.0
 1958   1.0   6.0   3.0  20.0   3.0   33.0      4.0   26.0   10.0  120.0   18.0  178.0
 1959   2.0  10.0   8.0  17.0   5.0   42.0      9.0   42.0   23.0   73.0   16.0  163.0
 1960   0.0   0.0  10.0  10.0   7.0   27.0      0.0    0.0   44.0   34.0   31.0  109.0
 1961   0.0   7.0  12.0  11.0   2.0   32.0      0.0   22.0   35.0   43.0    4.0  104.0
 1962   3.0   3.0   9.0   8.0   1.0   24.0      4.0    3.0   22.0   21.0    2.0   52.0
 1963   2.0  16.0  17.0  12.0   3.0   50.0      4.0   63.0   60.0   38.0    8.0  173.0
 1964   6.0   9.0  23.0   7.0   4.0   49.0     16.0   24.0  114.0   35.0   14.0  203.0
 1965   3.0   4.0  15.0  14.0   0.0   36.0      7.0   13.0   71.0   81.0    0.0  172.0
 1966   4.0   7.0  20.0   9.0   0.0   40.0      8.0   24.0  159.0   20.0    0.0  211.0
 1967   4.0   1.0  11.0   6.0   1.0   23.0     28.0    1.0   42.0   17.0    1.0   89.0
 1968   2.0  11.0  10.0  10.0   0.0   33.0      3.0   54.0   38.0   67.0    0.0  162.0
 1969   2.0   1.0  11.0   9.0   0.0   23.0      9.0    9.0   56.0   22.0    0.0   96.0
 1970   6.0  13.0  15.0  13.0   7.0   54.0     21.0   54.0   74.0   64.0   33.0  246.0
 1971   0.0  13.0   7.0  10.0   3.0   33.0      0.0   65.0   28.0   43.0   23.0  159.0
 1972   3.0   7.0   8.0  12.0   3.0   33.0      4.0   26.0   35.0   77.0   10.0  152.0
 1973   1.0  12.0  10.0  16.0   1.0   40.0      5.0   60.0   42.0   59.0    1.0  167.0
 1974   1.0   7.0  23.0   3.0   0.0   34.0      2.0   42.0  167.0    9.0    0.0  220.0
 1975   4.0   5.0  22.0  11.0   2.0   44.0     19.0   15.0  114.0   53.0   10.0  211.0
 1976   3.0  12.0  21.0  18.0   9.0   63.0     10.0   56.0  134.0  133.0   43.0  376.0
 1977   7.0   9.0  16.0   5.0   2.0   39.0     17.0   54.0  111.0   16.0    5.0  203.0
 1978   3.0  12.0  15.0  10.0  11.0   51.0     10.0   52.0   76.0   55.0   55.0  248.0
 1979   3.0  11.0  13.0  10.0   5.0   42.0     11.0   41.0   52.0   49.0   15.0  168.0
 1980   4.0  12.0  21.0  12.0   7.0   56.0     14.0   68.0  179.0   53.0   29.0  343.0
 1981   0.0  10.0  14.0   7.0   6.0   37.0      0.0   46.0   69.0   15.0   27.0  157.0
 1982   0.0   2.0  13.0   5.0   2.0   22.0      0.0    7.0   56.0   28.0    3.0   94.0
 1983   1.0   8.0  21.0  24.0   5.0   59.0      4.0   29.0  112.0  150.0   33.0  328.0
 1984   0.0   5.0  13.0  17.0   3.0   38.0      0.0   17.0   43.0   84.0   20.0  164.0
 1985   2.0   6.0  16.0   5.0   5.0   34.0      2.0   32.0   57.0   14.0   18.0  123.0
 1986   0.0  12.0  17.0   3.0   0.0   32.0      0.0   44.0   88.0   14.0    0.0  146.0
 1987   6.0  15.0  18.0   8.0   1.0   48.0     33.0   94.0   89.0   37.0    1.0  254.0
 1988   5.0  15.0  15.0  15.0   4.0   54.0     15.0  109.0   82.0  147.0   11.0  364.0
 1989   4.0   8.0  16.0   6.0   1.0   35.0     14.0   33.0  114.0   19.0    6.0  186.0
 1990   1.0  10.0  10.0   9.0  10.0   40.0      2.0   53.0   52.0   36.0   41.0  184.0
 1991   4.0  11.0  10.0  11.0   2.0   38.0      9.0   52.0   59.0   44.0    5.0  169.0
 1992   2.0   3.0   1.0   2.0   0.0    8.0      9.0    5.0    2.0    7.0    0.0   23.0
 1993   0.0   6.0   2.0   6.0   1.0   15.0      0.0   14.0    7.0   16.0    2.0   39.0
 1994   4.0   6.0   2.0   6.0   3.0   21.0     16.0   25.0    3.0   23.0   13.0   80.0
 1995   0.0  11.0  13.0  19.0   1.0   44.0      0.0   49.0   84.0   89.0    1.0  223.0
 1996   2.0  11.0   5.0   1.0   0.0   19.0     14.0   52.0   15.0    3.0    0.0   84.0
 1997   1.0   7.0  13.0   9.0   2.0   32.0      1.0   27.0   52.0   25.0    8.0  113.0
 1998   3.0   7.0   9.0   8.0   9.0   36.0     11.0   19.0   28.0   26.0   37.0  121.0
 1999   1.0   8.0  19.0   8.0   4.0   40.0      2.0   18.0   91.0   21.0   12.0  144.0
 *****************************************************************************************
 MEANS  2.3   8.5  13.7  10.3   3.5   38.3      7.4   39.5   69.5   50.7   14.6  181.7
