 
 THIS IS FOR STATION NUMBER 1833 1951-> 1999
                                 # OF PRECIPITATION EVENTS - % IN PARENS
 CL                   MAX   MEAN  0.01-  0.26-  0.51-  1.01-          # OF DAYS
 WK    TIME PERIOD    VAL   RAIN    0.25   0.51   1.00   2.00  >2.01 MISSING TOTAL
  1 3/1-->3/7        1.82   0.47  44(57) 17(22) 15(19)  1( 1)  0( 0)    0       77
  2 3/8-->3/14       1.37   0.46  38(52) 21(28)  8(10)  6( 8)  0( 0)    0       73
  3 3/15-->3/21      2.32   0.50  43(58) 15(20) 12(16)  3( 4)  1( 1)    0       74
  4 3/22-->3/28      1.64   0.48  52(68)  6( 7) 13(17)  5( 6)  0( 0)    0       76
  5 3/29-->4/4       1.58   0.64  55(58) 19(20) 11(11)  9( 9)  0( 0)    0       94
  6 4/5-->4/11       1.95   0.48  63(67) 18(19)  9( 9)  4( 4)  0( 0)    1       94
  7 4/12-->4/18      2.66   0.90  60(51) 29(25) 18(15)  5( 4)  4( 3)    2      116
  8 4/19-->4/25      4.25   0.78  67(58) 25(21) 15(13)  6( 5)  1( 0)    0      114
  9 4/26-->5/2       1.97   1.01  54(48) 22(19) 18(16) 18(16)  0( 0)    0      112
 10 5/3-->5/9        2.68   0.94  70(52) 33(24) 21(15)  8( 6)  1( 0)    0      133
 11 5/10-->5/16      3.40   0.87  53(51) 20(19) 22(21)  6( 5)  2( 1)    1      103
 12 5/17-->5/23      2.10   1.09  49(39) 30(24) 34(27)  9( 7)  1( 0)    0      123
 13 5/24-->5/30      3.08   1.15  61(49) 23(18) 26(20) 12( 9)  2( 1)    0      124
 14 5/31-->6/6       2.78   0.80  55(50) 24(22) 23(21)  5( 4)  1( 0)    6      108
 15 6/7-->6/13       2.08   1.11  60(50) 18(15) 27(22) 13(10)  2( 1)    7      120
 16 6/14-->6/20      2.90   1.11  42(40) 21(20) 26(24) 13(12)  3( 2)    7      105
 17 6/21-->6/27      4.85   1.08  46(43) 21(20) 25(23) 10( 9)  3( 2)    9      105
 18 6/28-->7/4       2.15   1.02  43(45) 18(18) 16(16) 17(17)  1( 1)    4       95
 19 7/5-->7/11       2.50   1.08  42(42) 19(19) 17(17) 19(19)  2( 2)    0       99
 20 7/12-->7/18      2.98   0.95  44(48) 15(16) 15(16) 14(15)  3( 3)    2       91
 21 7/19-->7/25      3.06   1.03  49(51) 13(13) 13(13) 15(15)  5( 5)    0       95
 22 7/26-->8/1       3.73   0.78  34(44) 19(24) 14(18)  8(10)  2( 2)    0       77
 23 8/2-->8/8        3.72   1.22  54(48) 22(19) 16(14) 15(13)  5( 4)    0      112
 24 8/9-->8/15       3.90   0.82  54(55) 18(18) 15(15)  9( 9)  2( 2)    2       98
 25 8/16-->8/22      2.50   0.82  47(49) 20(21) 15(15) 12(12)  1( 1)    0       95
 26 8/23-->8/29      5.96   1.04  47(52) 14(15) 15(16)  8( 8)  6( 6)    0       90
 27 8/30-->9/5       3.40   1.22  43(40) 23(21) 24(22) 13(12)  4( 3)    1      107
 28 9/6-->9/12       4.30   1.07  38(48) 13(16) 11(13)  9(11)  8(10)    1       79
 29 9/13-->9/19      4.50   1.13  43(47) 17(18) 15(16)  8( 8)  8( 8)    0       91
 30 9/20-->9/26      2.71   0.83  50(52) 17(17) 17(17) 10(10)  1( 1)    0       95
 31 9/27-->10/3      1.42   0.46  38(54) 16(22) 14(20)  2( 2)  0( 0)    0       70
 32 10/4-->10/10     1.61   0.57  48(59) 13(16) 15(18)  5( 6)  0( 0)    0       81
 33 10/11-->10/17    3.42   0.61  31(48) 13(20) 12(18)  7(10)  1( 1)    0       64
 34 10/18-->10/24    3.30   0.57  43(56) 17(22) 11(14)  3( 3)  2( 2)    0       76
 35 10/25-->10/31    2.00   0.47  35(53) 15(23)  8(12)  6( 9)  1( 1)    0       65
 36 11/1-->11/7      1.85   0.63  46(61)  9(12)  7( 9) 13(17)  0( 0)    2       75
 37 11/8-->11/14     1.97   0.38  32(58) 10(18) 10(18)  3( 5)  0( 0)    1       55
 38 11/15-->11/21    2.07   0.47  33(51) 13(20) 13(20)  4( 6)  1( 1)    0       64
 39 11/22-->11/28    1.40   0.22  34(69)  9(18)  5(10)  1( 2)  0( 0)    0       49
 40 11/29-->12/5     1.55   0.30  40(68)  9(15)  5( 8)  4( 6)  0( 0)    3       58
 41 12/6-->12/12     1.46   0.24  44(73) 11(18)  3( 5)  2( 3)  0( 0)    0       60
 42 12/13-->12/19    1.52   0.22  34(70)  8(16)  5(10)  1( 2)  0( 0)    4       48
 43 12/20-->12/26    1.56   0.17  28(66) 11(26)  2( 4)  1( 2)  0( 0)    2       42
 44 12/27-->1/2      1.75   0.26  35(70)  7(14)  7(14)  1( 2)  0( 0)    9       50
 45 1/3-->1/9        1.10   0.15  27(65) 12(29)  1( 2)  1( 2)  0( 0)   29       41
 46 1/10-->1/16      1.74   0.20  28(71)  6(15)  3( 7)  2( 5)  0( 0)   29       39
 47 1/17-->1/23      2.60   0.23  37(71) 12(23)  2( 3)  0( 0)  1( 1)   29       52
 48 1/24-->1/30      0.79   0.13  38(80)  6(12)  3( 6)  0( 0)  0( 0)   28       47
 49 1/31-->2/6       1.80   0.22  43(78)  8(14)  2( 3)  2( 3)  0( 0)   17       55
 50 2/7-->2/13       0.51   0.13  36(80)  8(17)  1( 2)  0( 0)  0( 0)   15       45
 51 2/14-->2/20      1.84   0.29  47(73) 10(15)  4( 6)  3( 4)  0( 0)   13       64
 52 2/21-->2/27      1.18   0.24  44(74) 11(18)  3( 5)  1( 1)  0( 0)    7       59
 53 2/28-->2/29      0.33   0.02   8(88)  1(11)  0( 0)  0( 0)  0( 0)    1        9
 ANNUAL TOTALS       5.96   2329(54)825(19)662(15)352( 8) 75( 1)  232     4243
 
 THESE ARE THE MONTHLY AVERAGES FOR 1951-->1999 FOR STATION NUMBER 1833
   JAN  FEB  MAR  APR  MAY  JUN  JUL  AUG  SPT  OCT  NOV  DEC  ANNUAL
   0.77 0.87 2.19 3.26 4.42 4.49 4.30 4.38 4.16 2.35 1.82 1.02 34.03  <-- PRECIP
  
   20.7 26.5 36.9 50.6 61.8 71.4 76.2 73.9 65.1 53.7 38.7 26.4  54.8  <-- TEMP
 
 TWELVE SIGNIFICANT RAINFALL EVENTS  
 MONTH  DAY  YEAR   AMOUNT
   8     26  1987     5.96
   6     26  1966     4.85
   9     15  1992     4.50
   9      8  1989     4.30
   4     21  1974     4.25
   9     12  1972     4.00
   9     19  1986     4.05
   8      9  1977     3.90
   8     28  1977     3.75
   8      8  1987     3.72
   7     26  1990     3.73
   8     29  1975     3.47
 
 GROWING DEGREE DAYS FOR 4 BASE TEMPS FOR STATION NUMBER  1833
               MARCH                       APRIL  
     ****************************  *************************** 
 YEAR  40-86  48-86  50-86  52-86   40-86  48-86  50-86  52-86  
     ****************************  *************************** 
 1951     78     33     25     19    255    136    114     93
 1952     97     48     39     33    380    239    211    183
 1953    167     83     66     51    280    149    122    100
 1954    119     43     31     21    524    340    299    263
 1955    162     88     74     61    556    365    327    292
 1956    183     96     79     67    367    236    211    186
 1957    138     63     53     44    367    215    186    162
 1958     70     22     14      8    364    210    179    149
 1959    163     83     69     57    351    210    183    159
 1960     29     12      9      6    406    253    221    191
 1961    119     46     36     27    278    154    132    112
 1962     99     51     42     33    385    238    206    177
 1963    219    126    111     97    461    282    243    207
 1964    127     63     50     38    436    263    227    195
 1965     25      5      4      3    326    191    165    143
 1966    249    146    124    105    298    182    156    132
 1967    233    150    133    116    403    247    214    183
 1968    293    187    166    146    387    244    212    181
 1969     82     45     39     34    353    215    186    160
 1970     95     38     29     23    383    253    225    198
 1971    111     57     46     36    446    296    266    237
 1972    189    106     90     75    338    209    181    157
 1973    169     66     51     37    294    167    142    119
 1974    211    117     99     82    402    265    234    204
 1975     80     42     35     29    307    180    156    134
 1976    170     99     83     68    450    289    253    219
 1977    230    131    111     92    505    337    300    267
 1978    114     67     57     47    326    196    171    148
 1979    112     48     36     27    309    179    151    127
 1980     90     41     32     25    371    239    212    186
 1981    236    132    111     92    490    340    307    275
 1982    128     57     45     34    314    201    178    156
 1983    144     82     71     61    211    113     96     81
 1984     64     13      8      5    273    138    113     90
 1985    232    130    108     88    484    321    284    250
 1986    258    160    138    119    430    279    247    217
 1987    220    127    109     91    426    276    247    220
 1988    226    141    122    103    366    238    209    181
 1989    188    122    107     92    447    297    263    230
 1990    194     98     81     66    350    207    177    149
 1991    235    140    118     98    402    244    213    183
 1992    252    129    108     89    299    169    145    125
 1993    102     49     40     33    260    153    132    113
 1994    226    130    112     96    375    245    219    194
 1995    205    123    107     91    267    158    134    112
 1996    130     60     47     37    312    193    169    147
 1997    202    102     82     67    264    155    132    111
 1998    112     62     53     45    332    188    160    134
 1999    163     88     70     55    345    193    167    142
     ****************************  *************************** 
 MEAN  158.2   84.9   71.1   58.8  366.6  226.5  197.7  171.1
 STDV   65.2   44.0   39.2   34.4   76.8   59.7   55.4   51.0
 
               MAY                         JUNE   
     ****************************  *************************** 
 YEAR  40-86  48-86  50-86  52-86   40-86  48-86  50-86  52-86  
     ****************************  *************************** 
 1951    679    461    410    360    753    520    463    409
 1952    636    420    371    324   1030    790    731    672
 1953    618    411    366    325   1001    761    702    643
 1954    549    358    317    280    966    728    669    612
 1955    751    511    455    407    829    593    537    483
 1956    743    521    471    425    980    745    687    629
 1957    615    394    346    302    864    626    567    510
 1958    718    495    446    398    823    588    532    477
 1959    712    482    430    379    926    686    626    568
 1960    625    415    369    326    815    576    518    462
 1961    572    363    320    277    867    628    571    518
 1962    885    641    581    525    886    646    587    531
 1963    690    461    406    357   1001    761    701    641
 1964    799    559    506    453    878    641    585    530
 1965    793    562    508    454    854    618    559    501
 1966    572    388    352    317    845    611    557    503
 1967    517    342    306    271    831    591    533    478
 1968    517    327    291    257    907    667    610    553
 1969    659    449    402    356    746    523    472    423
 1970    758    534    483    436    872    632    573    515
 1971    528    342    301    261   1008    768    708    648
 1972    643    430    384    341    844    614    558    504
 1973    563    368    325    286    895    656    597    542
 1974    621    422    379    340    783    551    500    451
 1975    694    490    445    401    840    609    554    504
 1976    553    377    341    307    843    609    554    502
 1977    813    576    520    467    877    645    590    537
 1978    572    381    338    298    857    627    574    522
 1979    630    439    398    358    836    603    548    494
 1980    654    456    415    376    883    645    589    535
 1981    560    380    340    301    931    691    632    573
 1982    644    422    373    327    710    491    443    401
 1983    500    314    281    248    874    647    594    541
 1984    545    350    310    272    942    703    644    585
 1985    714    489    441    396    782    550    500    454
 1986    687    459    409    362    963    723    663    603
 1987    773    537    484    435    959    721    664    607
 1988    783    546    493    447    978    742    684    626
 1989    627    430    387    344    826    591    536    481
 1990    512    318    275    235    921    684    626    568
 1991    764    540    487    436    970    730    670    610
 1992    633    427    384    342    816    579    522    465
 1993    613    389    342    296    828    592    536    482
 1994    648    445    401    359    923    683    623    564
 1995    482    279    239    205    862    623    565    510
 1996    553    339    292    250    894    659    602    545
 1997    484    308    272    239    920    681    622    565
 1998    791    550    494    439    825    590    535    483
 1999    614    395    348    302    865    628    570    513
     ****************************  *************************** 
 MEAN  645.3  434.8  388.7  345.1  880.4  644.5  587.7  532.4
 STDV   98.7   82.5   77.3   72.2   72.0   69.0   67.1   64.3
 
               JULY                        AUGUST 
     ****************************  *************************** 
 YEAR  40-86  48-86  50-86  52-86   40-86  48-86  50-86  52-86  
     ****************************  *************************** 
 1951   1000    752    690    629    990    742    680    620
 1952   1043    795    733    671    941    693    632    571
 1953   1065    817    755    693   1010    762    700    638
 1954   1154    906    844    782   1031    783    721    659
 1955   1166    918    856    794   1090    842    780    718
 1956   1017    769    707    645   1024    777    717    659
 1957   1145    897    835    773   1044    796    734    673
 1958    950    702    640    578    993    749    689    629
 1959    988    740    678    618   1094    846    784    722
 1960    977    729    668    607   1003    755    693    631
 1961   1032    784    722    660    992    744    682    620
 1962   1012    764    702    642   1007    759    697    637
 1963   1099    851    789    727    978    730    668    606
 1964   1091    843    781    719    881    638    578    521
 1965    954    707    646    586    877    636    577    520
 1966   1098    850    788    726    899    654    596    539
 1967    948    704    646    588    909    666    609    555
 1968   1016    768    708    648    983    735    674    613
 1969   1060    812    750    688   1029    781    719    657
 1970   1041    794    734    676   1027    779    717    655
 1971    974    731    671    611    944    701    642    584
 1972    997    752    691    630    950    706    645    586
 1973    998    750    688    626   1024    776    714    652
 1974   1073    825    763    702    919    673    614    558
 1975    965    723    666    610   1058    810    748    687
 1976    994    748    688    630    975    727    667    608
 1977   1062    814    753    693    918    670    608    549
 1978    998    750    688    626    963    717    658    600
 1979    966    718    656    594    916    668    609    553
 1980   1092    844    782    720   1009    761    699    637
 1981   1042    794    732    670    914    670    611    554
 1982    983    735    673    612    817    584    533    482
 1983   1094    846    784    723   1097    849    787    725
 1984    994    746    684    624   1016    770    710    651
 1985   1011    763    701    640    826    580    522    468
 1986   1078    830    768    706    850    611    554    498
 1987   1067    819    757    695    919    671    612    553
 1988   1041    793    731    670   1063    822    764    707
 1989   1063    815    753    691    977    729    670    613
 1990   1006    758    696    634    996    748    686    624
 1991   1026    778    716    654    984    736    674    612
 1992    930    682    620    558    812    568    512    461
 1993   1013    765    703    641   1009    761    699    638
 1994    957    709    647    586    917    670    610    553
 1995   1044    796    735    674   1118    870    808    746
 1996    976    728    667    606    972    724    662    600
 1997   1048    800    739    678    969    721    659    597
 1998   1080    832    770    708   1044    796    734    672
 1999   1106    858    796    734    960    712    650    589
     ****************************  *************************** 
 MEAN 1031.5  784.0  722.5  661.4  974.5  728.2  667.7  608.4
 STDV   56.1   55.6   55.3   54.8   72.2   70.5   69.0   66.7
 
               SEPTEMBER                   OCTOBER
     ****************************  *************************** 
 YEAR  40-86  48-86  50-86  52-86   40-86  48-86  50-86  52-86  
     ****************************  *************************** 
 1951    632    417    369    323    372    240    213    188
 1952    804    581    530    480     73     48     42     36
 1953    777    568    520    475    585    409    371    334
 1954    839    607    553    502    446    268    230    196
 1955    827    599    546    496    398    263    231    201
 1956    761    541    491    444    659    447    402    361
 1957    637    422    374    330    359    199    168    137
 1958    766    539    488    439    467    315    278    246
 1959    705    489    439    392    103     52     41     33
 1960    739    527    478    430    321    212    189    166
 1961    648    441    394    350    338    222    196    174
 1962    674    466    417    372    464    302    266    233
 1963    772    538    482    427    735    515    463    414
 1964    727    508    457    406    128     83     73     63
 1965    489    320    288    258      0      0      0      0
 1966    671    468    425    384    307    216    194    173
 1967    656    451    401    357    201    131    115    100
 1968    686    466    420    375     76     56     51     46
 1969    726    503    452    403    244    171    156    141
 1970    729    514    466    419    232    155    140    125
 1971    756    546    497    451    594    404    360    318
 1972    765    547    495    446    282    193    172    153
 1973    687    464    410    361    532    358    322    287
 1974    586    404    366    331      0      0      0      0
 1975    576    391    351    314     10      6      5      4
 1976    701    492    448    406    119     86     79     73
 1977    737    512    465    418    116     66     56     46
 1978    826    601    551    501     80     53     47     41
 1979    695    518    477    438     71     52     48     44
 1980    695    496    450    410     44     32     29     27
 1981    697    493    447    407     23     19     18     17
 1982    652    438    393    351    349    228    203    179
 1983    537    397    367    337      0      0      0      0
 1984    638    458    417    377      0      0      0      0
 1985    669    468    423    380      0      0      0      0
 1986    815    585    531    477    186    105     89     73
 1987    701    472    425    380    128     84     74     64
 1988    764    542    493    447     60     37     33     29
 1989    636    438    394    350    281    184    165    148
 1990    828    608    558    509    164    109     97     88
 1991    738    541    493    449     81     53     49     45
 1992    654    452    409    366    258    166    147    129
 1993    548    346    303    263    176    122    111    100
 1994    721    505    458    412    421    277    242    207
 1995    513    359    324    290      0      0      0      0
 1996    643    433    390    349    441    284    249    215
 1997    774    545    494    447    452    301    270    243
 1998    908    670    613    557    487    311    275    239
 1999    664    462    416    373     36     24     21     18
     ****************************  *************************** 
 MEAN  702.0  493.1  446.1  401.4  243.1  160.6  142.7  125.8
 STDV   87.7   72.9   68.7   64.5  201.4  135.6  121.1  107.6
 
 DAILY RECORD HIGHS AND LOWS OCCURRING DURING 1951-1999 FOR STATION NUMBER 1833
     JAN     FEB    MARCH   APRIL    MAY     JUNE    JULY    AUG     SEPT    OCT     NOV     DEC
 DY MX  MN  MX  MN  MX  MN  MX  MN  MX  MN  MX  MN  MX  MN  MX  MN  MX  MN  MX  MN  MX  MN  MX  MN
  1  63 -20  67 -23  78 -18  89  18  87  30  86  36  99  47 100  51  96  42  92  27  77  16  65 -15
  2  57 -16  59 -24  76  -5  84  12  89  27  89  40  97  50  98  51  99  42  93  23  82  10  65  -4
  3  57 -13  66 -29  74  -1  86   3  91  24  89  36 100  46  99  50  96  36  90  25  77   6  65  -4
  4  52 -19  60 -29  80 -17  82   5  88  27  95  41  98  46 102  44  98  35  92  26  77   1  65   2
  5  63 -20  56 -22  68 -20  83  17  88  33  91  44  98  42  99  48  96  39  92  26  76   0  64  -2
  6  52 -20  62 -18  70  -8  87   6  91  31 101  41 101  51 101  52  95  39  91  21  70   7  67  -6
  7  48 -22  58 -16  74  -6  88  10  86  29  92  42 100  50  98  48  95  39  89  22  79  -3  56  -9
  8  53 -20  65 -28  71  -5  81  19  92  29  98  40  97  46  99  48  95  38  86  23  73  -6  57 -12
  9  48 -20  59 -22  76  -4  81  15  89  30 100  42 100  50  99  40 100  39  85  24  79  -1  60 -13
 10  47 -29  56 -18  77  -1  77  15  90  28  96  41  99  49 100  45  97  38  89  25  74  12  57 -10
 11  49 -18  71 -24  74  -1  86  15  86  24  98  45 103  50  97  40  92  38  85  21  75  -1  59  -8
 12  56 -32  59 -23  81 -13  88  14  92  31  94  43 101  45 101  42  90  38  87  20  70  -2  65 -12
 13  54 -22  69  -8  75 -10  80  14  89  30  96  42 105  43  99  42  94  34  88  15  72  -2  64 -13
 14  60 -19  70  -7  71  -4  84  19  86  30  93  46 100  45  96  49  92  35  87  15  81  -1  60 -12
 15  52 -20  70 -10  74   1  84  21  89  31  97  42 104  47 101  47  95  32  86  24  72  11  57 -15
 16  58 -22  62 -19  72   7  87  24  88  36  93  43 101  51 103  47  95  33  85  21  72   0  58 -15
 17  60 -22  63 -19  81   9  86  22  88  34  95  42 104  45 103  50  94  30  83  16  71   0  59 -11
 18  64 -15  66 -17  74   5  87  20  90  35  96  46 102  50 101  45  95  31  86  16  72   9  59 -19
 19  53 -17  66 -16  74   5  88  22  90  37 100  44 104  52 101  46  92  29  82  14  72   9  67 -24
 20  53 -24  65  -4  77   8  85  20  91  32  98  40 104  51 100  46  94  29  83  12  64   6  59 -18
 21  59 -20  65  -6  73   4  86  22  87  35 100  41 104  48  99  47  91  27  84  21  68   2  56 -18
 22  56 -21  67  -8  70   9  90  24  87  33  99  44 105  49  98  46  89  27  85  17  72   8  57 -24
 23  61 -21  67 -16  82  10  90  22  89  37 100  44 103  51  99  44  85  24  82  14  73   5  65 -26
 24  61 -14  62 -14  80   4  86  21  89  37  98  46  98  54  99  46  86  28  83  18  66   5  57 -24
 25  68 -10  67 -10  82   5  89  27  95  38  98  45  97  45  98  44  88  30  78  20  68  -1  55 -23
 26  57  -9  73 -11  79   0  88  30  95  39 102  46 100  47 100  46  91  26  82  16  61  -3  57 -12
 27  54 -18  68  -6  84   9  91  29  91  38  99  47 102  52 101  43  92  26  80  16  72   1  57  -9
 28  55 -18  69 -15  79   6  90  27  88  37  99  47 101  51 102  39  99  29  85  15  68  -7  62  -6
 29  59 -18 *** ***  83   6  89  22  88  39  97  43 102  52 106  39  96  20  74  13  65  -7  65 -10
 30  59 -16 *** ***  88   6  89  27  90  40  99  50 105  42 101  44  92  20  79  16  70 -14  58 -10
 31  57 -23 *** ***  84  14 *** ***  90  36 *** *** 105  44  96  43 *** ***  76  15 *** ***  62 -21
 
 DAILY MAXIMUM PRECIPITATION OCCURRING DURING 1951-1999 FOR STATION NUMBER 1833
     JAN   FEB   MARCH APRIL MAY   JUNE  JULY  AUG   SEPT  OCT   NOV   DEC
 
  1  0.56  1.14  0.77  1.58  1.66  1.77  1.95  0.95  2.11  1.23  1.85  1.44
  2  0.30  1.80  1.82  0.83  1.00  2.78  2.15  2.80  2.75  0.59  1.80  0.67
  3  0.60  0.23  0.84  1.26  0.59  0.60  1.09  2.46  1.41  0.80  0.64  0.50
  4  1.10  0.52  0.90  1.17  0.73  1.06  1.54  1.65  1.90  0.86  1.58  0.48
  5  0.49  0.42  0.81  1.03  2.68  1.67  1.15  1.58  2.91  1.45  1.80  1.41
  6  0.33  0.22  0.45  1.07  0.79  1.45  2.45  3.37  2.80  0.91  0.20  0.84
  7  0.05  0.20  0.45  0.36  1.40  1.40  1.78  3.33  1.51  0.98  1.00  1.00
  8  0.10  0.10  1.37  0.57  1.92  1.93  1.16  3.72  4.30  1.10  0.55  1.46
  9  0.06  0.10  0.58  1.45  3.40  1.97  2.50  3.90  2.15  1.61  1.30  0.26
 10  0.25  0.51  1.11  1.95  2.21  2.08  1.40  1.24  2.05  1.11  1.10  0.29
 11  0.84  0.48  0.55  0.65  1.58  2.00  1.40  1.42  3.14  3.42  1.97  0.35
 12  1.74  0.12  1.18  1.67  0.57  1.82  1.67  1.32  4.00  1.17  0.76  0.62
 13  1.54  0.38  1.13  0.83  1.95  1.45  2.00  1.86  3.29  1.60  0.85  0.27
 14  0.07  0.40  1.00  0.89  1.32  2.42  1.25  1.50  1.50  0.93  0.98  0.87
 15  0.40  0.65  0.75  2.00  0.97  2.90  2.98  2.20  4.50  1.56  0.27  0.50
 16  0.69  0.34  0.56  2.66  1.01  1.45  1.34  1.97  1.81  0.65  1.26  0.64
 17  0.39  0.50  1.47  0.70  1.40  0.68  2.83  0.90  2.06  1.85  2.07  0.34
 18  0.44  1.17  1.85  2.10  0.64  2.40  1.55  2.50  2.95  0.55  0.65  0.18
 19  2.60  1.84  2.32  0.85  2.10  0.71  1.52  1.10  4.05  0.94  0.82  1.52
 20  0.49  1.11  0.90  1.30  0.87  1.82  2.30  1.87  1.35  1.40  1.35  0.36
 21  0.40  1.18  0.44  4.25  1.45  3.40  2.00  1.48  1.92  0.90  0.75  0.31
 22  0.70  0.53  0.25  1.10  1.92  1.33  2.86  1.15  1.80  2.68  0.47  0.25
 23  0.50  0.44  0.72  0.90  1.85  1.26  1.21  1.00  2.71  3.30  1.40  0.56
 24  0.27  0.29  0.57  1.46  1.40  1.10  3.06  1.55  0.98  0.76  0.60  1.56
 25  0.12  0.23  0.92  0.92  3.08  2.15  2.21  1.71  1.37  1.10  0.37  0.32
 26  0.49  0.93  1.60  1.16  1.76  4.85  3.73  5.96  1.42  1.00  0.34  0.30
 27  0.56  0.48  1.64  1.84  1.80  1.95  1.45  2.15  0.88  0.69  0.55  0.61
 28  0.30  0.33  1.36  1.30  1.66  1.29  0.54  3.75  0.72  0.54  0.68  1.75
 29  0.79******  1.34  1.97  2.47  1.60  1.19  3.47  0.90  0.60  1.55  0.53
 30  0.15******  1.42  1.92  1.28  1.96  1.95  1.99  0.94  1.40  1.34  0.60
 31  0.11******  1.00******  0.76******  0.96  3.40******  2.00******  0.70
 
 RECORD LARGEST AND SMALLEST DAILY RANGES (MAX-MIN) DURING 1951-1999 FOR STATION NUMBER 1833
     JAN     FEB    MARCH   APRIL    MAY     JUNE    JULY    AUG     SEPT    OCT     NOV     DEC
 DY MX  MN  MX  MN  MX  MN  MX  MN  MX  MN  MX  MN  MX  MN  MX  MN  MX  MN  MX  MN  MX  MN  MX  MN
  1 42   2  57   1  50   2  49   3  48   4  34   7  42  11  37  11  40  10  48  10  40   3  37   5
  2 32   1  54   4  40   5  47   4  39   7  42   8  33   9  34  12  38  11  50   3  44   5  39   3
  3 37   2  41   6  42   4  62   2  52   6  35   9  35  11  37   9  35  10  40   2  39   7  49   5
  4 34   4  41   5  42   3  49   6  41   5  37   9  35  11  40  11  38   8  44   5  40   4  40   6
  5 39   8  43   4  39   5  46   6  37   9  37  10  40  10  33   6  39  11  38  11  43   3  33   4
  6 37   3  48   5  47   5  45   3  43   6  43  13  36   7  35   4  42   9  44   4  36   3  50   6
  7 40   5  47   4  45   2  52  13  44   6  40  12  38   7  31   5  39   6  43   6  40   2  36   3
  8 40   4  43   3  40   2  45   7  39   7  43   9  38  11  32   7  41   6  49   6  42   3  38   2
  9 37   3  37   3  39   6  42   6  35   7  49   6  39  10  35  10  39   7  43   8  37   4  42   4
 10 35   8  35   4  44   2  41   4  36  11  46   9  38  12  42   8  45   6  43   5  44   7  36   3
 11 38   5  38   5  44   6  42   2  43   8  38  11  32   9  36   9  44   7  44   6  39   3  39   4
 12 30   1  37   5  49   4  43   5  38  10  33   8  36   7  33   7  37  12  39   4  46   5  42   2
 13 43   5  42   4  44   6  42   5  37   5  42  11  37   7  37  10  38  12  40  10  38   4  53   6
 14 36   5  37   8  43   6  47   3  40  12  30  10  33  12  35  11  37   5  39   7  46   6  33   3
 15 36   2  41   4  43   5  47   5  40   6  34   8  39   7  35   9  42   8  43   9  39   7  44   4
 16 48   3  48   3  41   3  37   5  44   7  34   9  42   6  35   8  41   5  45   5  45   4  52   4
 17 35   5  44   8  49   6  46   4  45   9  37  13  34  11  32  11  36   6  37   6  38   4  33   3
 18 49   3  42   4  46   1  43   9  42   6  31  14  37  11  35   7  49   2  47   5  39   5  33   1
 19 38   5  41   3  42   3  41   5  42   8  37  15  33   7  34   8  43   5  45   5  43   2  35   5
 20 46   6  41   3  40   6  41   9  39  12  47  10  37   9  35  12  50   7  47   5  37   5  35   4
 21 47   3  56   6  43   7  40   6  38  11  36   6  37   4  33   8  46   7  44   3  44   5  40   5
 22 47   3  44   5  42   5  37   4  34   6  37  10  33   2  37  11  42   2  50   5  46   3  40   5
 23 44   4  39   3  51   4  47   7  35   3  33  10  34   6  39   7  40   6  41   5  34   4  36   4
 24 41   4  41   7  55   7  38   8  35   6  34   6  34  13  35   6  39   7  38   7  36   4  41   2
 25 49   7  47   7  57   5  35  11  35   7  34  12  40  14  40   9  44   8  41   7  38   3  36   4
 26 42   8  43   4  41   3  39   9  34   9  39   6  40  13  39  12  44   7  42   2  35   7  36   8
 27 35   5  40   2  41   4  45   1  34   4  39   4  35  12  36   8  49   7  42   7  41   5  32   7
 28 55   5  39   3  44   5  36   8  33   6  36  10  35  11  38  13  42   4  40   5  41   3  58   3
 29 44   5  **  **  40   7  41   7  39   5  36  14  44  13  43   5  44   7  40   5  41   3  46   5
 30 40   8  **  **  36   6  43   5  38   6  36   5  34  13  46  14  47   6  45   7  46   2  35   6
 31 44   5  **  **  42   5  **  **  34   3  **  **  40  13  37  12  **  **  42   2  **  **  34   2
 
 DAILY  MEAN  HIGHS AND LOWS OCCURRING DURING 1951-1999 FOR STATION NUMBER 1833
     JAN     FEB    MARCH   APRIL    MAY     JUNE    JULY    AUG     SEPT    OCT     NOV     DEC
 DY MX  MN  MX  MN  MX  MN  MX  MN  MX  MN  MX  MN  MX  MN  MX  MN  MX  MN  MX  MN  MX  MN  MX  MN
  1 31  12  33  12  42  20  57  32  66  41  75  52  84  60  85  61  81  57  73  45  56  35  41  22
  2 31  12  32  10  43  22  55  33  67  42  75  52  84  62  85  62  82  58  73  45  54  33  42  23
  3 31  11  30  10  41  21  56  32  68  44  76  53  84  62  85  62  81  57  71  45  52  32  43  22
  4 29  10  33  11  40  19  55  31  67  45  78  54  85  62  84  61  80  57  68  43  51  30  41  20
  5 28   8  33  12  40  20  54  31  70  46  78  55  85  61  83  61  80  56  68  43  51  29  41  20
  6 29   9  32  11  41  19  57  31  70  46  79  56  85  62  83  62  80  55  67  44  49  29  39  19
  7 29   7  31  10  41  18  59  33  67  45  80  57  85  62  83  61  81  56  67  41  51  29  36  18
  8 27   7  32  11  41  19  60  35  68  45  81  57  85  62  84  62  81  56  68  42  52  29  35  18
  9 27   8  33  12  43  21  56  33  70  45  79  56  86  62  84  61  79  55  66  41  51  29  36  15
 10 26   7  34  14  44  22  56  33  71  45  78  56  85  62  84  61  78  52  65  40  53  28  36  16
 11 27   8  34  13  46  24  59  35  70  47  80  57  85  63  83  58  78  52  67  41  50  28  35  15
 12 29  10  34  13  46  25  58  36  71  47  80  58  86  64  81  58  78  52  68  41  49  28  33  14
 13 30   9  35  13  45  24  58  35  70  47  82  58  86  63  83  60  78  52  67  42  49  28  35  14
 14 32  12  37  16  46  24  60  36  71  48  82  59  87  63  84  60  75  51  67  42  50  28  35  15
 15 30  10  35  17  45  23  59  36  71  48  80  59  86  62  83  61  75  50  68  42  50  28  34  15
 16 30   8  35  14  47  23  62  37  72  49  80  57  86  62  83  61  73  50  67  41  50  28  35  14
 17 30  10  37  14  49  26  64  38  74  51  82  59  86  64  84  61  73  50  64  39  48  28  33  14
 18 31  11  39  19  48  27  65  39  73  50  81  60  87  65  84  62  75  51  64  38  49  27  32  14
 19 30  10  38  18  48  27  64  41  73  50  83  60  88  65  85  61  74  51  61  37  48  27  34  15
 20 30   9  39  17  48  27  65  41  75  50  82  59  87  65  84  60  74  50  62  36  47  26  33  14
 21 30   9  40  18  47  25  64  41  74  51  82  59  85  63  83  59  71  47  63  38  47  25  30  11
 22 31  11  39  18  49  25  63  40  73  51  82  59  85  63  83  59  72  47  65  39  46  24  31  13
 23 32  11  39  19  51  26  64  41  74  51  81  59  85  62  82  59  70  45  62  38  46  25  34  15
 24 31  11  39  17  49  26  65  41  73  51  81  59  86  62  82  59  69  46  61  37  43  23  33  13
 25 33  12  39  17  49  27  67  42  74  51  83  60  87  63  83  59  71  46  59  36  44  23  32  13
 26 29  10  40  19  50  27  67  43  73  52  84  60  87  63  85  60  74  46  60  35  44  24  33  13
 27 28   8  41  21  54  30  66  43  73  51  84  61  86  63  85  61  73  45  61  36  42  22  34  14
 28 30   8  41  21  55  31  64  41  75  52  84  62  87  62  84  59  73  46  60  35  37  18  34  15
 29 30   9  **  **  54  31  64  41  75  53  86  62  86  62  83  59  72  45  58  34  38  18  34  14
 30 31   9  **  **  52  31  66  42  76  53  84  61  85  62  84  60  71  45  59  35  41  20  31  12
 31 32  10  **  **  54  32  **  **  76  53  **  **  87  62  82  58  **  **  56  36  **  **  31  13
  
  # OF DAYS EACH YEAR WHERE MIN >=32 F  1951-1999 FOR STATION # 1833
   51  52  53  54  55  56  57  58  59  60  61  62  63  64  65  66  67  68  69  70
  207 210 223 233 221 220 221 223 214 218 212 231 240 227 218 213 203 212 211 203
 
   71  72  73  74  75  76  77  78  79  80  81  82  83  84  85  86  87  88  89  90
  209 206 236 208 209 192 221 208 208 198 203 215 220 210 214 221 224 199 203 216
 
   91  92  93  94  95  96  97  98  99
  214 230 216 222 215 207 207 246 221
  
 MEAN=216
 
 LENGTH OF SEASON FOR STATION NUMBER 1833   BASE TEMP=32
 LAST SPRING OCCURENCE FIRST FALL OCCURENCE  LENGTH OF SEASON
   YEAR MONTH DAY DOY         MONTH DAY DOY
   1951   4    23 113           9    28 271          158
   1952   4    16 107          10     6 280          173
   1953   4    27 117          10    26 299          182
   1954   5     7 127          10    18 291          164
   1955   4     7  97          10    15 288          191
   1956   4    24 115          10    26 300          185
   1957   4    14 104          10    18 291          187
   1958   4    29 119          10     1 274          155
   1959   5    15 135          10     9 282          147
   1960   5     1 122          10    19 293          171
   1961   5     2 122           9    28 271          149
   1962   4    16 106          10    24 297          191
   1963   4    23 113          10    29 302          189
   1964   4     9 100          10     6 280          180
   1965   4    29 119           9    24 267          148
   1966   5    10 130          10    16 289          159
   1967   5     4 124           9    28 271          147
   1968   4    26 117          10     4 278          161
   1969   4    30 120          10    14 287          167
   1970   5     3 123          10    10 283          160
   1971   5     4 124          10    10 283          159
   1972   4    25 116           9    30 274          158
   1973   4    28 118          10    29 302          184
   1974   4    18 108           9    22 265          157
   1975   5     1 121          10     2 275          154
   1976   5     8 129          10     6 280          151
   1977   4    26 116          10     3 276          160
   1978   5     3 123          10     7 280          157
   1979   4    28 118           9    15 258          140
   1980   5     9 130           9    17 261          131
   1981   5    20 140           9    18 261          121
   1982   4    23 113          10    16 289          176
   1983   4    20 110           9    21 264          154
   1984   4    19 110           9    26 270          160
   1985   4    15 105          10     1 274          169
   1986   4    23 113          10    14 287          174
   1987   4    13 103          10     3 276          173
   1988   4    29 120          10     4 278          158
   1989   5     8 128          10     7 280          152
   1990   5     2 122          10    10 283          161
   1991   4    11 101           9    19 262          161
   1992   5     6 127          10    11 285          158
   1993   4    18 108          10    10 283          175
   1994   5     1 121          10    25 298          177
   1995   4    28 118           9    22 265          147
   1996   5     1 122          10    30 304          182
   1997   5    14 134          10    14 287          153
   1998   4    18 108          11     5 309          201
   1999   4    19 109           9    22 265          156
             MEAN=117              MEAN=280     MEAN=163
 
 LENGTH OF SEASON FOR STATION NUMBER 1833   BASE TEMP=30
 LAST SPRING OCCURENCE FIRST FALL OCCURENCE  LENGTH OF SEASON
   YEAR MONTH DAY DOY         MONTH DAY DOY
   1951   4    23 113           9    28 271          158
   1952   4    15 106          10     6 280          174
   1953   4    27 117          10    27 300          183
   1954   5     4 124          10    30 303          179
   1955   4     7  97          10    15 288          191
   1956   4    24 115          11     8 313          198
   1957   4    14 104          10    25 298          194
   1958   4    29 119          10     1 274          155
   1959   4    22 112          10     9 282          170
   1960   4    30 121          10    19 293          172
   1961   5     2 122          10    20 293          171
   1962   4    16 106          10    24 297          191
   1963   4    23 113          10    29 302          189
   1964   4     9 100          10     9 283          183
   1965   4    28 118           9    24 267          149
   1966   5     1 121          10    16 289          168
   1967   5     3 123          10    11 284          161
   1968   4    26 117          10     4 278          161
   1969   4    24 114          10    14 287          173
   1970   4    23 113          10    10 283          170
   1971   4    29 119          10    10 283          164
   1972   4     9 100           9    30 274          174
   1973   4    13 103          10    29 302          199
   1974   4    17 107           9    29 272          165
   1975   4    20 110          10     2 275          165
   1976   5     7 128          10     6 280          152
   1977   4    26 116          10     9 282          166
   1978   5     2 122          10     7 280          158
   1979   4    28 118          10     4 277          159
   1980   5     9 130           9    17 261          131
   1981   5    11 131          10     2 275          144
   1982   4    23 113          10    20 293          180
   1983   4    19 109           9    21 264          155
   1984   4     6  97           9    26 270          173
   1985   4    15 105          10     1 274          169
   1986   4    22 112          10    14 287          175
   1987   4    12 102          10     3 276          174
   1988   4    29 120          10     5 279          159
   1989   4    20 110          10     8 281          171
   1990   4    30 120          10    10 283          163
   1991   4    11 101           9    19 262          161
   1992   4    23 114          10    17 291          177
   1993   4    10 100          10    10 283          183
   1994   4    29 119          10    25 298          179
   1995   4    13 103           9    22 265          162
   1996   4    30 121          10    30 304          183
   1997   5    14 134          10    21 294          160
   1998   4    18 108          11     6 310          202
   1999   4    19 109          10     4 277          168
             MEAN=113              MEAN=284     MEAN=170
 
 LENGTH OF SEASON FOR STATION NUMBER 1833   BASE TEMP=28
 LAST SPRING OCCURENCE FIRST FALL OCCURENCE  LENGTH OF SEASON
   YEAR MONTH DAY DOY         MONTH DAY DOY
   1951   4    22 112          10    24 297          185
   1952   4    11 102          10     6 280          178
   1953   4    20 110          10    27 300          190
   1954   5     4 124          10    30 303          179
   1955   4     7  97          10    24 297          200
   1956   4    24 115          11     8 313          198
   1957   4    14 104          10    25 298          194
   1958   4    29 119          10    26 299          180
   1959   4    22 112          10     9 282          170
   1960   4    30 121          10    19 293          172
   1961   4    18 108          10    20 293          185
   1962   4    15 105          10    25 298          193
   1963   4     4  94          10    29 302          208
   1964   4     9 100          10     9 283          183
   1965   4    16 106           9    24 267          161
   1966   4    28 118          10    16 289          171
   1967   5     3 123          10    12 285          162
   1968   4    25 116          10     4 278          162
   1969   4     1  91          10    14 287          196
   1970   4     5  95          10    16 289          194
   1971   4    14 104          11     6 310          206
   1972   4     9 100          10    19 293          193
   1973   4    11 101          11     4 308          207
   1974   4     9  99          10     1 274          175
   1975   4    20 110          10     2 275          165
   1976   5     4 125          10     6 280          155
   1977   4     7  97          10    12 285          188
   1978   5     2 122          10     7 280          158
   1979   4    28 118          10     5 278          160
   1980   4    13 104          10     3 277          173
   1981   5    11 131          10     2 275          144
   1982   4    22 112          10    21 294          182
   1983   4    19 109           9    21 264          155
   1984   4     1  92           9    26 270          178
   1985   4     9  99          10     1 274          175
   1986   4    22 112          10    14 287          175
   1987   4     6  96          10    11 284          188
   1988   4    20 111          10     5 279          168
   1989   4    19 109          10    20 293          184
   1990   4    18 108          10    10 283          175
   1991   3    31  90          10     6 279          189
   1992   4    23 114          10    17 291          177
   1993   4     9  99          10    10 283          184
   1994   4     8  98          10    25 298          200
   1995   4     5  95           9    22 265          170
   1996   4    17 108          10    31 305          197
   1997   4    18 108          10    27 300          192
   1998   4     2  92          11     6 310          218
   1999   3    27  86          10     4 277          191
             MEAN=106              MEAN=287     MEAN=181
 
 LENGTH OF SEASON FOR STATION NUMBER 1833   BASE TEMP=26
 LAST SPRING OCCURENCE FIRST FALL OCCURENCE  LENGTH OF SEASON
   YEAR MONTH DAY DOY         MONTH DAY DOY
   1951   4    17 107          10    24 297          190
   1952   4    11 102          10     6 280          178
   1953   4    20 110          11     5 309          199
   1954   4     4  94          10    31 304          210
   1955   3    28  87          10    24 297          210
   1956   4    24 115          11     9 314          199
   1957   4    14 104          10    27 300          196
   1958   4    29 119          10    26 299          180
   1959   4    13 103          11     5 309          206
   1960   4    10 101          10    20 294          193
   1961   4     7  97          10    20 293          196
   1962   4    15 105          10    25 298          193
   1963   3    17  76          10    29 302          226
   1964   3    31  91          10    20 294          203
   1965   4    16 106          10    24 297          191
   1966   4    21 111          10    16 289          178
   1967   4    24 114          10    28 301          187
   1968   4     6  97          10     4 278          181
   1969   4     1  91          10    14 287          196
   1970   4     5  95          11    15 319          224
   1971   4     7  97          11     6 310          213
   1972   4     9 100          10    19 293          193
   1973   4    11 101          11     4 308          207
   1974   4     9  99          10     2 275          176
   1975   4    20 110          10    25 298          188
   1976   5     3 124          10     6 280          156
   1977   4     7  97          10    17 290          193
   1978   4    20 110          10    26 299          189
   1979   4     7  97          10     5 278          181
   1980   4    13 104          10     3 277          173
   1981   5    11 131          10    19 292          161
   1982   4    21 111          10    21 294          183
   1983   4    18 108           9    23 266          158
   1984   4     1  92           9    26 270          178
   1985   4     9  99          11     7 311          212
   1986   4    22 112          11     5 309          197
   1987   4     6  96          10    11 284          188
   1988   4    20 111          10    27 301          190
   1989   4    13 103          10    20 293          190
   1990   4    13 103          10    25 298          195
   1991   3    31  90          10    19 292          202
   1992   4    23 114          11    13 318          204
   1993   4     3  93          10    30 303          210
   1994   4     8  98          10    26 299          201
   1995   4     5  95           9    23 266          171
   1996   4     7  98          11     1 306          208
   1997   4    18 108          10    27 300          192
   1998   3    24  83          11     6 310          227
   1999   3    27  86          10     4 277          191
             MEAN=101              MEAN=295     MEAN=193
 
 LENGTH OF SEASON FOR STATION NUMBER 1833   BASE TEMP=24
 LAST SPRING OCCURENCE FIRST FALL OCCURENCE  LENGTH OF SEASON
   YEAR MONTH DAY DOY         MONTH DAY DOY
   1951   4    16 106          11     1 305          199
   1952   4    10 101          10     6 280          179
   1953   4    20 110          11     5 309          199
   1954   4     4  94          10    31 304          210
   1955   3    28  87          11     3 307          220
   1956   4    24 115          11    15 320          205
   1957   4    13 103          10    27 300          197
   1958   4    29 119          11     6 310          191
   1959   4    13 103          11     5 309          206
   1960   4    10 101          10    20 294          193
   1961   4     6  96          11     3 307          211
   1962   4    15 105          11     5 309          204
   1963   3    17  76          11     2 306          230
   1964   3    30  90          11    20 325          235
   1965   3    31  90          10    24 297          207
   1966   4    21 111          11     2 306          195
   1967   4    24 114          10    28 301          187
   1968   4     6  97          11     9 314          217
   1969   3    31  90          10    17 290          200
   1970   4     5  95          11    15 319          224
   1971   4     5  95          11     6 310          215
   1972   4     9 100          10    19 293          193
   1973   4    11 101          11     5 309          208
   1974   3    25  84          10     2 275          191
   1975   4    11 101          11    13 317          216
   1976   5     3 124          10     8 282          158
   1977   4     6  96          11    10 314          218
   1978   3    27  86          11    14 318          232
   1979   4     7  97          10    13 286          189
   1980   3    21  81          10    12 286          205
   1981   5    11 131          10    23 296          165
   1982   4    21 111          10    21 294          183
   1983   4    18 108           9    23 266          158
   1984   3    23  83           9    29 273          190
   1985   4     9  99          11    19 323          224
   1986   4    22 112          11     9 313          201
   1987   4     4  94          10    11 284          190
   1988   4    20 111          10    28 302          191
   1989   4    13 103          10    20 293          190
   1990   4    13 103          11     7 311          208
   1991   3    31  90          10    19 292          202
   1992   4     3  94          11    26 331          237
   1993   4     3  93          10    31 304          211
   1994   4     7  97          10    26 299          202
   1995   4     5  95          11     3 307          212
   1996   4     7  98          11     1 306          208
   1997   4    18 108          10    27 300          192
   1998   3    22  81          11     6 310          229
   1999   3    27  86          10    24 297          211
             MEAN= 99              MEAN=302     MEAN=202
 
 THESE ARE THE MONTHLY AVG. MAX TEMPS 1951-1999 FOR STATION #1833
 YEAR    JAN   FEB  MARCH APRIL  MAY  JUNE  JULY AUGUST SEPT   OCT   NOV   DEC   ANN
  
 1951   33.0  37.0  39.8  54.6  72.9  74.6  83.0  83.3  71.1  62.4  42.9  30.1  57.1
 1952   34.4  42.6  41.7  61.3  71.1  87.1  85.9  80.0  80.7  65.1  50.2  33.4  61.1
 1953   33.2  41.3  48.5  56.8  70.7  85.5  88.3  86.1  81.9  73.5  55.7  41.6  63.6
 1954   33.7  51.5  45.4  68.5  68.3  83.5  93.4  83.3  80.8  62.5  55.3  38.8  63.8
 1955   31.7  30.5  47.7  70.5  75.9  78.7  92.0  90.8  81.9  67.5  44.2  34.0  62.1
 1956   31.2  36.2  50.0  62.7  76.2  85.6  84.4  84.4  80.6  74.4  48.7  40.9  63.0
 1957   25.9  40.3  47.8  59.3  69.4  79.2  89.7  86.4  71.8  59.6  44.2  43.5  59.7
 1958   32.9  27.0  42.0  61.7  75.1  79.8  80.6  84.8  76.8  68.2  54.1  35.8  59.9
 1959   28.4  34.0  48.9  61.4  71.6  81.8  83.7  86.1  73.9  58.9  42.3  41.9  59.4
 1960   28.8  26.6  30.3  62.4  71.7  77.8  84.0  84.0  76.8  65.0  51.0  36.8  57.9
 1961   35.1  41.3  46.0  56.6  68.8  80.6  85.5  83.9  72.3  66.8  46.7  28.7  59.4
 1962   25.2  31.4  41.0  61.9  80.1  80.4  83.7  84.9  73.7  66.0  50.3  36.6  59.6
 1963   20.8  34.5  52.1  64.5  72.1  85.4  86.8  81.9  75.5  76.6  54.7  26.3  60.9
 1964   39.9  41.4  45.8  63.7  76.5  79.3  86.9  80.0  73.9  64.8  52.9  34.6  61.6
 1965   32.3  33.4  34.1  59.9  76.5  79.5  84.2  82.9  71.4  68.2  54.4  44.8  60.1
 1966   26.4  37.3  52.6  59.0  71.9  80.0  88.1  81.4  76.0  70.8  53.4  41.5  61.5
 1967   36.1  34.8  52.3  63.3  68.1  77.5  83.5  82.1  74.1  62.5  47.8  36.5  59.9
 1968   30.5  35.6  56.4  63.3  68.5  82.5  85.3  82.7  75.1  66.0  45.9  33.0  60.4
 1969   25.7  34.8  41.6  62.3  71.9  77.7  85.8  85.7  76.2  60.6  51.5  33.9  59.0
 1970   24.5  43.7  43.8  62.3  76.0  80.4  89.0  85.1  75.6  63.0  45.2  39.1  60.6
 1971   26.7  31.3  44.0  66.3  68.1  86.5  84.4  84.2  80.0  71.2  50.2  36.1  60.7
 1972   30.0  36.6  50.5  60.0  72.1  82.5  85.4  84.4  78.4  61.9  43.0  29.5  59.5
 1973   32.0  36.1  50.5  56.5  69.9  83.3  84.0  85.8  72.6  69.2  49.0  31.8  60.1
 1974   27.2  38.6  52.2  64.4  72.2  79.6  95.5  83.5  73.7  66.1  50.1  37.4  61.7
 1975   33.0  30.2  40.2  57.7  76.4  81.4  88.1  90.0  72.2  69.6  53.5  38.3  60.9
 1976   35.1  47.0  49.4  66.0  71.1  82.0  87.5  84.9  77.7  59.5  46.1  35.2  61.8
 1977   22.3  41.3  53.8  68.5  79.5  86.3  91.1  81.8  76.8  61.7  48.8  32.5  62.0
 1978   21.2  25.4  42.9  60.2  70.0  83.4  85.3  85.5  81.9  65.1  47.8  33.2  58.5
 1979   17.0  23.4  45.2  57.8  73.9  81.0  83.4  83.3  80.1  67.1  47.3  41.1  58.4
 1980   32.2  29.9  42.1  62.8  74.9  83.2  92.7  88.5  77.8  64.0  53.3  36.2  61.4
 1981   39.0  40.4  54.3  70.0  70.2  83.7  85.7  81.8  77.8  63.6  52.5  33.1  62.7
 1982   22.0  30.9  45.3  59.2  72.0  77.0  86.7  80.4  73.8  65.6  46.6  38.7  58.2
 1983   34.3  38.7  45.8  52.8  67.5  80.5  91.6  94.4  81.5  63.7  47.9  18.1  59.7
 1984   31.1  46.2  40.5  56.3  68.7  83.0  86.8  91.3  77.0  64.4  51.3  39.4  61.3
 1985   26.4  31.8  54.5  66.7  76.6  81.0  88.3  79.4  74.0  62.9  40.0  25.8  58.9
 1986   39.3  31.5  54.6  64.6  73.7  85.3  87.4  79.3  77.4  62.1  43.7  36.0  61.2
 1987   35.7  46.8  52.9  65.2  77.0  84.1  85.3  80.0  74.9  59.5  52.2  37.1  62.5
 1988   30.9  32.3  53.4  63.7  78.5  88.3  87.1  90.3  78.7  60.4  50.5  40.1  62.9
 1989   42.2  24.4  47.5  65.5  72.8  79.2  85.7  83.4  72.4  65.6  48.8  26.5  59.5
 1990   39.8  40.4  50.1  59.7  66.7  80.4  82.8  82.3  80.2  65.2  55.3  31.4  61.2
 1991   23.5  45.1  53.4  63.4  73.4  81.7  84.5  83.4  77.2  64.4  37.7  38.9  60.5
 1992   38.4  44.0  53.6  57.9  72.4  79.2  80.0  77.5  72.7  64.5  39.8  34.8  59.6
 1993   27.6  27.2  43.5  56.4  69.8  78.6  81.1  82.8  68.8  60.8  43.9  37.6  56.5
 1994   26.5  31.8  53.8  62.8  73.2  80.2  81.9  81.6  75.8  66.0  50.9  39.1  60.3
 1995   29.1  40.4  48.4  57.0  65.0  78.5  85.7  87.6  73.4  63.7  42.4  34.1  58.8
 1996   26.7  35.8  43.9  59.7  66.0  79.5  82.5  81.7  72.5  64.8  38.8  31.9  57.0
 1997   27.4  35.8  51.8  55.1  67.1  82.7  85.9  82.5  78.0  65.0  44.2  34.3  59.2
 1998   33.0  43.5  38.6  59.9  75.5  77.5  84.5  83.7  82.8  66.6  52.7  41.5  61.6
 1999   29.2  43.5  48.6  60.0  69.6  77.8  86.8  81.9  74.4  66.7  59.9  40.1  61.5
 MEANS  30.4  36.4  47.2  61.5  72.2  81.3  86.2  84.0  76.2  65.2  48.6  35.5  60.4
 
 THESE ARE THE MONTHLY AVG. MIN TEMPS 1951-1999 FOR STATION #1833
 YEAR    JAN   FEB  MARCH APRIL  MAY  JUNE  JULY AUGUST SEPT   OCT   NOV   DEC   ANN
  
 1951   11.7  15.6  19.5  34.4  50.6  55.6  62.9  61.7  50.7  42.8  22.8  12.0  36.7
 1952   13.5  25.5  24.5  38.4  49.7  64.6  63.8  61.0  53.6  34.8  28.2  19.2  39.7
 1953   16.4  22.0  28.8  34.5  48.9  63.3  64.2  61.9  51.5  47.0  31.8  20.2  40.9
 1954    9.1  28.0  23.7  42.9  45.5  63.2  69.0  64.6  56.5  44.4  32.7  21.3  41.8
 1955   14.5  11.9  24.6  45.5  52.6  57.2  69.7  65.5  56.0  42.2  21.2  13.8  39.6
 1956   12.6  16.0  24.4  34.7  52.0  62.4  62.9  63.3  51.3  47.6  28.8  21.3  39.8
 1957    7.6  21.8  26.7  38.9  50.0  58.7  68.5  64.0  50.6  42.4  27.7  23.5  40.0
 1958   17.0   9.1  25.6  38.6  51.1  55.9  61.0  61.6  54.5  42.2  30.6  14.1  38.4
 1959    6.9  14.6  28.1  37.9  53.9  60.6  61.1  66.4  53.3  38.6  20.7  24.4  38.9
 1960   12.9  11.1  12.1  40.0  47.6  56.6  60.3  61.7  53.1  41.7  29.6  17.5  37.0
 1961   11.2  21.5  30.1  35.4  47.6  58.0  63.2  61.3  50.8  42.0  28.6  12.2  38.5
 1962    7.2  17.8  22.3  37.7  57.5  59.1  62.9  61.6  51.2  46.0  32.5  18.6  39.5
 1963    4.0  14.3  32.5  44.2  52.1  63.9  66.2  62.2  56.1  52.6  33.4   6.7  40.7
 1964   19.5  19.3  22.9  43.3  55.3  59.4  66.0  58.0  54.5  39.6  32.0  13.8  40.3
 1965   13.7  12.1  16.4  38.0  54.7  57.4  58.6  55.5  47.2  40.6  27.8  23.1  37.1
 1966   11.6  13.5  27.5  33.4  43.8  56.8  66.3  57.2  48.8  40.8  26.2  14.9  36.7
 1967   11.2  12.1  26.7  39.6  44.6  57.9  59.1  56.9  48.6  38.6  24.7  20.0  36.7
 1968    9.7  12.3  27.1  37.1  44.6  59.2  61.7  62.3  50.7  40.9  24.5  12.9  36.9
 1969    8.6  17.0  18.7  37.4  50.0  52.9  64.8  61.9  52.1  36.7  27.6  16.0  37.0
 1970    2.4  14.8  23.2  36.0  52.4  58.7  62.8  63.8  53.9  39.8  26.3  17.6  37.6
 1971    8.4  11.1  23.2  38.6  45.0  63.7  59.8  58.6  52.3  45.8  28.6  22.4  38.1
 1972    7.7   9.3  25.0  36.6  49.1  56.0  61.3  60.3  53.0  35.3  28.5  11.0  36.1
 1973   12.6  18.4  34.7  36.8  45.2  58.0  61.8  61.8  53.0  43.0  29.3  12.5  38.9
 1974    7.9  19.0  27.5  36.9  47.6  54.0  63.5  57.3  43.7  38.3  27.1  17.1  36.7
 1975    9.9   9.8  16.5  33.5  48.2  55.4  57.6  63.4  45.7  38.2  31.0  18.4  35.6
 1976    8.7  21.0  25.7  40.4  42.4  54.9  59.7  59.5  49.2  31.4  15.7   5.5  34.5
 1977   -5.1  11.8  29.2  41.1  53.0  55.0  63.2  58.1  52.4  37.4  25.9  11.2  36.1
 1978   -1.5  -1.0  16.9  37.8  45.8  55.4  61.2  58.7  55.1  35.4  25.7  12.1  33.5
 1979   -4.7  -1.6  22.7  36.8  45.9  55.3  59.8  57.7  45.4  35.4  26.7  19.0  33.2
 1980   14.5  10.6  22.7  37.9  46.5  57.4  65.4  60.8  48.1  31.1  21.6  13.2  35.8
 1981    8.1  11.5  25.5  38.8  43.2  59.3  64.0  57.6  48.0  35.7  27.3  11.9  35.9
 1982   -5.2   8.1  20.2  30.9  49.2  50.5  59.0  53.5  49.3  41.6  26.9  21.3  33.8
 1983   17.9  22.5  28.1  34.6  44.4  58.4  64.7  65.2  48.2  39.2  31.1  -1.2  37.8
 1984    9.8  23.7  23.0  38.1  45.2  60.3  59.9  60.3  46.8  39.2  24.4  14.8  37.1
 1985    2.1   8.3  28.3  40.5  49.5  52.2  60.1  54.3  51.7  41.1  22.6   2.2  34.4
 1986   16.7  13.7  29.6  40.2  50.5  60.9  64.7  55.8  56.8  42.7  22.4  20.4  39.5
 1987   15.8  24.0  31.0  38.1  53.0  61.5  65.6  60.7  51.8  33.6  33.1  22.4  40.9
 1988    8.1   8.9  24.5  34.6  52.1  61.1  63.5  64.1  52.5  34.1  28.1  18.0  37.5
 1989   21.2   2.7  24.2  37.6  46.5  56.3  65.5  60.3  49.6  39.4  22.2   4.5  35.8
 1990   20.8  18.1  30.7  35.3  45.3  61.8  63.9  63.3  56.6  38.3  31.5  12.9  39.9
 1991    4.5  21.2  28.3  41.3  55.9  63.7  63.5  61.5  50.8  37.6  19.9  21.5  39.1
 1992   20.7  25.0  31.7  35.8  47.8  55.6  60.3  55.1  50.4  40.9  28.8  19.5  39.3
 1993    9.8  13.8  24.8  34.5  49.7  56.8  64.5  63.7  46.8  40.4  25.3  19.5  37.5
 1994    7.5  10.0  26.2  36.5  48.2  61.8  60.1  58.4  52.0  43.0  31.2  21.5  38.0
 1995   11.4  17.1  27.7  34.7  45.7  59.3  64.0  67.6  49.7  40.5  21.5  19.6  38.3
 1996    7.0  13.6  18.0  33.1  49.4  60.7  61.2  61.3  50.2  40.1  24.0  14.1  36.1
 1997    5.6  19.0  27.0  32.9  42.2  59.3  64.2  61.3  54.0  41.2  27.2  20.7  37.9
 1998   18.8  28.9  24.1  39.1  55.8  58.2  66.3  65.0  59.2  44.1  32.9  20.7  42.8
 1999   11.9  24.0  26.2  40.5  50.0  60.1  67.6  60.5  49.5  36.5  32.1  18.3  39.8
 MEANS  10.0  15.3  25.1  37.6  48.9  58.5  63.1  60.8  51.4  40.0  27.1  16.1  37.8
 
 THESE ARE THE MONTHLY AVG. MEAN TEMPS 1951-1999 FOR STATION #1833
 YEAR    JAN   FEB  MARCH APRIL  MAY  JUNE  JULY AUGUST SEPT   OCT   NOV   DEC   ANN
  
 1951   22.4  26.3  29.6  44.5  61.8  65.1  73.0  72.5  60.9  52.6  32.8  21.1  46.9
 1952   24.0  34.1  33.1  49.8  60.4  75.9  74.8  70.5  67.2  49.9  39.2  26.3  50.4
 1953   24.8  31.6  38.6  45.6  59.8  74.4  76.3  74.0  66.7  60.3  43.8  30.9  52.2
 1954   21.4  39.8  34.6  55.7  56.9  73.4  81.2  74.0  68.7  53.5  44.0  30.0  52.8
 1955   23.1  21.2  36.1  58.0  64.3  67.9  80.9  78.1  69.0  54.9  32.7  23.9  50.8
 1956   21.9  26.1  37.2  48.7  64.1  74.0  73.7  73.9  66.0  61.0  38.8  31.1  51.4
 1957   16.7  31.0  37.3  49.1  59.7  68.9  79.1  75.2  61.2  51.0  35.9  33.5  49.9
 1958   24.9  18.1  33.8  50.2  63.1  67.8  70.8  73.2  65.7  55.2  42.4  25.0  49.2
 1959   17.6  24.3  38.5  49.7  62.8  71.2  72.4  76.3  63.6  48.7  31.5  33.2  49.1
 1960   20.8  18.8  21.2  51.2  59.6  67.2  72.1  72.9  64.9  53.4  40.3  27.1  47.5
 1961   23.2  31.4  38.1  46.0  58.2  69.3  74.3  72.6  61.5  54.4  37.7  20.5  48.9
 1962   16.2  24.6  31.6  49.8  68.8  69.8  73.3  73.3  62.4  56.0  41.4  27.6  49.6
 1963   12.4  24.4  42.3  54.4  62.1  74.7  76.5  72.0  65.8  64.6  44.0  16.5  50.8
 1964   29.7  30.4  34.4  53.5  65.9  69.3  76.5  69.0  64.2  52.2  42.4  24.2  51.0
 1965   23.0  22.8  25.2  49.0  65.6  68.5  71.4  69.2  59.3  54.4  41.1  33.9  48.6
 1966   19.0  25.4  40.1  46.2  57.8  68.4  77.2  69.3  62.4  55.8  39.8  28.2  49.1
 1967   23.6  23.4  39.5  51.5  56.4  67.7  71.3  69.5  61.3  50.5  36.2  28.2  48.3
 1968   20.1  24.0  41.8  50.2  56.5  70.8  73.5  72.5  62.9  53.5  35.2  22.9  48.7
 1969   17.1  25.9  30.2  49.8  61.0  65.3  75.3  73.8  64.1  48.7  39.5  24.9  48.0
 1970   13.5  29.2  33.5  49.2  64.2  69.5  75.9  74.5  64.7  51.4  35.8  28.4  49.1
 1971   17.5  21.2  33.6  52.5  56.5  75.1  72.1  71.4  66.2  58.5  39.4  29.2  49.4
 1972   18.9  22.9  37.7  48.3  60.6  69.3  73.3  72.3  65.7  48.6  35.7  20.2  47.8
 1973   22.3  27.3  42.6  46.7  57.6  70.6  72.9  73.8  62.8  56.1  39.1  22.2  49.5
 1974   17.5  28.8  39.9  50.7  59.9  66.8  79.5  70.4  58.7  52.2  38.6  27.3  49.2
 1975   21.5  20.0  28.4  45.6  62.3  68.4  72.9  76.7  59.0  53.9  42.3  28.3  48.3
 1976   21.9  34.0  37.6  53.2  56.7  68.4  73.6  72.2  63.5  45.4  30.9  20.4  48.1
 1977    8.6  26.5  41.5  54.8  66.3  70.7  77.1  70.0  64.6  49.5  37.4  21.8  49.1
 1978    9.9  12.2  29.9  49.0  57.9  69.4  73.3  72.1  68.5  50.3  36.8  22.6  46.0
 1979    6.2  10.9  33.9  47.3  59.9  68.2  71.6  70.5  62.7  51.2  37.0  30.0  45.8
 1980   23.3  20.2  32.4  50.3  60.7  70.3  79.0  74.6  62.9  47.5  37.4  24.7  48.6
 1981   23.5  25.9  39.9  54.4  56.7  71.5  74.8  69.7  62.9  49.7  39.9  22.5  49.3
 1982    8.4  19.5  32.7  45.1  60.6  63.8  72.9  67.0  61.5  53.6  36.8  30.0  46.0
 1983   26.1  30.6  37.0  43.7  56.0  69.5  78.2  79.8  64.8  51.4  39.5   8.5  48.7
 1984   20.4  34.9  31.8  47.2  57.0  71.7  73.4  75.8  61.9  51.8  37.8  27.1  49.2
 1985   14.2  20.0  41.4  53.6  63.1  66.6  74.2  66.9  62.8  52.0  31.3  14.0  46.7
 1986   28.0  22.6  42.1  52.4  62.1  73.1  76.0  67.5  67.1  52.4  33.0  28.2  50.4
 1987   25.7  35.4  41.9  51.7  65.0  72.8  75.5  70.3  63.4  46.6  42.7  29.8  51.7
 1988   19.5  20.6  39.0  49.2  65.3  74.7  75.3  77.2  65.6  47.2  39.3  29.0  50.2
 1989   31.7  13.6  35.8  51.5  59.7  67.8  75.6  71.9  61.0  52.5  35.5  15.5  47.7
 1990   30.3  29.3  40.4  47.5  56.0  71.1  73.4  72.8  68.4  51.7  43.4  22.1  50.5
 1991   14.0  33.1  40.9  52.3  64.6  72.7  74.0  72.5  64.0  51.0  28.8  30.2  49.8
 1992   29.5  34.5  42.7  46.9  60.1  67.4  70.1  66.3  61.6  52.7  34.3  27.1  49.4
 1993   18.7  20.5  34.2  45.5  59.8  67.7  72.8  73.2  57.8  50.6  34.6  28.5  47.0
 1994   17.0  20.9  40.0  49.7  60.7  71.0  71.0  70.0  63.9  54.5  41.1  30.3  49.2
 1995   20.2  28.8  38.0  45.9  55.4  68.9  74.9  77.6  61.5  52.1  31.9  26.9  48.5
 1996   16.8  24.7  31.0  46.4  57.7  70.1  71.9  71.5  61.4  52.5  31.4  23.0  46.5
 1997   16.5  27.4  39.4  44.0  54.7  71.0  75.1  71.9  66.0  53.1  35.7  27.5  48.5
 1998   25.9  36.2  31.4  49.5  65.6  67.8  75.4  74.3  71.0  55.3  42.8  31.1  52.2
 1999   20.5  33.8  37.4  50.3  59.8  68.9  77.2  71.2  62.0  51.6  46.0  29.2  50.7
 MEANS  20.2  25.9  36.1  49.5  60.5  69.9  74.6  72.4  63.8  52.6  37.9  25.8  49.1
 
 THESE ARE THE MONTHLY PRECIP TOTALS AND NUMBER OF MISSING DAYS 1951-1999 FOR STATION #1833
 YEAR    JAN   FEB  MARCH APRIL  MAY  JUNE  JULY AUGUST SEPT   OCT   NOV   DEC   ANN
  
 1951   0.23  1.69  3.22  3.97  7.49  5.02  3.27  7.52  3.10  1.72  1.01  0.15 38.39
           0     0     0     0     0     0     0     0     0     0     0     0     0
 1952   0.30  0.26  2.62  3.13  4.88  4.02  2.88  5.69  1.20  0.00  2.65  0.30 27.93
           0     0     0     0     0     0     0     0     0     0     0     0     0
 1953   0.16  1.13  2.23  3.13  1.00  6.37  2.46  2.57  1.12  0.13  1.21  0.68 22.19
           0     0     0     0     0     0     0     0     0     0     0     0     0
 1954   0.02  1.30  0.58  3.01  2.60  5.45  0.26  7.90  1.02  2.57  0.08  0.14 24.93
           0     0     0     0     0     0     0     0     0     0     0     0     0
 1955   0.90  2.20  0.56  2.25  1.37  3.33  2.41  1.77  3.19  1.17  0.08  0.12 19.35
           0     0     0     0     0     0     0     0     0     0     0     0     0
 1956   0.26  0.11  0.05  1.12  4.37  4.29  6.76  6.73  0.37  1.21  3.12  0.15 28.54
           0     0     0     0     0     0     0     0     0     0     0     0     0
 1957   0.25  0.06  2.37  2.76  5.23  3.72  1.72  2.16  3.97  3.76  1.23  0.44 27.67
           0     0     0     0     0     0     0     0     0     0     0     0     0
 1958   0.65  0.70  0.51  1.27  2.22  2.10 10.11  1.50  6.87  0.30  1.16  0.00 27.39
           0     0     0     0     0     0     0     0     0     0     0     0     0
 1959   0.46  0.47  3.63  2.17  8.38  3.27  2.81  7.13  3.26  1.86  0.72  1.99 36.15
           0     0     0     0     0     0     0     0     0     0     0     0     0
 1960   3.34  1.25  1.68  2.05  3.29  5.95  2.91  8.61  5.04  1.64  0.18  0.57 36.51
           0     0     0     0     0     0     0     0     0     0     0     0     0
 1961   0.16  1.73  5.00  2.72  2.44  2.88  2.13  3.40 10.88  2.93  2.54  1.47 38.28
           0     0     0     0     0     0     0     0     0     0     0     0     0
 1962   0.67  1.23  1.07  1.06  6.24  1.90  4.54  2.70  2.21  4.12  0.91  0.71 27.36
           0     0     0     0     0     0     0     0     0     0     0     0     0
 1963   0.33  0.38  2.59  4.14  2.91  1.67  4.42  5.72  2.96  1.47  0.67  0.53 27.79
           0     0     0     0     0     0     0     0     0     0     0     0     0
 1964   0.24  0.20  1.18  4.54  5.20  6.47  4.18  5.39  6.77  0.33  1.20  0.64 36.34
           0     0     0     0     0     0     0     0     0     0     0     0     0
 1965   0.00  0.29  3.54  2.60  4.70  6.30  4.26  4.15  6.33  0.51  1.14  2.13 35.95
          31    19     0     0     0     0     0     0     0     0     0     0    50
 1966   0.00  0.27  0.82  1.28  3.73  8.35  4.98  2.90  1.72  0.74  0.84  1.31 26.94
          31     0     0     0     0     0     0     0     0     0     0     0    31
 1967   0.00  0.61  2.60  4.01  3.40 12.41  4.28  1.29  3.06  2.18  0.33  0.76 34.93
          31     0     0     0     0     0     0     0     0     0     0     0    31
 1968   1.84  0.18  0.55  3.64  3.35  3.59  6.97  5.80  3.16  2.72  2.49  1.80 36.09
           0     0     0     0     0     0     0     0     0     0     1     0     1
 1969   0.64  0.73  0.78  4.48  4.52  5.53  6.04  3.30  1.55  4.94  0.11  0.71 33.33
           0     0     0     0     0     0     0     0     0     0     0     0     0
 1970   0.27  0.15  2.53  2.83  4.12  3.57  1.96  7.83  5.83  3.80  2.65  0.95 36.49
           0     0     0     0     0     0     0     0     0     0     0     0     0
 1971   1.25  1.13  0.50  1.64  6.50  4.40  2.32  2.36  4.03  3.74  4.51  1.44 33.82
           0     0     0     0     0     0     0     0     0     0     0     0     0
 1972   0.20  0.28  0.29  3.42  5.87  2.55  7.40  2.81 12.81  3.88  4.60  1.77 45.88
           0     0     0     0     0     0     0     0     0     0     0     0     0
 1973   2.33  3.74  7.64  5.58  5.71  2.40  9.40  4.76  7.38  5.37  2.94  2.45 59.70
           0     0     0     0     0     0     0     0     0     0     0     2     2
 1974   0.41  0.40  1.44  6.62  4.74  3.15  0.49  4.83  1.19  3.89  1.33  1.47 29.96
           0    26     0     0     0     0     0     0     0     0     0     0    26
 1975   4.05  1.15  2.69  2.05  4.00  7.53  0.49  7.11  4.09  0.30  3.85  0.58 37.89
           0     0     0     0     0     0     0     0     0     0     0     0     0
 1976   0.13  2.37  2.25  6.05  3.08  0.00  3.49  3.12  1.93  1.57  0.00  0.12 24.11
           0     1     0     0     0    30     0     0     0     0     0     0    31
 1977   1.35  0.57  4.03  1.64  1.78  2.39  3.42 14.67  9.74  6.28  0.68  0.16 46.71
           0     0     0     0     0     0     0     0     0     0     0     1     1
 1978   0.22  0.88  0.81  6.67  5.46  2.69  8.62  3.40  5.99  0.96  2.80  1.07 39.57
          30     0     0     0     0     0     0     0     0     0     0     0    30
 1979   1.21  0.12  4.70  2.98  1.54  5.70  6.04  1.62  3.21  3.60  1.64  0.12 32.48
           0     2     0     0     0     0     0     0     0     0     0     0     2
 1980   1.25  0.42  1.60  1.75  1.66  4.96  1.61  5.44  4.39  2.10  0.47  1.51 27.16
           0     0     0     0     0     0     0     1     0     0     0     0     1
 1981   0.05  0.87  1.02  2.84  3.58  5.32  5.71  3.71  2.33  1.49  1.70  2.60 31.22
           0     0     0     0     0     0     0     0     0     0     0     0     0
 1982   2.08  0.48  4.40  4.26  9.99  3.83  4.43  7.32  4.77  2.93  2.21  2.98 49.68
           0     0     0     0     0     0     0     0     1     0     0     1     2
 1983   0.37  0.62  3.05  1.75  4.06  5.89  0.77  1.40  2.43  3.77  5.22  0.89 30.22
           0     1     0     1     0     1     0     0     0     0     0     1     4
 1984   0.63  0.32  2.68  6.13  7.38 10.08  2.34  0.57  1.23  4.83  2.12  2.15 40.46
           0     0     0     1     0     0     0     0     0     0     0     0     1
 1985   0.00  1.04  2.05  1.51  2.52  2.04  5.01  5.97  5.05  4.37  0.69  0.86 31.11
           4     0     0     0     0     0     1     0     0     0     1     1     7
 1986   0.00  0.99  2.13  8.06  6.53  3.80  6.83  3.99  9.75  2.75  0.92  1.40 47.15
           0     0     0     0     0     2     1     0     0     0     0     0     3
 1987   0.30  0.26  3.51  2.02  6.80  1.96  6.62 14.47  2.06  0.95  3.59  1.03 43.57
           0     0     0     0     0     0     0     0     0     0     0     0     0
 1988   0.32  0.74  0.08  1.30  1.50  0.97  3.26  1.39  3.53  0.45  1.49  0.94 15.97
           0     0     0     0     0     0     0     0     0     0     1     0     1
 1989   1.01  0.93  0.53  0.99  2.03  4.69  3.24  5.07  9.47  2.26  0.02  0.51 30.75
           0     0     0     0     0     0     0     0     0     0     0     0     0
 1990   1.45  0.52  3.99  1.27  6.95  4.73  8.22  1.22  0.86  1.60  2.46  0.97 34.24
           0     0     0     1     1     0     0     2     0     0     1     3     8
 1991   0.87  0.31  4.44  6.74  4.52  5.48  4.52  2.18  2.29  1.91  4.71  1.86 39.83
           0     0     0     0     0     0     0     0     0     0     0     0     0
 1992   1.16  2.23  2.45  3.55  2.07  1.06  6.86  1.31  9.90  1.27  4.80  2.04 38.70
           0     0     0     0     0     0     0     0     0     0     0     0     0
 1993   1.01  0.73  3.39  1.59  5.25  7.38 14.14  4.91  6.10  1.72  0.71  0.85 47.78
           0     0     0     0     0     0     0     0     0     0     0     0     0
 1994   0.68  0.81  0.08  2.34  1.41  8.47  3.27  2.40  2.15  2.08  1.29  1.35 26.33
           0     0     0     0     0     0     0     0     0     0     0     0     0
 1995   0.75  0.39  2.72  5.71  6.50  4.57  4.51  1.73  2.79  1.81  1.77  0.58 33.83
           0     0     0     0     0     0     0     0     0     0     0     0     0
 1996   1.47  0.22  1.11  2.40 10.02  4.75  1.78  3.03  3.48  4.20  2.34  0.40 35.20
           0     0     0     0     0     0     0     0     0     0     0     0     0
 1997   0.57  1.53  0.72  3.84  5.12  2.53  1.50  2.06  2.08  4.29  1.86  1.60 27.70
           0     0     0     0     0     0     0     0     0     0     0     0     0
 1998   0.96  2.24  3.85  2.55  3.24  7.52  3.15  3.18  1.00  2.64  2.62  0.35 33.30
           0     0     0     0     0     0     0     0     0     0     0     0     0
 1999   0.81  1.52  0.95  6.30  5.30  3.01  1.72  4.64  4.29  0.24  1.45  0.48 30.71
           0     0     0     0     0     0     0     0     0     0     0     0     0
 
 MEANS  0.77  0.87  2.19  3.26  4.42  4.49  4.30  4.38  4.16  2.35  1.82  1.02 34.03
 PRECIPITATION MEANS AND TOTALS ARE BASED ON DATA AVAILABLE
 NO ATTEMPT WAS MADE TO ESTIMATE MISSING PRECIPITATION DATA
 *****************************************************************************************
 *****************************************************************************************
 
 THESE ARE THE MONTHLY HEATING DEGREE DAYS 1951-1999 FOR STATION #1833
 YEAR    JAN    FEB   MARCH  APRIL   MAY    JUNE   JULY  AUGUST  SEPT   OCT   NOV   DEC
 
 1951  1322.0 1084.5 1096.5  624.5  132.5   72.0    7.5    8.5  145.0  410.5  964.5 1362.0
 1952  1272.0  897.5  989.0  464.0  186.0    1.5    4.0    9.5   67.0  468.5  774.0 1200.0
 1953  1246.5  934.5  817.5  582.0  226.5    5.5    0.0    0.0   69.0  214.5  637.5 1057.5
 1954  1352.0  707.0  943.5  308.0  274.0   33.5    0.0    0.0   45.0  378.5  630.5 1083.5
 1955  1300.0 1226.5  894.5  230.5   86.0   54.0    0.0    0.0   65.0  321.0  969.5 1274.0
 1956  1335.5 1127.5  862.5  507.5  123.0   18.0    0.0   18.5   77.0  153.5  787.5 1051.0
 1957  1496.0  952.0  860.0  479.0  187.0   17.0    0.0    1.0  134.5  433.0  872.5  977.5
 1958  1242.0 1314.5  967.0  449.0  114.0   38.0    7.5   23.0   74.0  317.0  679.0 1240.5
 1959  1468.0 1139.5  821.5  462.5  154.0   18.0   10.0    0.5  140.5  504.0 1004.5  987.0
 1960  1369.0 1338.5 1357.5  432.5  182.5   27.0    1.0    0.0  109.0  365.5  741.5 1174.0
 1961  1297.0  941.5  835.0  576.5  233.0   27.0    0.0    3.5  179.5  328.0  819.5 1380.0
 1962  1513.0 1131.5 1034.5  469.0   35.0   24.0    4.0    1.0  138.0  317.5  707.5 1159.0
 1963  1630.0 1137.0  703.0  329.5  144.5    2.0    0.0   15.5   52.0   89.0  629.0 1502.5
 1964  1095.0 1004.5  949.5  353.5   81.0   35.5    0.0   36.5  111.0  399.0  677.5 1263.5
 1965  1301.0 1183.0 1232.5  487.5   78.5   13.0    0.5   34.0  195.5  341.5  716.5  963.0
 1966  1426.0 1109.5  773.0  564.0  261.5   40.0    0.0   26.5  127.5  293.5  757.0 1141.0
 1967  1282.5 1164.5  793.0  407.0  328.5   36.0   22.5   31.0  146.5  471.5  863.0 1140.0
 1968  1390.5 1190.0  720.5  448.0  282.0   26.5    6.0    6.0  107.0  389.5  894.0 1304.5
 1969  1483.5 1095.0 1079.0  454.5  192.5   91.5    0.0    0.0   84.0  525.5  764.0 1242.5
 1970  1597.0 1001.5  976.5  496.0  118.5   28.5    7.5    8.0  130.5  430.5  876.5 1136.0
 1971  1471.0 1227.5  973.5  380.0  276.5    2.5   13.0   11.0  119.0  234.5  769.0 1109.0
 1972  1429.5 1220.0  846.0  501.5  190.5   40.5    3.5   19.0   95.5  510.0  878.5 1387.5
 1973  1323.5 1057.0  693.0  550.5  247.0   10.0    2.0    0.0  121.5  289.5  776.5 1328.0
 1974  1471.0 1014.5  779.5  432.0  193.0   61.5    0.0   15.5  217.5  397.0  792.0 1170.0
 1975  1350.0 1260.0 1135.0  582.5  140.0   38.0   14.0    0.0  219.0  362.5  682.0 1136.5
 1976  1335.0  899.0  850.5  366.5  275.0   18.5    6.5    2.0  119.0  619.0 1023.0 1383.5
 1977  1748.0 1077.5  728.5  322.5   46.5   13.0    2.0    8.0   67.5  479.0  829.0 1338.0
 1978  1709.0 1479.0 1088.0  480.0  264.0   32.5    0.0    8.5   69.5  459.0  847.5 1314.0
 1979  1824.0 1514.5  963.5  531.5  193.5   46.0    2.5   23.5  129.0  433.5  840.0 1084.0
 1980  1292.0 1298.0 1011.0  458.0  176.0   20.0    0.0    0.5  147.5  544.0  827.0 1249.5
 1981  1285.0 1094.0  778.0  337.0  284.0    4.5    9.0   16.0  118.0  474.5  752.5 1317.0
 1982  1755.5 1274.5 1000.0  598.0  155.0   96.5    4.0   57.0  152.5  374.0  846.5 1084.0
 1983  1205.5  964.0  869.5  638.5  290.5   44.5    0.0    0.0  130.5  435.0  765.5 1752.5
 1984  1382.0  872.5 1029.5  536.5  268.5    5.5    2.0    5.0  191.0  411.0  814.5 1175.0
 1985  1574.0 1259.0  733.0  374.0  100.5   48.0    0.0   29.5  197.0  403.0 1011.0 1581.0
 1986  1147.0 1186.5  720.0  391.5  126.0    5.5    0.0   37.0   57.5  391.0  958.5 1140.5
 1987  1217.0  830.0  715.5  419.5   85.5   13.5    3.5   38.0   86.0  571.5  670.5 1092.5
 1988  1410.0 1287.0  807.0  475.0   56.0    9.5   10.0   11.0   67.5  550.5  771.0 1115.0
 1989  1033.0 1440.5  908.5  452.5  209.5   37.0    3.0    7.0  171.5  390.5  885.0 1534.5
 1990  1076.0 1001.0  762.5  540.5  281.5   25.0   10.0    1.5   89.5  419.0  648.5 1328.5
 1991  1580.5  892.5  752.0  392.0  130.5    4.5    0.0    2.5  164.0  440.0 1086.0 1079.0
 1992  1099.5  885.0  691.5  544.0  192.5   19.5    6.5   52.0  163.0  388.0  921.0 1173.5
 1993  1434.5 1246.0  956.0  586.5  173.0   55.5    0.0   11.5  230.0  462.0  911.5 1130.0
 1994  1487.0 1236.0  774.5  473.5  183.0   25.5    2.5   18.0  118.0  335.5  718.0 1077.0
 1995  1387.5 1014.5  836.0  573.5  300.0   35.5    7.5    0.0  171.5  410.5  992.5 1182.0
 1996  1493.0 1169.0 1055.5  559.5  266.0   43.0    3.0    1.5  173.5  394.5 1008.5 1301.5
 1997  1504.0 1052.5  793.5  629.0  328.0    4.5   11.5    5.5   74.0  427.5  878.5 1161.5
 1998  1212.0  806.5 1042.0  468.5   65.5   71.5    0.0    0.0   30.0  305.0  665.5 1051.0
 1999  1379.0  874.5  856.5  442.5  182.5   44.0    1.5    7.0  164.0  417.5  570.5 1110.5
 *****************************************************************************************
 MEANS 1416.7 1126.6  912.6  481.4  188.9   30.7    3.9   12.6  125.5  404.9  830.2 1239.2
 
 THESE ARE THE MONTHLY COOLING DEGREE DAYS 1951-1999 FOR STATION #1833
 YEAR    JAN   FEB  MARCH APRIL  MAY  JUNE  JULY AUGUST SEPT   OCT   NOV   DEC   ANN
 
 1951    0.0   0.0   0.0   8.5  32.0  75.0 255.0 240.5  21.5  27.0   0.0   0.0
 1952    0.0   0.0   0.0   9.5  43.5 327.5 309.0 180.0 131.5   1.0   0.0   0.0
 1953    0.0   0.0   0.0   1.0  65.0 288.0 349.0 279.5 120.5  67.5   0.0   0.0
 1954    0.0   0.0   0.0  29.0  23.0 285.0 503.0 277.5 155.5  21.5   0.0   0.0
 1955    0.0   0.0   0.0  20.5  63.0 142.0 492.5 407.5 184.0   7.0   0.0   0.0
 1956    0.0   0.0   0.0  18.5  95.0 287.5 268.5 293.5 106.0  29.0   0.0   0.0
 1957    0.0   0.0   0.0   1.5  22.5 135.0 438.0 316.0  21.0   0.0   0.0   0.0
 1958    0.0   0.0   0.0   3.5  55.0 122.5 187.0 276.5  94.0  12.5   0.0   0.0
 1959    0.0   0.0   0.0   2.0  85.5 204.5 238.5 349.5  98.0   0.0   0.0   0.0
 1960    0.0   0.0   0.0  19.0  16.0  93.5 222.5 244.0 107.0   5.0   0.0   0.0
 1961    0.0   0.0   0.0   7.0  22.0 156.0 289.0 239.0  75.0   0.0   0.0   0.0
 1962    0.0   0.0   0.0  13.0 151.5 167.5 261.0 257.0  61.0  39.0   0.0   0.0
 1963    0.0   0.0   0.0  10.5  54.5 291.5 356.0 234.0  75.5  77.0   0.0   0.0
 1964    0.0   0.0   0.0   9.5 108.5 165.0 356.0 161.0  88.0   2.5   0.0   0.0
 1965    0.0   0.0   0.0   6.0  97.5 117.5 198.0 163.5  24.5  12.0   0.0   0.0
 1966    0.0   0.0   0.0   1.0  39.5 141.5 378.0 160.0  49.5   9.5   0.0   0.0
 1967    0.0   0.0   2.5   0.5  60.5 117.0 218.5 171.0  36.5  23.0   0.0   0.0
 1968    0.0   0.0   0.0   4.0  19.0 201.0 270.0 238.5  43.0  31.5   0.0   0.0
 1969    0.0   0.0   0.0   0.0  67.0 101.0 319.5 273.0  57.5  19.0   0.0   0.0
 1970    0.0   0.0   0.0  20.5  94.0 164.0 346.0 301.0 122.0   9.0   0.0   0.0
 1971    0.0   0.0   0.0   3.5  13.5 305.5 233.0 209.5 153.5  33.5   0.0   0.0
 1972    0.0   0.0   0.0   0.0  53.0 169.0 261.0 246.0 115.5   2.5   0.0   0.0
 1973    0.0   0.0   0.0   0.0  16.5 179.0 247.5 272.5  55.5  14.5   0.0   0.0
 1974    0.0   0.0   0.0   2.0  35.0 115.5 449.5 182.0  29.0   0.0   0.0   0.0
 1975    0.0   0.0   0.0   0.5  56.5 140.0 257.5 363.0  38.0  19.5   0.0   0.0
 1976    0.0   0.0   0.0  12.0  18.0 121.0 274.0 225.0  72.5  12.5   0.0   0.0
 1977    0.0   0.0   0.0  16.0  86.0 182.5 378.5 161.5  54.5   0.0   0.0   0.0
 1978    0.0   0.0   0.0   0.0  43.0 165.0 256.0 227.5 175.0   2.0   0.0   0.0
 1979    0.0   0.0   0.0   0.0  35.5 140.5 208.0 193.0  60.5   6.5   0.0   0.0
 1980    0.0   0.0   0.0  18.5  42.0 178.0 435.0 299.0  85.5   2.5   0.0   0.0
 1981    0.0   0.0   0.0  20.0  26.5 200.0 313.5 162.5  55.0   0.0   0.0   0.0
 1982    0.0   0.0   0.0   0.0  18.5  59.5 248.0 118.5  49.0  21.0   0.0   0.0
 1983    0.0   0.0   0.0   0.0  11.0 179.0 408.0 458.0 126.0  14.0   0.0   0.0
 1984    0.0   0.0   0.0   2.5  19.5 205.0 261.0 340.0  99.0   1.5   0.0   0.0
 1985    0.0   0.0   0.0  32.0  40.5  96.0 285.5  87.5 132.0   0.0   0.0   0.0
 1986    0.0   0.0  10.5  14.0  35.5 247.5 342.0 115.0 121.0   0.0   0.0   0.0
 1987    0.0   0.0   0.0  19.5  85.0 246.5 327.5 203.0  37.0   0.0   0.0   0.0
 1988    0.0   0.0   0.0   0.0  65.5 300.5 329.5 389.0  85.5   0.0   0.0   0.0
 1989    0.0   0.0   4.5  49.0  44.0 120.0 331.0 220.0  51.0   4.0   0.0   0.0
 1990    0.0   0.0   0.0  16.0   2.5 208.5 269.0 243.5 191.0   8.0   1.5   0.0
 1991    0.0   0.0   4.0  12.5 119.0 235.5 280.5 233.5 133.0   6.5   0.0   0.0
 1992    0.0   0.0   0.0   0.5  40.0  91.0 166.0  91.5  60.0   6.5   0.0   0.0
 1993    0.0   0.0   0.0   0.0  10.5 136.0 242.0 266.5  14.5  14.5   0.0   0.0
 1994    0.0   0.0   0.0  13.0  49.0 206.0 189.0 173.5  85.0  11.0   0.0   0.0
 1995    0.0   0.0   0.0   0.0   1.0 153.5 314.0 391.0  68.0  11.5   0.0   0.0
 1996    0.0   0.0   0.0   1.5  39.5 195.5 215.5 203.0  64.5   5.5   0.0   0.0
 1997    0.0   0.0   0.0   0.0   8.0 185.0 324.0 219.5 105.0  57.5   0.0   0.0
 1998    0.0   0.0   0.0   2.5  85.5 157.0 322.0 289.0 209.5   5.5   0.0   0.0
 1999    0.0   0.0   0.0   0.0  21.5 162.5 379.0 200.0  73.0   3.0   0.0   0.0
 *****************************************************************************************
 MEANS   0.0   0.0   0.5   8.9  49.1 181.2 308.8 247.1  89.3  13.8   0.0   0.0
 
 THESE ARE THE HEAT STRESS VARIABLES 1951-1999 FOR STATION #1833
             # OF DAYS MAXT >86                           HEAT INDEX
 YEAR   MAY  JUNE  JULY   AUG  SEPT  TOTAL     MAY    JUNE   JULY   AUG    SEPT  TOTAL
 1951   0.0   0.0  12.0   8.0   0.0   20.0      0.0    0.0   44.0   34.0    0.0   78.0
 1952   1.0  19.0  15.0   5.0  10.0   50.0      2.0   91.0   74.0    9.0   25.0  201.0
 1953   3.0  13.0  17.0  14.0   6.0   53.0     12.0   62.0  118.0   89.0   51.0  332.0
 1954   0.0  12.0  26.0   9.0   8.0   55.0      0.0   71.0  248.0   43.0   46.0  408.0
 1955   2.0   4.0  26.0  21.0  12.0   65.0      3.0   17.0  202.0  185.0   83.0  490.0
 1956   4.0  18.0   8.0  11.0  11.0   52.0     16.0   80.0   52.0   51.0   41.0  240.0
 1957   0.0   4.0  22.0  13.0   0.0   39.0      0.0    8.0  136.0   91.0    0.0  235.0
 1958   0.0   5.0   3.0  16.0   2.0   26.0      0.0   23.0    9.0   71.0    8.0  111.0
 1959   0.0   6.0   9.0  17.0   3.0   35.0      0.0   21.0   31.0   59.0    9.0  120.0
 1960   0.0   1.0  11.0   9.0   7.0   28.0      0.0    2.0   38.0   32.0   23.0   95.0
 1961   0.0   6.0  16.0   9.0   3.0   34.0      0.0   23.0   64.0   36.0    8.0  131.0
 1962   6.0   7.0  10.0  12.0   2.0   37.0     13.0   15.0   40.0   48.0    6.0  122.0
 1963   2.0  14.0  17.0   6.0   1.0   40.0      5.0   77.0   64.0   31.0    2.0  179.0
 1964   5.0   3.0  16.0   7.0   2.0   33.0      6.0    3.0   80.0   37.0    7.0  133.0
 1965   1.0   1.0   9.0  12.0   1.0   24.0      1.0    1.0   36.0   54.0    3.0   95.0
 1966   4.0   5.0  20.0   7.0   1.0   37.0     15.0   13.0  110.0   19.0    2.0  159.0
 1967   5.0   0.0  12.0   8.0   0.0   25.0     29.0    0.0   46.0   11.0    0.0   86.0
 1968   2.0  14.0  12.0  12.0   0.0   40.0      8.0   35.0   46.0   48.0    0.0  137.0
 1969   0.0   6.0  16.0  12.0   0.0   34.0      0.0   31.0   68.0   37.0    0.0  136.0
 1970   2.0   6.0  19.0  15.0   7.0   49.0      4.0   26.0  144.0   81.0   30.0  285.0
 1971   0.0  16.0  11.0  13.0  13.0   53.0      0.0   90.0   42.0   58.0   62.0  252.0
 1972   1.0  11.0  17.0  14.0   7.0   50.0      1.0   70.0   71.0  104.0   27.0  273.0
 1973   0.0  10.0  15.0  12.0   1.0   38.0      0.0   47.0   44.0   46.0    2.0  139.0
 1974   0.0   6.0  29.0  10.0   3.0   48.0      0.0   41.0  303.0   44.0    5.0  393.0
 1975   4.0   9.0  23.0  23.0   2.0   61.0     10.0   23.0  107.0  160.0   17.0  317.0
 1976   0.0   5.0  19.0  12.0   4.0   40.0      0.0   19.0   97.0   46.0   10.0  172.0
 1977   2.0  14.0  25.0   6.0   0.0   47.0      4.0   85.0  179.0   21.0    0.0  289.0
 1978   3.0  10.0  14.0  12.0  14.0   53.0      5.0   50.0   66.0   61.0   59.0  241.0
 1979   2.0   8.0   9.0  11.0   5.0   35.0      3.0   18.0   28.0   57.0   10.0  116.0
 1980   2.0   8.0  24.0  20.0   6.0   60.0      2.0   49.0  236.0  129.0   27.0  443.0
 1981   0.0  10.0  12.0   5.0   2.0   29.0      0.0   28.0   74.0   14.0    8.0  124.0
 1982   0.0   3.0  19.0   7.0   0.0   29.0      0.0   10.0   72.0   39.0    0.0  121.0
 1983   1.0   8.0  28.0  26.0  13.0   76.0      2.0   21.0  177.0  272.0   83.0  555.0
 1984   0.0   5.0  16.0  24.0   8.0   53.0      0.0   14.0   79.0  188.0   57.0  338.0
 1985   2.0   7.0  15.0   3.0  10.0   37.0      2.0   32.0   98.0   14.0   46.0  192.0
 1986   0.0  12.0  18.0   3.0   0.0   33.0      0.0   57.0   77.0    7.0    0.0  141.0
 1987   2.0  10.0  13.0   6.0   0.0   31.0      3.0   47.0   64.0   41.0    0.0  155.0
 1988   2.0  15.0  18.0  22.0   4.0   61.0      4.0  125.0  107.0  179.0   10.0  425.0
 1989   2.0   5.0  13.0   5.0   1.0   26.0      8.0   14.0   79.0   21.0    1.0  123.0
 1990   0.0   6.0   8.0   9.0  14.0   37.0      0.0   24.0   56.0   42.0   50.0  172.0
 1991   1.0   7.0  13.0  11.0   6.0   38.0      1.0   21.0   58.0   43.0   14.0  137.0
 1992   1.0   5.0   3.0   3.0   0.0   12.0      1.0   10.0    9.0    5.0    0.0   25.0
 1993   0.0   2.0   4.0  10.0   1.0   17.0      0.0    4.0    8.0   41.0    3.0   56.0
 1994   1.0   8.0   4.0   7.0   2.0   22.0      3.0   14.0    8.0   26.0    5.0   56.0
 1995   0.0   5.0  14.0  16.0   1.0   36.0      0.0   12.0   75.0   95.0    1.0  183.0
 1996   2.0   8.0   6.0   4.0   1.0   21.0      2.0   17.0   22.0    9.0    1.0   51.0
 1997   1.0   9.0  19.0  11.0   4.0   44.0      2.0   21.0   79.0   40.0   15.0  157.0
 1998   2.0   6.0   9.0  11.0  10.0   38.0      7.0   20.0   33.0   39.0   43.0  142.0
 1999   0.0   4.0  18.0   7.0   4.0   33.0      0.0    6.0   92.0   16.0   10.0  124.0
 *****************************************************************************************
 MEANS  1.4   7.9  15.3  11.4   4.4   40.4      3.7   33.3   85.3   60.9   19.0  202.2
