 
 THIS IS FOR STATION NUMBER 2689 1951-> 1999
                                 # OF PRECIPITATION EVENTS - % IN PARENS
 CL                   MAX   MEAN  0.01-  0.26-  0.51-  1.01-          # OF DAYS
 WK    TIME PERIOD    VAL   RAIN    0.25   0.51   1.00   2.00  >2.01 MISSING TOTAL
  1 3/1-->3/7        1.10   0.42  46(60) 15(19) 12(15)  3( 3)  0( 0)    7       76
  2 3/8-->3/14       2.36   0.47  61(68) 17(19)  6( 6)  4( 4)  1( 1)    9       89
  3 3/15-->3/21      2.00   0.44  47(61) 19(24)  7( 9)  3( 3)  1( 1)    7       77
  4 3/22-->3/28      2.79   0.64  46(56) 21(25)  7( 8)  5( 6)  3( 3)    7       82
  5 3/29-->4/4       1.30   0.59  57(58) 20(20) 16(16)  5( 5)  0( 0)    7       98
  6 4/5-->4/11       1.41   0.49  44(56) 19(24) 11(14)  4( 5)  0( 0)    7       78
  7 4/12-->4/18      2.20   0.65  55(56) 17(17) 19(19)  5( 5)  1( 1)    7       97
  8 4/19-->4/25      2.33   0.75  45(48) 22(23) 17(18)  7( 7)  2( 2)    7       93
  9 4/26-->5/2       2.04   0.83  59(51) 22(19) 26(22)  6( 5)  1( 0)    8      114
 10 5/3-->5/9        1.50   0.78  55(48) 29(25) 22(19)  7( 6)  0( 0)    6      113
 11 5/10-->5/16      1.30   0.79  58(51) 25(22) 20(17)  9( 8)  0( 0)    1      112
 12 5/17-->5/23      3.20   0.87  56(53) 22(21) 15(14)  8( 7)  3( 2)    1      104
 13 5/24-->5/30      2.73   0.96  71(58) 16(13) 23(18) 10( 8)  2( 1)    0      122
 14 5/31-->6/6       2.00   0.89  53(50) 16(15) 24(22) 11(10)  2( 1)    0      106
 15 6/7-->6/13       2.56   1.04  49(44) 22(20) 23(21) 12(11)  3( 2)    0      109
 16 6/14-->6/20      3.85   1.25  69(51) 18(13) 26(19) 18(13)  2( 1)    1      133
 17 6/21-->6/27      4.28   1.18  45(41) 23(21) 22(20) 14(12)  4( 3)    0      108
 18 6/28-->7/4       2.65   0.95  49(48) 24(23) 15(14) 11(10)  3( 2)    5      102
 19 7/5-->7/11       3.21   1.05  44(44) 21(21) 18(18) 12(12)  4( 4)    7       99
 20 7/12-->7/18      3.70   0.90  53(52) 16(15) 18(17) 11(10)  3( 2)    7      101
 21 7/19-->7/25      1.77   0.76  54(54) 19(19) 17(17) 10(10)  0( 0)    9      100
 22 7/26-->8/1       4.68   0.92  53(56) 19(20)  9( 9) 10(10)  3( 3)    6       94
 23 8/2-->8/8        2.92   0.87  38(44) 22(25) 11(12) 11(12)  4( 4)    0       86
 24 8/9-->8/15       3.12   0.86  35(42) 20(24) 17(20)  6( 7)  5( 6)    0       83
 25 8/16-->8/22      4.83   0.92  51(52) 20(20) 17(17)  6( 6)  4( 4)    0       98
 26 8/23-->8/29      2.28   0.86  40(44) 19(21) 15(16) 14(15)  2( 2)    2       90
 27 8/30-->9/5       4.10   0.81  47(56) 13(15) 12(14)  5( 6)  6( 7)   10       83
 28 9/6-->9/12       4.10   0.71  56(62) 12(13) 11(12)  8( 8)  2( 2)   15       89
 29 9/13-->9/19      2.17   0.67  55(59) 12(13) 17(18)  6( 6)  2( 2)   14       92
 30 9/20-->9/26      3.35   0.75  58(56) 23(22) 12(11)  8( 7)  1( 0)   14      102
 31 9/27-->10/3      1.64   0.47  47(61) 10(13) 15(19)  4( 5)  0( 0)   11       76
 32 10/4-->10/10     2.00   0.65  43(52) 15(18) 14(17)  9(10)  1( 1)   13       82
 33 10/11-->10/17    2.03   0.46  35(54) 10(15) 14(21)  4( 6)  1( 1)    9       64
 34 10/18-->10/24    1.39   0.41  34(52) 18(27) 11(16)  2( 3)  0( 0)    7       65
 35 10/25-->10/31    1.98   0.35  37(67)  8(14)  5( 9)  5( 9)  0( 0)    7       55
 36 11/1-->11/7      1.75   0.33  44(70)  8(12)  5( 8)  5( 8)  0( 0)   14       62
 37 11/8-->11/14     1.84   0.34  44(68) 13(20)  4( 6)  3( 4)  0( 0)   15       64
 38 11/15-->11/21    2.17   0.43  33(52) 12(19) 15(23)  2( 3)  1( 1)   15       63
 39 11/22-->11/28    0.80   0.23  50(74) 12(17)  5( 7)  0( 0)  0( 0)   14       67
 40 11/29-->12/5     2.08   0.24  41(75)  6(11)  6(11)  0( 0)  1( 1)   19       54
 41 12/6-->12/12     1.32   0.19  45(81)  5( 9)  4( 7)  1( 1)  0( 0)   21       55
 42 12/13-->12/19    1.34   0.23  34(66) 11(21)  5( 9)  1( 1)  0( 0)   22       51
 43 12/20-->12/26    1.10   0.20  43(81)  4( 7)  5( 9)  1( 1)  0( 0)   22       53
 44 12/27-->1/2      1.90   0.25  36(73)  8(16)  2( 4)  3( 6)  0( 0)   22       49
 45 1/3-->1/9        1.20   0.14  44(88)  4( 8)  1( 2)  1( 2)  0( 0)   14       50
 46 1/10-->1/16      0.97   0.18  39(78)  6(12)  5(10)  0( 0)  0( 0)   14       50
 47 1/17-->1/23      1.38   0.20  42(75)  9(16)  4( 7)  1( 1)  0( 0)   14       56
 48 1/24-->1/30      0.65   0.15  53(88)  3( 5)  4( 6)  0( 0)  0( 0)   14       60
 49 1/31-->2/6       0.64   0.15  30(75)  5(12)  5(12)  0( 0)  0( 0)    8       40
 50 2/7-->2/13       0.87   0.15  33(78)  6(14)  3( 7)  0( 0)  0( 0)    9       42
 51 2/14-->2/20      2.08   0.29  35(62) 13(23)  5( 8)  2( 3)  1( 1)    9       56
 52 2/21-->2/27      1.25   0.25  39(72)  9(16)  3( 5)  3( 5)  0( 0)    9       54
 53 2/28-->2/29      1.55   0.05   8(88)  0( 0)  0( 0)  1(11)  0( 0)    1        9
 ANNUAL TOTALS       4.83   2438(57)778(18)625(14)297( 7) 69( 1)  467     4207
 
 THESE ARE THE MONTHLY AVERAGES FOR 1951-->1999 FOR STATION NUMBER 2689
   JAN  FEB  MAR  APR  MAY  JUN  JUL  AUG  SPT  OCT  NOV  DEC  ANNUAL
   0.76 0.89 2.12 2.92 3.77 4.70 4.03 4.00 2.84 2.05 1.45 0.91 30.43  <-- PRECIP
  
   15.7 22.1 33.0 48.6 61.3 71.0 74.8 72.3 63.5 51.7 35.0 21.6  52.1  <-- TEMP
 
 TWELVE SIGNIFICANT RAINFALL EVENTS  
 MONTH  DAY  YEAR   AMOUNT
   8     21  1979     4.83
   7     26  1969     4.68
   6     23  1994     4.28
   8     30  1962     4.10
   9      8  1964     4.10
   6     18  1954     3.85
   7     27  1997     3.75
   7     17  1968     3.70
   8     22  1975     3.55
   9      5  1985     3.50
   7     31  1964     3.40
   9     20  1964     3.35
 
 GROWING DEGREE DAYS FOR 4 BASE TEMPS FOR STATION NUMBER  2689
               MARCH                       APRIL  
     ****************************  *************************** 
 YEAR  40-86  48-86  50-86  52-86   40-86  48-86  50-86  52-86  
     ****************************  *************************** 
 1951      5      0      0      0    177     89     76     64
 1952     36     16     13     10    360    234    209    186
 1953    115     43     30     22    176     77     60     45
 1954     32      6      4      2    390    249    220    194
 1955     94     44     33     24    461    303    272    242
 1956     53     15     11      7    248    151    129    107
 1957     77     27     19     12    351    228    206    184
 1958     63     18     10      6    307    174    147    124
 1959     80     29     21     15    345    212    184    160
 1960     15      1      0      0    331    201    178    157
 1961     47     13      8      6    183     91     73     57
 1962     10      1      0      0    271    156    140    126
 1963    159    107     96     85    380    230    196    167
 1964     52     20     14      9    304    176    151    131
 1965      2      0      0      0    240    133    111     94
 1966    185    102     84     66    182     87     69     56
 1967    177    115    103     91    320    187    157    131
 1968    266    171    152    134    384    244    215    187
 1969     10      1      0      0    334    197    171    146
 1970     13      0      0      0    341    216    191    168
 1971     61     28     22     18    368    236    205    178
 1972     87     35     26     18    239    123    102     83
 1973    120     43     30     19    293    175    149    125
 1974    103     32     25     20    358    213    180    153
 1975     20      2      1      0    178     74     57     41
 1976    153     93     82     71    458    304    269    234
 1977    174     84     66     50    514    351    317    286
 1978    131     74     62     52    274    148    122     98
 1979     17      2      1      0    231    123    102     84
 1980     61     20     14     10    375    239    212    188
 1981    168     76     58     42    480    313    277    244
 1982     78     25     16     10    283    179    157    136
 1983     83     38     29     22    180     96     81     69
 1984     28      4      1      0    228    109     87     67
 1985    147     69     53     40    453    303    272    243
 1986    179    105     92     81    379    229    197    167
 1987    163     84     73     62    482    326    295    266
 1988    168     84     65     52    356    224    194    167
 1989    112     58     50     43    380    240    210    184
 1990    154     72     55     42    387    236    205    179
 1991    122     55     46     38    369    219    190    162
 1992    130     54     42     31    255    145    125    107
 1993     21      4      2      1    238    123    101     83
 1994    133     60     48     39    362    244    218    192
 1995    121     47     37     29    218    115     93     73
 1996     80     33     26     21    266    160    138    117
 1997    110     58     47     38    262    148    125    103
 1998     74     42     37     32    294    173    147    124
 1999    109     50     40     31    271    143    119     96
     ****************************  *************************** 
 MEAN   94.1   44.2   35.8   28.8  316.9  191.0  165.6  142.6
 STDV   60.8   37.9   33.4   29.1   88.6   69.8   65.0   60.4
 
               MAY                         JUNE   
     ****************************  *************************** 
 YEAR  40-86  48-86  50-86  52-86   40-86  48-86  50-86  52-86  
     ****************************  *************************** 
 1951    666    439    388    342    706    475    419    366
 1952    573    361    316    273    951    712    653    595
 1953    596    390    348    311    926    688    629    571
 1954    482    313    275    238    914    678    622    567
 1955    718    496    450    407    775    540    484    433
 1956    638    432    389    349    969    734    676    618
 1957    543    347    304    264    808    571    513    458
 1958    693    485    438    394    741    509    454    406
 1959    673    461    412    365    917    677    619    566
 1960    606    397    349    304    789    553    496    444
 1961    523    338    299    262    860    621    566    513
 1962    751    518    464    414    824    586    530    476
 1963    593    387    344    305    940    701    642    584
 1964    735    511    464    418    851    618    564    510
 1965    709    481    428    378    869    629    571    515
 1966    541    369    334    302    886    648    590    533
 1967    476    300    264    233    826    588    530    474
 1968    481    308    271    237    866    634    578    525
 1969    652    442    397    355    714    494    443    395
 1970    700    489    441    396    912    674    617    561
 1971    578    390    351    314    984    744    684    625
 1972    645    439    391    346    847    608    553    500
 1973    590    383    339    298    918    678    618    559
 1974    560    365    324    285    832    595    539    486
 1975    712    490    443    398    852    616    559    503
 1976    595    401    360    320    875    639    584    532
 1977    865    627    571    517    918    678    619    560
 1978    645    446    402    361    886    655    598    542
 1979    559    372    333    295    858    625    568    513
 1980    702    486    441    397    856    621    567    516
 1981    591    396    353    314    898    658    598    541
 1982    655    428    376    326    723    495    445    399
 1983    504    330    293    260    833    603    548    496
 1984    555    358    315    276    883    643    585    528
 1985    704    483    439    397    761    535    486    439
 1986    645    434    386    341    915    676    617    559
 1987    807    575    523    474    978    739    680    621
 1988    831    598    548    500   1003    764    706    648
 1989    654    450    404    364    859    624    571    518
 1990    558    355    312    270    930    697    639    582
 1991    736    520    470    421    984    744    684    624
 1992    671    466    421    377    844    606    549    495
 1993    583    366    322    279    784    548    492    437
 1994    710    498    453    408    930    690    631    573
 1995    526    314    273    235    865    631    575    520
 1996    513    315    272    233    886    650    593    537
 1997    488    301    263    226    937    697    637    577
 1998    745    511    459    414    759    529    476    424
 1999    600    376    330    288    819    581    525    470
     ****************************  *************************** 
 MEAN  630.4  423.4  378.6  336.6  866.9  630.9  574.2  519.4
 STDV   94.0   79.6   75.7   71.8   73.3   70.5   68.7   66.0
 
               JULY                        AUGUST 
     ****************************  *************************** 
 YEAR  40-86  48-86  50-86  52-86   40-86  48-86  50-86  52-86  
     ****************************  *************************** 
 1951    929    681    619    558    867    619    557    497
 1952   1009    761    700    640    872    624    565    508
 1953   1000    752    690    629    944    696    634    574
 1954   1040    792    730    668    915    667    605    545
 1955   1108    860    798    736   1023    775    713    653
 1956    929    681    619    558    954    710    651    595
 1957   1110    862    800    738    957    710    649    588
 1958    918    670    609    550    984    740    679    620
 1959    981    733    671    610   1052    804    742    681
 1960    971    723    661    601    976    728    666    605
 1961    973    725    663    601    987    739    677    615
 1962    941    693    632    573    944    696    634    574
 1963   1011    763    701    639    916    671    613    557
 1964   1038    790    728    666    826    589    533    479
 1965   1005    757    695    633    890    645    585    527
 1966   1077    829    767    706    861    614    553    497
 1967    944    700    641    586    882    641    585    532
 1968    963    715    654    595    901    653    594    536
 1969   1011    763    701    640    960    712    650    588
 1970   1005    757    696    637    957    709    648    587
 1971    909    662    603    545    915    668    610    553
 1972    912    668    608    550    904    656    596    537
 1973   1004    756    694    632    995    747    685    623
 1974   1070    822    760    698    877    631    571    513
 1975   1030    782    721    662    997    749    687    625
 1976   1031    783    722    662    970    722    662    602
 1977   1059    811    749    687    887    640    581    524
 1978    989    741    679    617    961    714    655    598
 1979   1001    753    691    629    882    635    574    516
 1980   1050    802    740    678    953    705    644    584
 1981   1008    760    698    636    898    652    591    534
 1982   1024    776    714    652    908    663    605    550
 1983   1086    838    776    714   1069    821    759    697
 1984    976    729    668    607    982    737    678    620
 1985    970    722    661    600    835    589    531    476
 1986   1063    815    753    691    851    607    549    492
 1987   1084    836    774    712    895    648    588    531
 1988   1036    788    726    664   1024    779    720    661
 1989   1056    808    746    684    980    732    670    609
 1990    980    732    670    608    976    728    666    606
 1991   1011    763    701    639    973    725    663    601
 1992    830    582    520    460    816    571    513    457
 1993    981    733    671    609    959    711    649    588
 1994    931    683    621    559    867    620    561    503
 1995   1019    771    709    648   1078    830    768    706
 1996    936    688    626    564    930    682    620    558
 1997   1011    763    701    641    899    651    589    527
 1998   1005    757    695    633    972    724    662    600
 1999   1065    817    755    693    902    655    595    535
     ****************************  *************************** 
 MEAN 1002.1  754.3  692.6  631.7  935.4  688.7  628.3  569.3
 STDV   57.2   56.9   56.6   56.0   61.3   60.4   59.5   57.9
 
               SEPTEMBER                   OCTOBER
     ****************************  *************************** 
 YEAR  40-86  48-86  50-86  52-86   40-86  48-86  50-86  52-86  
     ****************************  *************************** 
 1951    538    340    295    254    312    195    172    151
 1952    704    496    450    406     62     42     37     32
 1953    671    471    426    383    492    334    302    271
 1954    684    459    409    360    197     97     78     60
 1955    713    507    461    421    355    231    203    176
 1956    630    440    400    364    553    371    335    303
 1957    582    379    338    300    286    147    122     98
 1958    715    500    453    411    500    324    287    250
 1959    657    451    409    370    104     54     46     39
 1960    672    458    411    365    313    215    193    172
 1961    587    399    357    317      0      0      0      0
 1962    594    396    353    313    409    258    227    197
 1963    703    486    434    384    594    407    371    337
 1964    616    417    372    331    110     65     56     48
 1965    441    253    216    183    354    225    198    171
 1966    641    438    396    356    326    210    185    161
 1967    652    455    414    376    149     96     87     79
 1968    642    421    374    333    352    223    194    166
 1969    665    455    408    365    194    127    113    100
 1970    686    474    428    384    150    109     99     90
 1971    695    487    440    395    476    304    269    234
 1972    649    435    387    345    236    147    130    114
 1973    655    430    380    332    531    344    303    264
 1974    422    285    254    226      0      0      0      0
 1975    604    406    361    320    297    206    187    170
 1976    705    507    463    420    110     75     69     63
 1977    712    475    421    369    127     71     60     50
 1978    819    592    541    491    303    188    164    140
 1979    726    508    462    419    149     96     84     72
 1980    734    512    461    413    303    194    169    145
 1981    693    485    438    395      9      5      4      3
 1982    654    439    391    347    273    173    153    135
 1983    502    347    313    282      0      0      0      0
 1984    555    383    348    317      0      0      0      0
 1985    633    437    392    351    333    189    159    130
 1986    711    480    426    374    147     81     69     58
 1987    699    466    415    369     41     30     28     26
 1988    752    528    480    432     49     27     22     18
 1989    664    461    416    372     84     53     46     39
 1990    788    567    515    465    240    154    134    117
 1991    687    484    437    392     73     44     38     33
 1992    664    467    420    374    214    126    111     99
 1993    538    332    288    248    165    114    103     92
 1994    740    514    460    411    370    215    182    151
 1995    457    307    274    245      0      0      0      0
 1996    609    407    362    321    413    260    228    201
 1997    690    470    421    378    379    261    235    211
 1998    787    562    510    461    385    229    198    168
 1999    622    427    388    350     14     10      9      8
     ****************************  *************************** 
 MEAN  652.5  447.1  401.7  359.2  235.6  149.8  132.0  115.3
 STDV   84.5   69.0   65.2   61.1  167.7  110.3   98.5   87.5
 
 DAILY RECORD HIGHS AND LOWS OCCURRING DURING 1951-1999 FOR STATION NUMBER 2689
     JAN     FEB    MARCH   APRIL    MAY     JUNE    JULY    AUG     SEPT    OCT     NOV     DEC
 DY MX  MN  MX  MN  MX  MN  MX  MN  MX  MN  MX  MN  MX  MN  MX  MN  MX  MN  MX  MN  MX  MN  MX  MN
  1  48 -24  53 -19  69 -26  80  10  92  25  88  38  99  49  99  50  92  41  89  26  71  17  63  -5
  2  55 -15  53 -27  65 -10  81   5  90  25  88  38  93  50  96  50  93  41  91  22  75   7  68 -10
  3  49 -17  47 -23  66  -2  76  12  88  22  96  39 101  46  98  48  91  36  92  25  80   6  63 -15
  4  50 -18  52 -18  64 -11  74  11  91  26  99  39 101  44  94  49  93  36  91  28  76  -3  63  -9
  5  49 -22  57 -24  64 -16  87  16  85  30  98  42  99  42  93  46  94  39  94  26  68   4  57  -3
  6  43 -22  54 -17  69 -12  89   8  87  28  92  40  96  50  96  51  98  38  94  27  68   6  55 -15
  7  53 -22  63 -15  73  -8  84  16  89  29  96  46 100  46  96  49  98  40  89  23  73  -5  59 -15
  8  56 -18  55 -20  75  -9  83   9  89  30 102  41  96  50  95  51  94  40  85  25  68   0  56 -16
  9  54 -22  59 -22  61 -12  88  12  91  26  98  42  99  51  94  49  97  42  82  24  79  13  54 -17
 10  51 -29  59 -16  71  -2  86  18  91  25  99  44 100  50  98  48  92  40  83  24  71   8  59 -15
 11  48 -19  63 -26  65  -7  86  23  88  31  95  42 100  49  93  44  93  35  86  18  73  -7  55 -16
 12  52 -24  58 -18  71 -10  82  17  87  32  96  44 100  49  97  46  92  33  89  25  69  -2  55 -13
 13  55 -15  57 -12  68  -5  80  21  91  26  99  41 101  50 100  42  93  34  88  25  67  -4  51 -23
 14  51 -25  61  -8  62 -13  89  21  91  35  98  44  98  50  96  45  93  38  86  26  76  -8  52 -16
 15  57 -25  50 -14  66   0  81  20  88  30  95  42  95  50 101  46  97  34  88  25  71   3  55 -15
 16  47 -23  59 -25  77  -4  88  20  90  34  98  45  95  50 100  46  95  33  83  22  70   1  59 -14
 17  46 -18  60 -20  70   0  86  20  92  35  94  45  97  48 102  50  95  35  85  20  70  -6  54 -15
 18  47 -24  61  -8  68   1  91  19  92  36  97  47  99  51  99  46  90  38  79  15  67   2  55 -20
 19  47 -28  55 -16  71   0  87  24  92  39  97  45  97  55  95  45  97  31  83  11  70   7  51 -22
 20  47 -25  59  -9  72   0  90  25  94  33  98  44  96  49  97  45  91  29  84  15  59   6  50 -23
 21  50 -28  59 -13  68  -5  93  21  92  36 101  45  98  51  98  47  85  29  83  21  65  -5  49 -23
 22  51 -15  59  -6  76   6  91  25  90  29  99  46  98  50  95  50  87  24  81  20  63  -3  45 -24
 23  55 -24  57  -9  73  -1  85  25  91  30  92  49 100  48  94  45  81  27  81  18  61   0  41 -23
 24  61 -18  62 -12  82  -4  86  24  88  36  99  47  93  53  91  45  85  33  81  23  62  -5  45 -24
 25  51 -13  56  -8  77   2  88  28  99  38  97  43  94  52  92  41  90  34  81  21  71  -5  48 -16
 26  47 -14  61 -13  76   0  87  29  91  36  98  41  99  50 100  42  92  24  84  20  60 -11  51 -21
 27  46 -16  54 -12  77   5  88  30  89  38  98  43  94  49 101  46  93  33  81  16  65  -4  53 -22
 28  42 -19  55 -22  81   1  92  28  91  35  98  50 100  52  99  42  89  28  80  15  70 -11  51 -19
 29  48 -25 *** ***  84  -3  86  23  92  36  99  48  99  47  98  45  89  26  74  16  60  -6  46 -11
 30  53 -18 *** ***  85  -2  89  23  92  42  99  49 102  45  93  47  91  28  75  15  64  -8  52 -18
 31  54 -22 *** ***  84   8 *** ***  91  40 *** *** 105  48  93  42 *** ***  78  15 *** ***  47 -19
 
 DAILY MAXIMUM PRECIPITATION OCCURRING DURING 1951-1999 FOR STATION NUMBER 2689
     JAN   FEB   MARCH APRIL MAY   JUNE  JULY  AUG   SEPT  OCT   NOV   DEC
 
  1  0.33  0.50  1.00  1.20  2.04  1.30  1.90  1.25  0.48  0.83  1.17  0.78
  2  1.90  0.64  1.10  1.30  1.41  1.10  1.12  1.54  0.85  0.75  0.84  0.42
  3  0.42  0.24  0.76  1.00  1.00  1.55  1.19  1.81  0.55  1.26  0.18  0.83
  4  1.20  0.52  0.71  0.80  0.60  2.00  2.25  0.83  2.11  1.56  1.19  0.50
  5  0.54  0.37  0.74  1.30  1.30  1.50  1.52  2.92  3.50  0.65  1.75  0.20
  6  0.45  0.50  1.06  1.41  1.20  0.90  1.63  2.00  1.65  0.70  0.62  0.60
  7  0.11  0.14  0.55  0.46  1.12  2.40  3.21  2.10  1.35  2.00  0.16  0.80
  8  0.30  0.40  2.36  0.87  1.15  2.56  1.27  1.55  4.10  1.24  0.45  0.30
  9  0.06  0.45  0.97  0.79  1.50  1.10  2.92  0.78  1.30  1.10  1.67  0.28
 10  0.20  0.87  0.38  0.84  1.30  1.20  2.42  2.20  1.40  0.83  1.84  1.32
 11  0.97  0.60  1.20  0.47  1.03  1.02  2.30  1.22  0.60  0.55  0.44  0.35
 12  0.70  0.80  1.15  0.70  1.10  2.10  1.25  0.90  2.61  1.25  0.46  0.51
 13  0.13  0.25  0.45  2.20  0.78  1.50  0.95  2.57  1.59  2.03  0.58  0.38
 14  0.95  0.35  1.05  1.34  0.98  2.60  2.40  2.22  0.83  0.18  0.22  0.78
 15  0.85  0.42  0.80  1.38  1.20  0.92  1.32  3.12  0.75  1.13  1.60  0.56
 16  0.36  0.28  0.32  1.08  1.30  1.75  0.92  2.07  2.00  0.90  1.00  0.96
 17  0.35  0.16  0.40  0.50  2.05  1.89  3.70  0.70  0.62  1.00  0.67  0.55
 18  1.38  2.08  2.00  1.21  0.80  3.85  1.25  2.20  2.17  0.75  0.72  1.34
 19  0.52  0.50  1.90  0.88  1.40  1.19  1.12  1.97  1.75  0.90  0.53  0.46
 20  0.48  1.24  0.49  2.31  1.25  1.40  1.18  0.76  3.35  0.96  2.17  0.57
 21  0.60  0.85  0.84  2.33  3.20  1.42  1.50  4.83  1.30  1.31  0.56  0.30
 22  0.31  0.90  1.20  1.06  1.78  1.39  1.77  3.55  1.42  0.84  0.22  1.10
 23  0.57  1.25  2.79  1.90  3.15  4.28  0.94  1.25  0.97  1.39  0.48  0.21
 24  0.26  0.28  0.88  1.20  1.11  2.14  0.91  0.50  0.79  0.58  0.34  0.72
 25  0.65  0.40  2.10  0.93  1.05  2.50  0.76  2.08  1.77  0.26  0.77  0.89
 26  0.17  1.20  1.42  0.73  2.21  1.45  4.68  2.28  1.69  0.34  0.30  0.34
 27  0.52  0.14  1.80  1.45  1.48  2.00  3.75  1.50  1.64  1.98  0.31  0.95
 28  0.22  1.55  1.08  1.06  1.70  1.60  1.64  1.60  0.90  0.12  0.80  1.90
 29  0.55******  0.75  0.76  1.37  2.65  1.69  1.50  1.33  1.14  0.50  0.41
 30  0.52******  1.05  1.20  2.73  1.85  1.13  4.10  0.85  1.38  2.08  0.26
 31  0.12******  0.56******  2.00******  3.40  1.48******  1.10******  0.17
 
 RECORD LARGEST AND SMALLEST DAILY RANGES (MAX-MIN) DURING 1951-1999 FOR STATION NUMBER 2689
     JAN     FEB    MARCH   APRIL    MAY     JUNE    JULY    AUG     SEPT    OCT     NOV     DEC
 DY MX  MN  MX  MN  MX  MN  MX  MN  MX  MN  MX  MN  MX  MN  MX  MN  MX  MN  MX  MN  MX  MN  MX  MN
  1 32   2  35   3  35   5  43   4  43   6  37  10  34  12  37   7  38  10  47   8  39   1  32   2
  2 39   3  55   3  36   5  47   3  42   5  40   6  30  11  33  11  46   8  40   2  41   1  38   3
  3 39   4  39   4  35   0  43   2  41   8  43   7  34   9  35  10  39  10  39   6  39   2  36   3
  4 34   5  49   3  38   4  40   8  51   8  37  12  34  11  31   8  41   8  44   5  39   2  37   3
  5 37   3  37   3  38   4  42   6  39   6  38  11  35   5  33   3  40  11  51   7  37   4  31   4
  6 38   3  40   3  36   4  44   7  38   2  36  10  35   8  33   5  38  13  46   6  40   2  35   3
  7 33   5  37   5  38   6  48   5  40   3  34   9  34   8  33   5  43  11  45   4  45   4  46   2
  8 38   5  39   3  45   5  40   4  45   5  35   5  31  12  37   5  41   8  40   2  37   6  34   3
  9 38   7  37   3  37   5  48   2  44  10  40   6  36  10  31  13  41   7  41   4  38   3  36   3
 10 38   3  34   4  45   5  43   3  43   9  40   8  34  10  36  12  43  11  41   6  36   2  35   6
 11 36   1  40   2  31   5  49   3  37   9  39  12  32   9  33   7  39   7  43   6  44   5  49   5
 12 39   2  40   2  35   5  42   6  41   8  35   5  31   6  37  10  45   9  44   5  47   2  40   4
 13 33   2  34   4  37   4  42   7  42   6  36  14  35   9  36  10  37   5  43   6  36   5  38   2
 14 36   5  37   4  39   4  44   4  44   7  34  10  31   7  38   9  36   6  43  11  41   5  38   2
 15 42   6  36   2  42   5  48   8  43  12  33  10  31   3  32  11  40   9  40   5  40   4  38   4
 16 41   5  40   3  40   3  47   7  48  10  36   7  39  11  35   9  40   8  41   9  41   3  38   4
 17 40   4  44   3  37   3  45   5  39   6  37  11  36  12  37  11  36   3  40   6  37   5  34   3
 18 54   4  40   2  34   3  52   4  39   8  41   8  29  12  35   6  39   6  44   6  38   3  33   2
 19 37   6  36   3  37   2  40   4  40   8  34   3  31  11  33   5  50   3  42   6  49   1  35   6
 20 42   1  36   4  36   6  40   8  39   8  39  10  33  10  38  10  40   5  53   6  32   3  34   4
 21 38   2  46   6  35   4  46   7  33  10  35  11  32   9  38   6  41   5  45   4  32   5  36   4
 22 44   3  38   4  45   6  44   5  33   6  36   9  32   8  40  11  44   9  41   5  48   4  31   4
 23 34   3  33   5  42   6  37  10  40   9  37   9  37   9  32   8  39   4  38   6  33   5  34   5
 24 35   4  48   7  46   4  40   2  38   7  36  13  33   8  33   7  44   9  47   6  40   2  33   6
 25 38   3  37   5  41   4  51   4  40   1  35  12  37  10  37   9  45  10  46   5  44   2  36   3
 26 34   3  40   2  45   4  37   4  40   6  37   5  31   8  39   6  42   6  50   7  34   4  42   5
 27 33   4  39   4  43   5  39   8  37   8  40  11  32  10  39   9  40   8  45   5  31   5  36   5
 28 36   5  40   5  42   4  46   6  39   8  38   8  33  10  40   6  41   6  43  10  33   3  34   5
 29 39   6  **  **  47   4  44   7  40   6  37  12  37  13  38   9  47   4  43   5  38   5  34   1
 30 37   6  **  **  47   5  42   3  41   5  35   6  32  12  40   8  49  10  46   4  33   3  37   1
 31 39   5  **  **  51   4  **  **  40  10  **  **  36   8  39   7  **  **  42   3  **  **  34   1
 
 DAILY  MEAN  HIGHS AND LOWS OCCURRING DURING 1951-1999 FOR STATION NUMBER 2689
     JAN     FEB    MARCH   APRIL    MAY     JUNE    JULY    AUG     SEPT    OCT     NOV     DEC
 DY MX  MN  MX  MN  MX  MN  MX  MN  MX  MN  MX  MN  MX  MN  MX  MN  MX  MN  MX  MN  MX  MN  MX  MN
  1 25   9  25   7  36  17  51  31  65  41  75  52  84  61  83  60  78  56  70  44  52  33  35  19
  2 26   8  25   7  35  18  52  31  67  42  75  52  83  62  83  61  80  56  69  43  50  31  36  20
  3 25   6  25   6  34  19  51  30  67  43  78  52  83  60  83  61  79  56  67  43  49  30  35  18
  4 23   5  26   7  35  18  49  29  70  44  79  54  84  62  82  60  78  55  66  42  47  29  35  18
  5 23   4  27   9  35  17  53  30  68  45  80  56  83  61  82  60  78  55  67  42  48  27  34  17
  6 23   4  26   8  35  16  55  31  67  43  79  56  84  60  82  61  78  54  65  42  47  28  31  14
  7 21   2  27   8  33  14  55  33  68  44  79  58  85  61  82  60  79  54  65  41  48  27  31  15
  8 23   4  27   8  35  17  52  32  68  45  79  56  84  62  83  61  78  54  64  41  47  27  30  13
  9 22   4  28   9  38  19  52  31  68  45  78  56  83  61  81  59  77  54  63  40  47  28  30  12
 10 22   3  29  12  39  20  55  32  69  45  79  57  84  61  82  59  76  51  64  38  48  26  30  12
 11 23   5  28  10  40  22  56  34  70  46  80  57  84  62  80  58  77  51  66  40  44  26  29  12
 12 25   7  30  10  39  22  55  33  69  45  81  58  84  63  81  59  76  52  65  41  44  26  29  11
 13 26   7  31  12  39  23  56  34  70  45  82  58  84  63  81  59  74  51  65  41  45  27  29  11
 14 25   7  31  12  40  22  58  35  71  48  81  58  83  62  81  59  71  50  65  40  44  25  29  13
 15 23   5  29  12  40  21  60  35  72  48  80  58  84  61  81  59  72  49  63  40  45  26  29  11
 16 24   4  31  11  41  22  60  37  74  48  80  57  86  62  82  59  71  48  64  39  44  25  30  10
 17 24   6  33  13  41  23  61  37  73  49  81  58  85  63  83  60  73  49  62  39  44  25  27  12
 18 25   6  32  17  41  24  62  38  73  50  80  58  86  64  81  59  73  51  58  36  42  25  28  11
 19 24   5  32  14  42  25  62  39  74  49  82  59  85  64  81  59  73  50  59  35  42  24  28  11
 20 23   5  33  15  42  25  61  40  75  49  81  59  84  62  81  59  70  49  59  36  41  25  25   9
 21 25   7  33  13  42  23  62  38  75  50  81  59  84  62  81  58  70  47  61  37  40  23  25  10
 22 26   7  32  14  44  24  61  38  73  51  81  58  83  62  81  59  67  44  61  38  40  21  26  11
 23 26   6  33  16  44  25  63  39  73  51  81  58  83  61  80  59  66  43  58  36  39  21  26  11
 24 25   8  33  14  45  25  63  39  73  50  82  59  84  61  80  58  69  45  58  35  39  20  26   9
 25 23   7  34  15  44  26  66  40  73  50  84  60  84  62  81  58  71  45  59  35  39  21  26   9
 26 21   5  36  17  46  26  66  42  73  51  84  60  84  62  81  59  72  45  59  35  36  20  28   9
 27 23   5  35  19  50  28  64  42  73  51  84  60  83  62  82  60  71  45  59  35  34  18  27  11
 28 24   6  35  18  49  28  64  39  74  52  85  61  83  61  81  58  70  44  56  33  32  16  29  11
 29 24   5  **  **  46  29  64  41  75  53  84  61  84  60  81  59  69  45  56  32  34  17  27  10
 30 24   4  **  **  50  29  64  41  76  52  84  61  84  61  80  59  71  44  54  33  35  17  26   9
 31 26   5  **  **  51  30  **  **  76  53  **  **  83  60  79  56  **  **  53  34  **  **  26   9
  
  # OF DAYS EACH YEAR WHERE MIN >=32 F  1951-1999 FOR STATION # 2689
   51  52  53  54  55  56  57  58  59  60  61  62  63  64  65  66  67  68  69  70
  200 200 216 217 210 196 201 210 202 207 200 209 218 208 203 193 204 208 202 202
 
   71  72  73  74  75  76  77  78  79  80  81  82  83  84  85  86  87  88  89  90
  213 202 225 207 210 198 230 215 197 202 218 207 201 199 203 213 221 199 200 207
 
   91  92  93  94  95  96  97  98  99
  210 216 201 218 213 201 200 236 211
  
 MEAN=208
 
 LENGTH OF SEASON FOR STATION NUMBER 2689   BASE TEMP=32
 LAST SPRING OCCURENCE FIRST FALL OCCURENCE  LENGTH OF SEASON
   YEAR MONTH DAY DOY         MONTH DAY DOY
   1951   4    26 116           9    28 271          155
   1952   4    16 107          10     5 279          172
   1953   5    13 133           9    22 265          132
   1954   5     8 128          10     7 280          152
   1955   4     7  97          10     8 281          184
   1956   4    30 121           9    30 274          153
   1957   5     5 125          10    10 283          158
   1958   4    29 119          10     1 274          155
   1959   4    22 112          10     9 282          170
   1960   4    30 121          10    19 293          172
   1961   5     2 122           9    28 271          149
   1962   4    19 109          10    23 296          187
   1963   5    23 143          10    29 302          159
   1964   4    10 101           9    28 272          171
   1965   4    28 118           9    26 269          151
   1966   5    12 132          10     1 274          142
   1967   5     6 126           9    28 271          145
   1968   5     5 126          10     4 278          152
   1969   4    29 119          10    14 287          168
   1970   5     2 122          10     9 282          160
   1971   5     3 123          10    28 301          178
   1972   4    25 116           9    30 274          158
   1973   5    15 135          10    29 302          167
   1974   5     6 126           9    22 265          139
   1975   4    20 110          10     2 275          165
   1976   5     3 124          10     6 280          156
   1977   4     8  98          10    12 285          187
   1978   5     2 122          10     8 281          159
   1979   5     4 124          10     9 282          158
   1980   5     9 130          10     3 277          147
   1981   5    10 130          10     2 275          145
   1982   4    22 112          10    16 289          177
   1983   4    24 114           9    21 264          150
   1984   5     1 122           9    26 270          148
   1985   4    10 100           9    26 269          169
   1986   5     2 122          10    13 286          164
   1987   4     4  94          10     3 276          182
   1988   4    26 117          10     4 278          161
   1989   5     7 127           9    23 266          139
   1990   5     2 122          10    10 283          161
   1991   4    24 114           9    19 262          148
   1992   4    25 116           9    29 273          157
   1993   4    14 104          10     2 275          171
   1994   5     2 122          10    10 283          161
   1995   4    27 117           9    22 265          148
   1996   4    27 118          10     3 277          159
   1997   5    15 135          10    14 287          152
   1998   4    18 108          10     8 281          173
   1999   4    19 109          10     2 275          166
             MEAN=118              MEAN=278     MEAN=159
 
 LENGTH OF SEASON FOR STATION NUMBER 2689   BASE TEMP=30
 LAST SPRING OCCURENCE FIRST FALL OCCURENCE  LENGTH OF SEASON
   YEAR MONTH DAY DOY         MONTH DAY DOY
   1951   4    26 116           9    28 271          155
   1952   4    16 107          10     5 279          172
   1953   4    20 110          10     7 280          170
   1954   5     8 128          10    18 291          163
   1955   4     7  97          10    15 288          191
   1956   4    30 121           9    30 274          153
   1957   4    14 104          10    10 283          179
   1958   4    29 119          10    11 284          165
   1959   4    14 104          10     9 282          178
   1960   4    30 121          10    19 293          172
   1961   5     1 121           9    28 271          150
   1962   4    17 107          10    24 297          190
   1963   5    23 143          10    29 302          159
   1964   4    10 101           9    28 272          171
   1965   4    28 118          10    13 286          168
   1966   5    10 130          10    17 290          160
   1967   5     6 126           9    29 272          146
   1968   5     5 126          10    24 298          172
   1969   4    29 119          10    14 287          168
   1970   5     2 122          10    10 283          161
   1971   4    14 104          10    31 304          200
   1972   4    25 116          10    15 289          173
   1973   4    13 103          10    29 302          199
   1974   4    24 114           9    22 265          151
   1975   4    12 102          10     2 275          173
   1976   5     3 124          10     6 280          156
   1977   4     8  98          10    12 285          187
   1978   4    21 111          10     8 281          170
   1979   4    15 105          10    12 285          180
   1980   4    24 115          10     4 278          163
   1981   5    10 130          10     2 275          145
   1982   4    22 112          10    16 289          177
   1983   4    20 110           9    21 264          154
   1984   4    30 121           9    26 270          149
   1985   4     9  99          10     1 274          175
   1986   4    22 112          10    13 286          174
   1987   4     4  94          10     3 276          182
   1988   4    24 115          10     5 279          164
   1989   5     6 126          10     4 277          151
   1990   5     1 121          10    10 283          162
   1991   4    10 100           9    20 263          163
   1992   4    22 113          10    17 291          178
   1993   4    10 100          10     9 282          182
   1994   4    29 119          10    25 298          179
   1995   4    27 117           9    22 265          148
   1996   4    23 114          10     3 277          163
   1997   5    15 135          10    20 293          158
   1998   3    25  84          11     3 307          223
   1999   4    19 109          10     2 275          166
             MEAN=113              MEAN=282     MEAN=169
 
 LENGTH OF SEASON FOR STATION NUMBER 2689   BASE TEMP=28
 LAST SPRING OCCURENCE FIRST FALL OCCURENCE  LENGTH OF SEASON
   YEAR MONTH DAY DOY         MONTH DAY DOY
   1951   4    23 113          10    23 296          183
   1952   4    11 102          10     5 279          177
   1953   4    20 110          10    28 301          191
   1954   5     6 126          10    18 291          165
   1955   4     7  97          10    24 297          200
   1956   4    30 121          11     8 313          192
   1957   4    14 104          10    25 298          194
   1958   4    29 119          11     6 310          191
   1959   4    13 103          10    12 285          182
   1960   4    30 121          10    19 293          172
   1961   5     1 121           9    28 271          150
   1962   4    17 107          10    24 297          190
   1963   4    24 114          10    29 302          188
   1964   4     9 100          10     9 283          183
   1965   4    16 106          10    24 297          191
   1966   5    10 130          10    25 298          168
   1967   5     4 124          10    11 284          160
   1968   4    25 116          10    25 299          183
   1969   4     6  96          10    14 287          191
   1970   4    10 100          10    10 283          183
   1971   4    14 104          10    31 304          200
   1972   4     8  99          10    17 291          192
   1973   4    13 103          11     4 308          205
   1974   4     8  98           9    22 265          167
   1975   4    11 101          10    16 289          188
   1976   4    12 103          10     6 280          177
   1977   4     6  96          10    16 289          193
   1978   4    20 110          10    23 296          186
   1979   4    15 105          10    13 286          181
   1980   4    14 105          10    26 300          195
   1981   4    15 105          10     2 275          170
   1982   4    21 111          10    20 293          182
   1983   4    20 110           9    23 266          156
   1984   4     1  92           9    26 270          178
   1985   4     9  99          10    31 304          205
   1986   4    22 112          10    13 286          174
   1987   4     4  94          10     3 276          182
   1988   4    19 110          10     5 279          169
   1989   4    15 105          10     7 280          175
   1990   4    18 108          10    18 291          183
   1991   4    10 100          10     7 280          180
   1992   4    13 104          10    17 291          187
   1993   4     5  95          10    10 283          188
   1994   4     7  97          10    26 299          202
   1995   4    10 100           9    22 265          165
   1996   4    23 114          10    28 302          188
   1997   5    13 133          10    21 294          161
   1998   3    25  84          11     3 307          223
   1999   3    29  88          10     2 275          187
             MEAN=106              MEAN=289     MEAN=183
 
 LENGTH OF SEASON FOR STATION NUMBER 2689   BASE TEMP=26
 LAST SPRING OCCURENCE FIRST FALL OCCURENCE  LENGTH OF SEASON
   YEAR MONTH DAY DOY         MONTH DAY DOY
   1951   4    17 107          10    24 297          190
   1952   4    11 102          10     5 279          177
   1953   4    20 110          10    28 301          191
   1954   4    12 102          10    31 304          202
   1955   3    28  87          10    24 297          210
   1956   4    30 121          11     8 313          192
   1957   4    14 104          10    25 298          194
   1958   4    29 119          11     6 310          191
   1959   4    13 103          10    12 285          182
   1960   4    10 101          10    19 293          192
   1961   4    18 108          10    20 293          185
   1962   4    15 105          10    24 297          192
   1963   4     4  94          10    29 302          208
   1964   4     9 100          10     9 283          183
   1965   3    30  89          10    24 297          208
   1966   5    10 130          10    25 298          168
   1967   5     4 124          10    11 284          160
   1968   4    24 115          10    25 299          184
   1969   3    31  90          10    14 287          197
   1970   4     4  94          10    10 283          189
   1971   4     6  96          10    31 304          208
   1972   4     8  99          10    18 292          193
   1973   4    11 101          11     4 308          207
   1974   4     8  98          10     2 275          177
   1975   4     5  95          10    29 302          207
   1976   3    17  77          10     8 282          205
   1977   4     6  96          11    10 314          218
   1978   3    25  84          11     1 305          221
   1979   4     6  96          10    13 286          190
   1980   4    14 105          10    27 301          196
   1981   4    14 104          10    19 292          188
   1982   4    21 111          10    20 293          182
   1983   4    19 109          10    13 286          177
   1984   4     1  92           9    26 270          178
   1985   4     9  99          11     2 306          207
   1986   4    22 112          11     2 306          194
   1987   4     4  94          10    10 283          189
   1988   4    19 110          10    22 296          186
   1989   4    12 102          10    19 292          190
   1990   4    18 108          10    19 292          184
   1991   4    10 100          10     7 280          180
   1992   4    13 104          10    17 291          187
   1993   4     4  94          10    29 302          208
   1994   4     7  97          10    26 299          202
   1995   4     4  94           9    22 265          171
   1996   4    13 104          10    30 304          200
   1997   5    13 133          10    22 295          162
   1998   3    25  84          11     4 308          224
   1999   3    29  88          10     3 276          188
             MEAN=101              MEAN=293     MEAN=192
 
 LENGTH OF SEASON FOR STATION NUMBER 2689   BASE TEMP=24
 LAST SPRING OCCURENCE FIRST FALL OCCURENCE  LENGTH OF SEASON
   YEAR MONTH DAY DOY         MONTH DAY DOY
   1951   4    17 107          10    27 300          193
   1952   4    10 101          10    17 291          190
   1953   4    18 108          11     5 309          201
   1954   4     4  94          10    31 304          210
   1955   3    28  87          10    24 297          210
   1956   4    30 121          11    10 315          194
   1957   4    14 104          10    25 298          194
   1958   4    29 119          11     6 310          191
   1959   3    27  86          11     5 309          223
   1960   4    10 101          10    19 293          192
   1961   4    16 106          11     3 307          201
   1962   4    15 105          10    25 298          193
   1963   4     4  94          11     1 305          211
   1964   4     8  99          10     9 283          184
   1965   3    30  89          11     9 313          224
   1966   4    21 111          11     1 305          194
   1967   5     3 123          10    11 284          161
   1968   4     5  96          10    29 303          207
   1969   3    31  90          10    28 301          211
   1970   4     4  94          10    10 283          189
   1971   4     4  94          11     4 308          214
   1972   4     8  99          10    18 292          193
   1973   4    10 100          11     5 309          209
   1974   3    25  84          10     2 275          191
   1975   4     5  95          10    29 302          207
   1976   3    17  77          10    16 290          213
   1977   4     6  96          11    10 314          218
   1978   3    17  76          11    13 317          241
   1979   4     6  96          11     7 311          215
   1980   3    25  85          10    28 302          217
   1981   3    20  79          10    22 295          216
   1982   4    21 111          10    21 294          183
   1983   4    19 109          11     9 313          204
   1984   3    30  90           9    26 270          180
   1985   4     9  99          11     4 308          209
   1986   3    21  80          11     2 306          226
   1987   4     3  93          10    11 284          191
   1988   4    19 110          10    26 300          190
   1989   4    10 100          10    19 292          192
   1990   4    17 107          11     5 309          202
   1991   3    30  89          10    19 292          203
   1992   4    12 103          10    18 292          189
   1993   4     3  93          10    30 303          210
   1994   4     7  97          10    26 299          202
   1995   4     4  94           9    22 265          171
   1996   4     5  96          10    30 304          208
   1997   4    12 102          10    27 300          198
   1998   3    24  83          11     6 310          227
   1999   3    25  84          10    24 297          213
             MEAN= 97              MEAN=299     MEAN=202
 
 THESE ARE THE MONTHLY AVG. MAX TEMPS 1951-1999 FOR STATION #2689
 YEAR    JAN   FEB  MARCH APRIL  MAY  JUNE  JULY AUGUST SEPT   OCT   NOV   DEC   ANN
  
 1951   23.7  31.2  29.9  49.8  71.9  72.8  80.4  77.3  67.8  59.5  38.0  25.2  52.3
 1952   25.0  35.1  35.7  61.0  68.8  84.1  83.8  78.1  77.2  61.4  48.0  30.4  57.4
 1953   26.4  30.9  42.9  50.5  70.0  82.9  83.5  81.9  76.1  70.4  50.9  35.6  58.5
 1954   25.8  45.1  37.3  62.5  65.5  80.8  85.8  79.2  72.8  56.7  50.6  33.0  57.9
 1955   27.4  26.8  40.9  67.9  76.3  76.7  88.7  89.5  78.5  65.1  37.7  23.5  58.3
 1956   23.5  27.5  38.9  56.3  72.2  87.1  81.3  83.6  76.3  71.0  43.5  35.3  58.0
 1957   22.7  36.0  42.3  59.9  68.0  78.6  89.0  82.4  70.9  57.4  40.2  37.3  57.1
 1958   30.5  26.5  40.8  59.3  76.0  76.7  80.4  86.6  76.8  67.4  49.0  27.9  58.2
 1959   22.9  26.0  42.3  61.9  72.3  83.7  84.6  86.6  73.2  55.7  34.4  36.9  56.7
 1960   25.9  27.0  28.0  60.0  70.4  77.6  84.0  82.9  73.6  64.2  48.4  30.1  56.0
 1961   26.5  31.9  39.7  51.2  68.2  80.9  83.3  83.5  70.8  65.3  42.1  25.9  55.8
 1962   20.6  25.0  32.5  55.9  75.1  78.9  80.3  82.7  71.1  63.9  48.4  32.3  55.5
 1963   16.2  29.4  47.5  62.2  70.2  85.5  84.5  81.6  75.2  74.2  50.9  23.2  58.4
 1964   34.8  39.1  38.0  59.0  76.7  81.3  87.6  78.5  71.7  64.0  45.9  24.8  58.4
 1965   23.0  25.4  28.1  54.7  74.3  80.2  85.5  82.4  62.6  64.7  44.8  37.0  55.2
 1966   17.0  30.2  49.1  50.9  70.0  81.3  88.8  80.3  74.2  64.8  42.8  29.9  56.6
 1967   28.3  27.9  48.3  59.5  66.1  77.5  83.4  81.4  75.8  60.5  42.5  33.1  57.0
 1968   26.5  27.7  55.1  63.7  67.3  82.9  83.1  81.8  72.8  63.8  42.5  25.6  57.7
 1969   18.7  27.8  31.2  60.6  73.2  75.3  83.1  83.6  74.5  55.9  44.3  27.8  54.7
 1970   16.7  31.5  35.9  60.0  74.9  83.7  86.2  82.9  74.7  59.1  42.1  29.0  56.4
 1971   18.8  28.8  38.2  62.4  71.7  85.5  80.5  83.2  75.6  64.9  44.3  30.2  57.0
 1972   21.8  24.4  42.9  54.7  71.7  79.6  79.1  79.6  72.3  57.1  38.6  24.1  53.8
 1973   26.5  31.5  47.1  57.9  70.5  83.3  83.2  83.8  70.8  67.5  45.2  27.2  57.9
 1974   24.9  33.9  44.4  61.2  69.0  80.7  88.9  80.0  72.6  65.5  43.9  32.2  58.1
 1975   26.9  25.9  33.3  48.7  76.3  79.2  87.4  84.4  71.6  68.9  47.0  30.9  56.7
 1976   28.8  41.0  45.7  66.6  72.2  84.7  88.0  86.8  78.5  56.7  40.8  30.3  60.0
 1977   16.4  39.9  49.6  68.5  80.9  85.1  88.4  80.2  74.4  59.4  42.5  25.3  59.2
 1978   16.6  19.9  43.1  57.2  73.5  83.2  84.6  84.4  82.0  64.5  41.6  23.9  56.2
 1979   11.8  20.9  35.6  52.9  70.6  81.6  84.3  80.1  77.9  62.2  41.7  39.1  54.9
 1980   27.5  27.3  40.7  63.2  76.0  83.4  89.1  83.1  77.8  59.6  51.2  31.1  59.2
 1981   32.2  35.0  49.2  67.9  71.4  83.2  84.0  79.5  77.2  58.5  48.8  28.5  59.6
 1982   15.3  28.3  41.3  56.9  70.9  76.4  85.2  80.3  72.3  63.1  41.0  34.1  55.4
 1983   28.9  33.0  40.8  51.3  68.6  79.1  87.4  89.0  75.9  60.5  40.8  12.9  55.7
 1984   25.6  35.9  34.6  54.4  69.0  80.0  82.8  85.4  73.9  61.3  46.0  31.4  56.7
 1985   25.6  29.3  48.2  66.3  76.3  78.6  83.8  78.2  70.9  60.2  32.8  21.2  55.9
 1986   31.5  26.2  49.2  62.5  72.0  82.9  85.6  78.0  73.3  60.8  39.1  31.3  57.7
 1987   32.6  45.8  48.8  68.2  80.2  86.6  86.6  78.9  74.3  58.8  48.4  33.0  61.8
 1988   21.6  25.5  49.0  62.5  81.0  89.0  87.1  87.7  77.9  58.6  45.5  31.4  59.7
 1989   35.8  24.2  39.9  61.4  74.5  80.7  86.5  83.4  73.7  65.6  41.6  21.9  57.4
 1990   40.2  37.7  47.6  61.5  69.0  82.8  82.2  81.6  78.0  63.3  49.8  26.3  60.0
 1991   21.7  36.4  46.1  61.5  73.0  84.3  83.7  81.3  72.9  61.9  32.1  31.8  57.2
 1992   33.5  35.0  46.2  55.7  74.2  79.8  75.4  76.3  73.7  61.1  36.7  29.1  56.4
 1993   22.9  23.2  34.9  54.5  68.5  75.5  80.1  80.2  67.4  60.0  40.9  29.9  53.1
 1994   14.5  22.5  46.9  62.2  76.0  81.2  79.8  77.8  75.4  62.9  46.8  29.8  56.3
 1995   24.3  31.6  42.5  53.2  66.9  79.7  84.7  84.6  70.7  60.1  38.0  30.0  55.5
 1996   22.8  32.1  39.7  56.7  65.7  81.2  80.9  80.7  70.5  64.6  33.8  20.9  54.1
 1997   20.6  29.6  43.7  55.2  66.2  84.1  83.2  78.5  74.9  63.7  35.2  32.9  55.7
 1998   26.1  36.8  36.3  58.4  76.0  75.2  82.7  80.9  80.8  62.4  47.2  37.5  58.4
 1999   20.5  36.7  43.9  56.7  69.6  77.4  86.3  80.2  74.1  62.5  55.5  35.3  58.2
 MEANS  24.5  30.7  41.5  58.9  72.0  81.1  84.3  81.9  74.0  62.5  43.3  29.5  57.0
 
 THESE ARE THE MONTHLY AVG. MIN TEMPS 1951-1999 FOR STATION #2689
 YEAR    JAN   FEB  MARCH APRIL  MAY  JUNE  JULY AUGUST SEPT   OCT   NOV   DEC   ANN
  
 1951    5.5  13.9  14.1  33.7  50.9  54.3  59.8  58.8  47.3  39.4  18.5   8.7  33.7
 1952    4.9  21.2  21.6  36.7  48.1  61.2  62.3  58.2  49.9  32.3  25.4  16.8  36.6
 1953    9.5  15.3  24.9  32.6  48.1  60.7  61.9  60.1  48.5  42.6  28.2  15.6  37.3
 1954    3.0  25.8  21.8  37.4  42.6  61.0  63.5  59.9  52.6  39.7  29.6  18.7  38.0
 1955   10.5   6.6  19.4  41.0  49.8  55.2  67.2  61.7  50.2  39.0  18.0   6.0  35.4
 1956    5.2   5.3  20.5  31.2  48.5  61.2  59.1  59.9  45.9  42.8  25.3  16.7  35.1
 1957    2.0  16.0  22.2  36.0  46.4  55.7  66.5  60.7  47.9  38.7  26.2  20.2  36.5
 1958   15.7   6.5  24.3  36.3  48.5  53.5  59.1  60.5  51.0  41.5  25.3   7.6  35.8
 1959    2.1   5.1  23.4  35.8  51.2  59.1  60.0  64.0  50.9  35.8  16.9  24.4  35.7
 1960   10.8  11.3   9.4  36.6  47.7  55.2  60.1  61.1  52.6  38.5  27.8  12.0  35.3
 1961    6.6  14.5  26.5  32.3  44.4  57.8  60.1  61.2  49.9  39.8  25.5  10.5  35.8
 1962    2.1  11.4  16.7  34.0  53.6  56.4  60.9  58.9  48.2  42.5  30.2  14.2  35.8
 1963   -0.3   7.9  26.6  38.4  46.9  60.0  61.8  58.3  51.5  45.2  28.8   4.4  35.8
 1964   12.5  14.7  16.7  35.6  51.1  56.7  63.0  55.6  48.6  37.6  26.0   6.5  35.4
 1965    3.5   5.0  13.5  35.6  51.4  58.1  61.5  57.1  45.9  40.4  23.8  22.4  34.8
 1966   -1.4   9.5  27.0  33.3  42.1  58.9  64.7  56.3  48.5  36.8  22.1  11.9  34.1
 1967    9.5   6.1  25.6  36.3  42.3  57.7  59.1  56.0  46.8  36.9  24.5  15.2  34.7
 1968    7.7   9.4  27.6  36.3  42.3  56.9  59.9  58.1  50.0  39.6  26.5  10.5  35.4
 1969    1.5  12.3  12.5  37.4  48.5  52.4  63.5  59.1  49.7  35.9  24.3  13.7  34.2
 1970   -3.1   8.3  19.3  36.5  50.4  59.2  61.3  60.2  51.9  38.5  26.5   9.0  34.8
 1971    2.8  12.0  22.5  36.2  44.6  62.9  58.6  57.2  50.8  44.6  26.9  14.8  36.2
 1972    2.4   4.3  22.9  33.2  49.9  57.4  60.4  60.5  50.5  36.0  28.2   7.7  34.5
 1973   10.8  16.3  32.7  35.1  46.8  59.6  62.7  61.4  52.7  45.3  28.7  10.9  38.6
 1974    6.6  15.6  25.7  37.9  46.5  55.9  64.5  56.8  45.4  40.5  27.1  16.1  36.5
 1975    7.1   8.5  17.3  34.0  50.3  58.5  62.5  61.5  48.6  39.4  28.1  16.8  36.0
 1976    7.6  21.4  25.8  40.2  44.8  54.9  61.5  58.8  49.4  33.0  18.7   4.5  35.1
 1977   -4.4  15.7  29.6  43.1  55.4  58.8  63.7  57.7  53.1  38.8  25.1  11.4  37.3
 1978   -1.7   2.8  22.5  36.8  47.6  57.8  61.4  59.0  54.6  39.0  23.2   7.4  34.2
 1979   -6.2  -1.8  20.7  34.3  44.6  56.9  61.5  57.8  50.7  37.9  25.5  19.1  33.4
 1980   10.6   9.8  21.2  37.8  48.8  55.4  63.1  59.7  51.5  35.4  27.9  13.2  36.2
 1981    8.9  13.3  26.2  41.2  45.8  57.9  62.8  58.5  49.0  36.0  28.1   9.5  36.4
 1982   -5.5   8.6  23.5  31.2  51.1  52.0  62.3  58.9  50.9  38.6  22.3  17.9  34.3
 1983   12.5  20.0  25.9  32.8  43.1  57.3  65.4  64.2  50.2  38.4  27.9  -2.7  36.2
 1984    8.8  20.4  18.3  36.7  46.1  59.1  60.7  60.1  44.5  39.4  25.4  11.8  35.9
 1985    2.9   9.8  28.5  39.3  49.3  53.4  59.7  56.0  50.8  37.4  15.5  -1.5  33.4
 1986   12.5  10.4  28.1  38.8  49.4  59.2  64.5  57.1  54.1  40.6  19.9  17.4  37.7
 1987   15.7  23.1  29.5  40.9  53.2  61.8  65.9  59.6  52.4  34.2  31.7  19.9  40.7
 1988    1.9   7.3  25.3  35.5  53.1  61.9  62.8  63.0  52.7  34.5  26.4  12.6  36.4
 1989   17.9   4.0  21.7  36.3  46.9  57.1  64.6  60.9  49.9  38.8  19.8   4.4  35.2
 1990   18.2  15.4  27.6  35.9  46.4  60.9  62.6  61.9  54.9  37.3  28.7   7.5  38.1
 1991    3.2  18.7  26.4  40.8  54.4  63.4  63.5  61.9  51.7  37.8  18.8  17.7  38.2
 1992   18.0  24.1  28.5  35.4  48.9  56.6  58.3  56.5  49.9  38.4  26.5  14.1  37.9
 1993    6.4  10.1  20.6  34.6  49.1  56.9  63.4  62.0  48.0  37.7  23.2  15.0  35.6
 1994   -2.6   5.0  27.3  35.4  49.4  61.4  60.3  58.3  54.1  43.1  29.6  15.8  36.4
 1995   10.8  14.4  27.1  34.0  46.8  59.2  63.2  66.1  49.6  40.1  20.3  16.0  37.3
 1996    3.9  13.9  18.4  32.3  47.2  59.8  59.9  59.5  49.9  39.8  19.9   7.5  34.3
 1997    4.7  14.6  24.7  33.4  43.1  59.4  63.5  59.6  51.1  39.3  22.5  21.2  36.4
 1998   11.4  24.0  21.8  38.2  52.3  55.9  62.7  62.2  52.9  40.1  29.7  15.7  38.9
 1999    3.9  20.6  23.4  37.6  48.8  57.8  65.2  58.3  47.0  33.8  29.9  15.2  36.8
 MEANS   6.1  12.4  23.0  36.2  48.1  58.0  62.2  59.6  50.2  38.7  25.0  12.7  36.0
 
 THESE ARE THE MONTHLY AVG. MEAN TEMPS 1951-1999 FOR STATION #2689
 YEAR    JAN   FEB  MARCH APRIL  MAY  JUNE  JULY AUGUST SEPT   OCT   NOV   DEC   ANN
  
 1951   14.6  22.6  22.0  41.7  61.4  63.5  70.1  68.0  57.5  49.5  28.3  17.0  43.0
 1952   15.0  28.1  28.7  48.8  58.4  72.6  73.0  68.2  63.5  46.8  36.7  23.6  47.0
 1953   18.0  23.1  33.9  41.6  59.1  71.8  72.7  71.0  62.3  56.5  39.6  25.6  47.9
 1954   14.4  35.4  29.6  50.0  54.0  70.9  74.6  69.6  62.7  48.2  40.1  25.9  47.9
 1955   18.9  16.7  30.2  54.4  63.1  66.0  78.0  75.6  64.4  52.0  27.8  14.7  46.8
 1956   14.3  16.4  29.7  43.8  60.4  74.2  70.2  71.7  61.1  56.9  34.4  26.0  46.6
 1957   12.4  26.0  32.2  48.0  57.2  67.1  77.7  71.6  59.4  48.1  33.2  28.7  46.8
 1958   23.1  16.5  32.5  47.8  62.2  65.1  69.8  73.6  63.9  54.5  37.2  17.7  47.0
 1959   12.5  15.6  32.8  48.8  61.7  71.4  72.3  75.3  62.1  45.7  25.6  30.6  46.2
 1960   18.4  19.2  18.7  48.3  59.0  66.4  72.1  72.0  63.1  51.3  38.1  21.0  45.6
 1961   16.6  23.2  33.1  41.8  56.3  69.4  71.7  72.3  60.3  52.5  33.8  18.2  45.8
 1962   11.4  18.2  24.6  45.0  64.3  67.7  70.6  70.8  59.7  53.2  39.3  23.2  45.7
 1963    7.9  18.6  37.1  50.3  58.5  72.8  73.2  69.9  63.4  59.7  39.8  13.8  47.1
 1964   23.6  26.9  27.4  47.3  63.9  69.0  75.3  67.0  60.1  50.8  36.0  15.6  46.9
 1965   13.2  15.2  20.8  45.2  62.8  69.1  73.5  69.7  54.3  52.5  34.3  29.7  45.0
 1966    7.8  19.9  38.0  42.1  56.0  70.1  76.8  68.3  61.4  50.8  32.5  20.9  45.4
 1967   18.9  17.0  37.0  47.9  54.2  67.6  71.3  68.7  61.3  48.7  33.5  24.1  45.8
 1968   17.1  18.5  41.4  50.0  54.8  69.9  71.5  70.0  61.4  51.7  34.5  18.0  46.6
 1969   10.1  20.0  21.8  49.0  60.9  63.8  73.3  71.3  62.1  45.9  34.3  20.8  44.5
 1970    6.8  19.9  27.6  48.2  62.7  71.4  73.7  71.6  63.3  48.8  34.3  19.0  45.6
 1971   10.8  20.4  30.4  49.3  58.1  74.2  69.6  70.2  63.2  54.7  35.6  22.5  46.6
 1972   12.1  14.3  32.9  44.0  60.8  68.5  69.7  70.1  61.4  46.6  33.4  15.9  44.1
 1973   18.6  23.9  39.9  46.5  58.7  71.4  72.9  72.6  61.8  56.4  36.9  19.0  48.2
 1974   15.7  24.8  35.0  49.5  57.7  68.3  76.7  68.4  59.0  53.0  35.5  24.1  47.3
 1975   17.0  17.2  25.3  41.3  63.3  68.9  74.9  72.9  60.1  54.1  37.5  23.9  46.4
 1976   18.2  31.2  35.8  53.4  58.5  69.8  74.7  72.8  63.9  44.8  29.8  17.4  47.5
 1977    6.0  27.8  39.6  55.8  68.2  71.9  76.1  68.9  63.8  49.1  33.8  18.4  48.3
 1978    7.5  11.3  32.8  47.0  60.5  70.5  73.0  71.7  68.3  51.8  32.4  15.6  45.2
 1979    2.8   9.6  28.2  43.6  57.6  69.2  72.9  69.0  64.3  50.1  33.6  29.1  44.2
 1980   19.1  18.6  31.0  50.5  62.4  69.4  76.1  71.4  64.7  47.5  39.6  22.1  47.7
 1981   20.6  24.2  37.7  54.5  58.6  70.6  73.4  69.0  63.1  47.3  38.5  19.0  48.0
 1982    4.9  18.4  32.4  44.0  61.0  64.2  73.7  69.6  61.6  50.9  31.6  26.0  44.9
 1983   20.7  26.5  33.4  42.0  55.9  68.2  76.4  76.6  63.1  49.4  34.3   5.1  46.0
 1984   17.2  28.2  26.5  45.5  57.5  69.6  71.8  72.7  59.2  50.3  35.7  21.6  46.3
 1985   14.3  19.5  38.3  52.8  62.8  66.0  71.7  67.1  60.8  48.8  24.1   9.8  44.7
 1986   22.0  18.3  38.6  50.7  60.7  71.1  75.1  67.5  63.7  50.7  29.5  24.3  47.7
 1987   24.2  34.4  39.2  54.6  66.7  74.2  76.3  69.2  63.3  46.5  40.0  26.5  51.3
 1988   11.8  16.4  37.1  49.0  67.0  75.5  75.0  75.4  65.3  46.6  35.9  22.0  48.1
 1989   26.9  14.1  30.8  48.9  60.7  68.9  75.5  72.1  61.8  52.2  30.7  13.1  46.3
 1990   29.2  26.6  37.6  48.7  57.7  71.8  72.4  71.8  66.5  50.3  39.3  16.9  49.1
 1991   12.5  27.6  36.2  51.2  63.7  73.8  73.6  71.6  62.3  49.9  25.5  24.8  47.7
 1992   25.8  29.6  37.4  45.6  61.5  68.2  66.8  66.4  61.8  49.7  31.6  21.6  47.2
 1993   14.6  16.7  27.8  44.5  58.8  66.2  71.7  71.1  57.7  48.8  32.1  22.5  44.4
 1994    5.9  13.8  37.1  48.8  62.7  71.3  70.0  68.1  64.7  53.0  38.2  22.8  46.4
 1995   17.5  23.0  34.8  43.6  56.9  69.5  74.0  75.3  60.2  50.1  29.2  23.0  46.4
 1996   13.3  23.0  29.1  44.5  56.5  70.5  70.4  70.1  60.2  52.2  26.9  14.2  44.2
 1997   12.7  22.1  34.2  44.3  54.7  71.7  73.3  69.1  63.0  51.5  28.9  27.0  46.0
 1998   18.7  30.4  29.0  48.3  64.2  65.5  72.7  71.5  66.8  51.2  38.5  26.6  48.6
 1999   12.2  28.6  33.6  47.2  59.2  67.6  75.8  69.2  60.6  48.1  42.7  25.2  47.5
 MEANS  15.3  21.6  32.3  47.5  60.1  69.5  73.2  70.8  62.1  50.6  34.2  21.1  46.5
 
 THESE ARE THE MONTHLY PRECIP TOTALS AND NUMBER OF MISSING DAYS 1951-1999 FOR STATION #2689
 YEAR    JAN   FEB  MARCH APRIL  MAY  JUNE  JULY AUGUST SEPT   OCT   NOV   DEC   ANN
  
 1951   0.30  3.66  3.64  4.17  5.48  5.64  3.46  7.68  3.35  1.50  0.75  0.37 40.00
           0     0     0     0     0     0     0     0     0     0     0     0     0
 1952   2.19  0.67  2.91  0.98  2.70  5.72  4.63  5.59  0.38  0.00  0.74  0.76 27.27
           0     0     0     0     0     0     1     0     0     0     0     0     1
 1953   1.24  1.27  3.03  2.63  2.37  7.36  2.55  5.65  1.07  0.37  1.60  1.28 30.42
           0     0     0     0     0     0     0     0     0     0     0     0     0
 1954   0.17  1.58  2.32  3.10  3.30  8.07  3.07  5.66  1.88  3.58  0.34  0.28 33.35
           0     0     0     0     0     0     0     0     0     0     0     0     0
 1955   0.19  1.62  0.41  3.70  1.51  3.58  2.40  1.06  1.75  1.15  0.31  0.89 18.57
           0     1     0     0     0     0     0     0     0     0     0     0     1
 1956   0.32  0.25  1.51  2.10  3.11  3.44  4.88  2.89  0.28  0.83  2.99  0.26 22.86
           0     0     0     0     0     0     0     0     0     0     0     0     0
 1957   0.13  0.20  1.44  1.43  4.49  3.44  1.71  2.98  2.78  2.78  2.91  0.44 24.73
           0     0     0     0     0     0     0     1     0     0     0     0     1
 1958   0.34  0.29  0.61  3.52  1.97  2.53  1.96  0.71  1.00  1.25  0.65  0.34 15.17
           0     0     0     0     0     0     0     0     0     0     0     0     0
 1959   0.32  2.47  1.99  1.18 11.80  3.73  0.28  4.76  3.61  2.03  2.42  1.35 35.94
           0     0     0     0     0     0     0     0     0     0     0     0     0
 1960   0.38  0.62  1.26  2.51  5.92  3.20  1.79  3.68  4.23  0.68  1.12  1.07 26.46
           0     0     0     0     0     0     0     0     0     0     0     0     0
 1961   0.14  2.05  7.64  1.81  3.55  3.44  4.89  3.66  3.67  1.84  1.11  1.61 35.41
           0     0     0     0     0     0     0     0     0     0     0     0     0
 1962   0.23  3.98  2.91  1.16  2.55  5.74  7.31  6.60  2.91  1.35  0.16  0.48 35.38
           0     0     0     0     0     0     0     0     0     0     0     0     0
 1963   0.41  1.16  1.98  1.92  3.39  2.48  6.53  2.66  2.30  1.97  0.12  0.32 25.24
           0     0     0     0     0     0     0     0     0     0     0     0     0
 1964   0.49  0.00  2.77  6.96  3.25  2.81  7.21  3.66  9.82  0.00  1.32  0.79 39.08
           0     0     0     0     0     0     0     0     0    31     0     0    31
 1965   0.45  2.24  3.55  3.39  6.29  3.13  1.29  1.94  8.53  1.16  0.80  0.90 33.67
           0     0     0     0     0     0     0     0     0     0     0     0     0
 1966   0.89  0.82  2.59  1.95  4.02  1.89  2.09  2.45  0.69  1.00  0.52  2.13 21.04
           0     0     0     0     0     0     0     0     0     0     0     0     0
 1967   1.51  0.41  0.72  2.52  3.89  8.96  1.45  1.66  1.53  1.22  0.04  0.91 24.82
           0     0     0     0     0     0     0     0     0     0     0     0     0
 1968   1.11  0.24  0.74  4.80  1.72  5.31  7.05  2.26  6.06  3.21  0.47  3.66 36.63
           0     0     0     0     0     0     0     0     0     0     0     0     0
 1969   2.49  2.04  0.69  1.92  4.85  9.79  8.10  4.49  0.72  3.56  0.44  2.15 41.24
           0     0     0     0     0     0     0     0     0     0     0     0     0
 1970   0.20  0.00  4.39  1.23  4.46  0.94  2.06  3.88  2.82  4.58  1.91  1.59 28.06
           0     0     0     0     0     0     0     0     0     0     0     0     0
 1971   3.15  3.30  2.18  1.01  3.16  7.38  5.15  2.56  1.11  6.02  2.62  0.37 38.01
           0     0     0     0     0     0     0     0     0     0     0     1     1
 1972   0.34  0.41  1.06  3.63  3.72  4.73  5.14  2.74  3.98  2.28  0.00  0.00 28.03
           0     0     0     0     0     0     0     0     0     0    30    31    61
 1973   0.00  1.00  2.82  3.52  5.60  3.82  2.76  1.88  6.73  1.58  4.67  1.20 35.58
          31     0     0     0     0     0     0     0     0     0     0     0    31
 1974   0.14  0.00  1.40  2.96  3.53  4.15  2.68  3.57  1.42  1.07  0.81  0.56 22.29
           0     2     0     0     0     0     0     0     0     0     0     0     2
 1975   1.82  0.50  2.62  6.54  3.58  5.47  0.00  7.58  0.00  0.36  3.11  0.78 32.36
           0     0     0     0     0     0    31     0    30     0     0     0    61
 1976   0.03  0.55  4.70  0.95  1.73  5.09  0.79  2.06  2.00  1.31  0.00  0.24 19.45
           0     0     0     0     0     0     2     0     0     0     0     2     4
 1977   0.52  0.66  2.67  3.31  1.38  2.38  3.23  5.10  3.12  3.91  2.18  0.08 28.54
           0     0     2     0     0     0     0     0     0     0     0     2     4
 1978   0.56  0.69  0.51  3.07  2.91  0.83  4.37  1.72  4.23  1.16  1.59  0.64 22.28
           0     0     0     0     0     1     0     1     0     0     0     0     2
 1979   1.26  0.25  4.14  1.75  1.25  3.09  3.59  7.82  1.61  3.46  0.87  0.00 29.09
           0     3     0     0     4     0     0     0     0     0     2    31    40
 1980   0.97  1.02  0.59  0.90  2.82  1.27  2.40  7.75  2.54  1.35  0.00  0.00 21.61
           0     0     0     0     0     0     0     0     0     0    30    31    61
 1981   0.00  0.00  0.00  0.00  1.83  5.50  3.46  4.47  0.00  3.24  0.55  1.25 20.30
          31    28    31    30     7     0     0     0    30     0     0     0   157
 1982   1.37  0.40  1.15  1.98  5.18  1.97  5.09  5.76  4.08  2.69  2.06  3.15 34.88
           0     0     0     0     0     0     0     0     0     0     0     0     0
 1983   0.54  0.79  3.25  2.39  3.06  8.58  4.30  0.97  7.71  1.49  4.15  0.63 37.86
           0     0     0     0     0     0     0     0     0     8     0     0     8
 1984   0.52  0.63  1.13  4.58  4.07  8.19  2.74  1.03  1.03  4.90  2.36  1.52 32.70
           0     0     0     0     0     0     0     0     0     0     0     0     0
 1985   0.41  0.07  2.64  5.31  2.22  2.88  1.59  5.40  6.92  1.46  1.79  1.02 31.71
           0     0     0     0     0     0     0     0     0     0     0     0     0
 1986   0.12  0.26  1.73  5.81  4.43  3.24  7.39  6.35  3.74  4.06  1.10  0.31 38.54
           0     0     0     0     0     0     0     0     0     0     0     0     0
 1987   0.22  0.05  1.78  1.50  4.15  1.51  9.66  3.42  1.56  0.70  1.46  1.10 27.11
           0     0     0     0     0     0     0     0     0     0     0     0     0
 1988   0.74  0.54  0.51  3.30  3.05  1.72  1.60  3.63  3.07  0.42  3.22  0.64 22.44
           0     0     0     0     0     0     0     0     0     0     0     0     0
 1989   0.38  0.32  1.09  1.29  2.12  2.91  2.79  2.23  2.77  0.47  0.31  0.13 16.81
           0     0     0     0     0     0     0     0     0     0     0     0     0
 1990   0.73  0.25  3.31  2.05  4.28  5.90  4.43  3.26  0.71  1.44  0.49  1.64 28.49
           0     0     0     0     0     0     0     0     1     0     0     0     1
 1991   0.67  0.68  4.96  6.46  6.53  5.07  4.21  3.21  1.44  1.18  4.96  0.94 40.31
           0     0     0     0     0     0     0     0     0     0     0     0     0
 1992   0.98  0.97  2.41  2.90  2.62  3.05  7.17  5.35  1.58  4.14  2.42  1.70 35.29
           0     0     0     0     0     0     0     0     0     0     0     0     0
 1993   0.80  1.18  1.29  4.31  7.47  9.46  6.82  7.50  3.39  1.27  1.38  1.40 46.27
           0     0     0     0     0     0     0     0     0     0     0     0     0
 1994   1.29  0.36  0.07  2.64  2.06 11.60  4.80  2.11  3.63  3.10  1.76  0.91 34.33
           0     0     0     0     0     0     0     0     0     0     0     0     0
 1995   0.23  0.25  2.74  5.19  4.96  6.91  3.80  9.53  3.99  2.69  0.61  0.54 41.44
           0     0     0     0     0     0     0     0     0     0     0     0     0
 1996   1.94  0.17  1.75  0.87  3.58  4.40  4.36  6.89  2.04  1.94  2.97  1.01 31.92
           0     0     0     0     0     0     0     0     0     0     0     0     0
 1997   1.10  0.88  0.91  2.14  4.37  4.80  9.73  2.67  3.77  2.33  0.75  0.57 34.02
           0     0     0     0     0     0     0     0     0     0     0     0     0
 1998   1.61  0.91  2.39  4.16  3.86  6.84  3.86  4.85  1.13  5.74  1.51  0.34 37.20
           0     0     0     0     0     0     0     0     0     0     0     0     0
 1999   1.34  0.75  0.95  5.54  4.45  6.14  4.91  0.74  0.30  0.71  0.63  0.42 26.88
           0     0     0     0     0     0     0     0     0     0     0     0     0
 
 MEANS  0.76  0.89  2.12  2.92  3.77  4.70  4.03  4.00  2.84  2.05  1.45  0.91 30.43
 PRECIPITATION MEANS AND TOTALS ARE BASED ON DATA AVAILABLE
 NO ATTEMPT WAS MADE TO ESTIMATE MISSING PRECIPITATION DATA
 *****************************************************************************************
 *****************************************************************************************
 
 THESE ARE THE MONTHLY HEATING DEGREE DAYS 1951-1999 FOR STATION #2689
 YEAR    JAN    FEB   MARCH  APRIL   MAY    JUNE   JULY  AUGUST  SEPT   OCT   NOV   DEC
 
 1951  1563.0 1188.5 1332.0  701.0  132.0   80.5   14.5   23.5  229.5  491.5 1102.0 1489.0
 1952  1551.0 1069.0 1126.5  493.0  235.0   11.5    4.0   21.5  121.5  563.0  848.5 1282.5
 1953  1458.5 1172.5  964.5  703.0  229.0   22.5    6.5    4.0  129.0  285.5  763.0 1221.0
 1954  1569.0  827.5 1098.5  458.5  351.5   43.0    0.0    7.0  121.0  521.5  746.5 1213.0
 1955  1429.0 1352.5 1080.0  319.5  112.5   57.0    0.0    5.5  122.0  405.5 1115.5 1558.0
 1956  1570.5 1409.5 1094.5  637.0  203.0   15.5    7.5   21.0  159.5  272.5  918.0 1210.0
 1957  1632.0 1091.5 1015.5  516.5  258.5   37.0    0.0    9.0  187.0  525.0  953.5 1124.5
 1958  1299.0 1358.0 1006.5  516.0  135.5   75.5   12.5   23.0   96.5  340.0  834.5 1465.0
 1959  1627.0 1384.5  997.5  485.5  170.0   24.5    6.0    3.5  178.0  597.0 1181.5 1065.0
 1960  1445.5 1329.0 1436.0  515.0  196.5   36.0    2.5    3.0  161.5  428.0  807.0 1362.5
 1961  1501.5 1170.5  988.0  697.0  298.0   23.5    0.5    2.5  204.5  386.5  935.0 1450.5
 1962  1663.0 1311.0 1253.0  607.5  111.5   39.0   14.5    3.0  188.5  388.0  772.0 1294.5
 1963  1769.0 1298.5  865.5  446.5  234.5   13.5    0.5   22.5   97.0  179.5  755.0 1588.0
 1964  1282.0 1105.0 1167.0  531.0  108.5   38.5    2.0   62.0  200.5  440.5  871.5 1530.0
 1965  1604.5 1394.5 1369.5  597.0  122.5   12.0    2.0   37.0  336.0  394.0  920.5 1094.5
 1966  1773.0 1264.0  836.0  686.0  304.5   26.0    0.0   27.0  150.5  444.0  976.5 1367.5
 1967  1430.0 1344.5  872.5  520.0  378.5   17.5   26.0   25.0  129.5  510.0  945.5 1267.5
 1968  1484.0 1348.0  733.0  451.0  326.0   41.0    5.5   25.0  126.0  422.0  915.5 1455.5
 1969  1700.5 1259.0 1338.0  480.0  184.5   85.5    2.0    0.5  118.0  596.0  922.0 1371.0
 1970  1803.0 1262.5 1160.0  525.0  157.0   17.5    3.5    3.5  160.5  513.5  921.5 1426.0
 1971  1679.5 1249.0 1073.0  471.5  225.0    9.0   23.5   14.5  148.0  335.5  882.0 1317.5
 1972  1639.0 1469.5  996.0  631.5  198.0   39.5   22.5   38.0  152.5  571.5  948.0 1521.5
 1973  1437.5 1150.0  778.0  555.5  221.0    9.5    1.0    2.0  136.0  280.0  842.0 1424.5
 1974  1527.5 1127.0  928.5  466.0  254.5   38.0    0.0   19.5  212.0  371.0  884.5 1266.5
 1975  1488.0 1338.5 1230.5  710.0  117.5   45.0   11.0    0.5  194.5  344.5  823.5 1275.5
 1976  1450.0  981.0  906.5  361.5  216.0    8.5    0.0    5.5  126.5  629.5 1057.0 1474.5
 1977  1828.5 1041.5  787.5  306.5   33.5    9.0    0.0   22.0   70.0  492.5  937.0 1446.0
 1978  1784.0 1503.0  998.5  540.0  187.5   35.0    1.0   10.0   54.0  410.5  977.5 1530.0
 1979  1929.0 1552.5 1142.0  642.5  261.0   41.0    0.0   33.5   90.5  463.0  941.0 1113.0
 1980  1423.5 1347.0 1055.5  457.0  158.5   18.5    0.0    7.5   95.5  541.5  763.0 1328.5
 1981  1377.5 1143.0  846.5  325.0  214.0    4.5   12.5   13.0  104.5  549.5  796.5 1426.5
 1982  1863.0 1303.5 1011.0  628.5  145.5   66.0    0.0   28.0  153.0  439.5 1000.5 1208.5
 1983  1374.0 1077.5  981.0  688.5  293.5   42.5    0.0    1.0  157.0  488.0  919.5 1858.0
 1984  1482.5 1068.5 1194.0  585.5  249.0    8.5    4.5   11.0  223.5  454.5  879.5 1345.5
 1985  1572.5 1274.0  827.5  388.5  111.5   84.0    3.5   32.0  231.5  503.5 1226.5 1710.0
 1986  1333.0 1308.0  818.0  430.5  158.5    8.0    0.0   37.5   94.5  442.0 1065.0 1261.0
 1987  1266.0  855.5  800.0  337.0   73.0    4.5    0.5   39.0   92.5  574.0  749.0 1194.0
 1988  1650.0 1409.0  863.5  483.5   42.5    0.5    1.0   15.0   68.5  571.5  872.0 1332.5
 1989  1181.5 1425.0 1060.0  488.0  180.0   39.0    0.0    2.0  155.0  405.5 1029.0 1607.5
 1990  1110.0 1076.0  849.0  512.5  239.0   33.5    4.0    4.0  100.5  462.5  771.5 1491.5
 1991  1628.5 1048.5  891.5  432.5  179.0    2.0    2.0    5.5  178.0  469.5 1186.5 1247.0
 1992  1216.5 1027.5  857.0  586.5  166.5   26.0   31.0   50.0  141.5  477.5 1002.0 1345.5
 1993  1562.0 1353.5 1154.0  614.0  209.5   60.0    1.0   16.5  231.0  517.5  988.0 1319.0
 1994  1831.0 1434.0  864.5  500.0  154.0    7.5    1.0   29.5   98.0  371.5  804.0 1308.5
 1995  1472.0 1175.0  937.0  641.5  254.5   44.0    5.0    1.5  195.5  472.0 1075.0 1301.5
 1996  1602.0 1219.0 1114.0  614.5  308.0   36.5    3.5    0.5  198.5  401.5 1144.5 1575.0
 1997  1622.5 1201.0  954.0  621.0  324.5    1.5   11.5   23.5  115.5  462.5 1084.0 1176.5
 1998  1434.0  969.0 1114.5  502.0  100.0   99.5    0.0    0.0   64.5  427.0  796.5 1190.5
 1999  1637.0 1018.0  972.5  535.5  204.5   67.0    0.0   12.5  182.0  524.5  668.0 1232.5
 *****************************************************************************************
 MEANS 1571.7 1250.2 1034.5  539.4  202.1   33.2    5.2   16.6  150.8  460.0  941.6 1386.2
 
 THESE ARE THE MONTHLY COOLING DEGREE DAYS 1951-1999 FOR STATION #2689
 YEAR    JAN   FEB  MARCH APRIL  MAY  JUNE  JULY AUGUST SEPT   OCT   NOV   DEC   ANN
 
 1951    0.0   0.0   0.0   3.0  20.5  37.0 172.5 118.0   5.5  10.0   0.0   0.0
 1952    0.0   0.0   0.0   7.5  31.5 240.0 253.5 120.0  78.0   0.0   0.0   0.0
 1953    0.0   0.0   0.0   0.0  45.0 225.5 246.5 190.5  48.5  22.5   0.0   0.0
 1954    0.0   0.0   0.0   7.5  11.5 220.0 299.0 148.5  51.5   1.0   0.0   0.0
 1955    0.0   0.0   0.0   2.5  52.5  86.5 401.5 333.5 103.0   3.5   0.0   0.0
 1956    0.0   0.0   0.0   0.0  59.0 290.5 168.5 229.5  42.5  21.5   0.0   0.0
 1957    0.0   0.0   0.0   5.0  16.5 100.5 394.5 213.0  19.0   0.0   0.0   0.0
 1958    0.0   0.0   0.0   0.0  49.0  78.5 160.0 288.5  64.0  13.5   0.0   0.0
 1959    0.0   0.0   0.0   0.0  69.0 217.5 232.0 322.5  90.5   0.0   0.0   0.0
 1960    0.0   0.0   0.0  14.0  12.0  78.0 222.0 219.5 105.0   4.0   0.0   0.0
 1961    0.0   0.0   0.0   0.0  27.0 154.5 208.0 230.0  65.0   0.0   0.0   0.0
 1962    0.0   0.0   0.0   6.5  91.0 119.0 188.0 183.0  28.0  22.5   0.0   0.0
 1963    0.0   0.0   0.0   4.5  34.0 247.0 253.5 175.0  48.5  14.0   0.0   0.0
 1964    0.0   0.0   0.0   0.0  75.5 159.0 321.0 125.5  54.5   0.0   0.0   0.0
 1965    0.0   0.0   0.0   2.5  54.5 136.0 264.0 184.0  14.0   7.0   0.0   0.0
 1966    0.0   0.0   0.0   0.0  27.0 178.5 365.5 128.5  41.5   3.5   0.0   0.0
 1967    0.0   0.0   3.5   6.5  44.0  96.0 220.0 140.5  18.5   5.0   0.0   0.0
 1968    0.0   0.0   0.0   2.0   9.5 187.5 208.0 178.5  18.0   9.5   0.0   0.0
 1969    0.0   0.0   0.0   0.0  56.5  51.0 259.5 196.5  30.5   5.0   0.0   0.0
 1970    0.0   0.0   0.0  22.0  84.5 211.0 274.0 207.0 109.5  12.0   0.0   0.0
 1971    0.0   0.0   0.0   1.0  12.5 284.5 165.5 175.0  95.0  17.5   0.0   0.0
 1972    0.0   0.0   0.0   0.0  69.0 145.0 169.5 195.5  44.0   0.0   0.0   0.0
 1973    0.0   0.0   0.0   0.0  24.5 202.5 247.0 237.5  39.5  13.0   0.0   0.0
 1974    0.0   0.0   0.0   2.5  29.0 137.5 361.5 124.5  32.5   0.0   0.0   0.0
 1975    0.0   0.0   0.0   0.0  65.0 161.0 318.0 246.0  48.0   8.0   0.0   0.0
 1976    0.0   0.0   0.0  13.0  15.0 152.5 301.5 247.5  94.5   4.5   0.0   0.0
 1977    0.0   0.0   0.0  30.0 131.5 216.5 343.0 143.5  32.5   0.0   0.0   0.0
 1978    0.0   0.0   0.0   0.0  48.5 200.0 248.5 217.5 153.0   0.0   0.0   0.0
 1979    0.0   0.0   0.0   0.0  31.5 168.0 244.5 157.0  70.0   0.5   0.0   0.0
 1980    0.0   0.0   0.0  22.0  78.0 150.5 343.0 205.0  85.0   0.0   0.0   0.0
 1981    0.0   0.0   0.0  11.5  16.5 171.0 273.0 137.5  47.0   0.0   0.0   0.0
 1982    0.0   0.0   0.0   0.0  22.5  41.5 271.0 171.0  51.0   1.0   0.0   0.0
 1983    0.0   0.0   0.0   0.0  10.5 137.5 353.0 360.0  99.5   5.5   0.0   0.0
 1984    0.0   0.0   0.0   1.5  17.5 145.0 214.0 250.0  49.5   0.0   0.0   0.0
 1985    0.0   0.0   0.0  23.0  42.0 114.5 212.5  97.0 107.0   0.0   0.0   0.0
 1986    0.0   0.0   1.0   1.0  25.0 190.5 313.0 116.0  55.5   0.0   0.0   0.0
 1987    0.0   0.0   0.0  24.0 125.0 280.0 349.5 170.5  42.5   0.0   0.0   0.0
 1988    0.0   0.0   0.0   2.5 106.0 314.5 309.5 336.0  76.5   0.0   0.0   0.0
 1989    0.0   0.0   0.0   4.0  46.5 157.0 327.0 223.5  59.0   9.0   0.0   0.0
 1990    0.0   0.0   0.0  23.5  11.5 239.0 233.5 214.0 145.0   6.5   0.0   0.0
 1991    0.0   0.0   0.0  17.5 137.5 267.5 268.0 210.0  97.0   0.0   0.0   0.0
 1992    0.0   0.0   0.0   3.5  59.0 121.0  87.0  92.5  46.0   4.0   0.0   0.0
 1993    0.0   0.0   0.0   0.0  17.0  95.0 210.0 204.5  11.5  16.5   0.0   0.0
 1994    0.0   0.0   0.0  15.0  82.5 196.0 157.5 125.0  90.0   0.0   0.0   0.0
 1995    0.0   0.0   0.0   0.0   3.0 178.5 282.5 321.5  50.0  10.0   0.0   0.0
 1996    0.0   0.0   0.0   0.0  43.0 201.5 171.0 159.5  54.5   5.0   0.0   0.0
 1997    0.0   0.0   0.0   0.0   4.5 203.5 270.0 150.0  55.0  43.5   0.0   0.0
 1998    0.0   0.0   0.0   0.0  74.0 115.0 239.0 203.0 119.5   0.0   0.0   0.0
 1999    0.0   0.0   0.0   0.0  25.0 146.0 334.0 143.0  49.0   2.0   0.0   0.0
 *****************************************************************************************
 MEANS   0.0   0.0   0.1   5.8  46.9 172.3 266.1 200.3  63.7   6.4   0.0   0.0
 
 THESE ARE THE HEAT STRESS VARIABLES 1951-1999 FOR STATION #2689
             # OF DAYS MAXT >86                           HEAT INDEX
 YEAR   MAY  JUNE  JULY   AUG  SEPT  TOTAL     MAY    JUNE   JULY   AUG    SEPT  TOTAL
 1951   0.0   0.0   4.0   2.0   0.0    6.0      0.0    0.0    8.0    5.0    0.0   13.0
 1952   3.0  14.0   9.0   1.0   7.0   34.0      8.0   55.0   31.0    2.0   16.0  112.0
 1953   2.0  10.0  10.0   8.0   3.0   33.0      5.0   53.0   30.0   34.0   12.0  134.0
 1954   0.0   8.0  13.0   1.0   0.0   22.0      0.0   25.0   67.0    3.0    0.0   95.0
 1955   2.0   2.0  19.0  20.0   7.0   50.0      2.0    9.0  136.0  159.0   48.0  354.0
 1956   2.0  17.0   5.0   9.0   5.0   38.0      4.0  111.0   14.0   58.0   25.0  212.0
 1957   0.0   4.0  20.0   9.0   1.0   34.0      0.0   11.0  119.0   43.0    3.0  176.0
 1958   2.0   5.0   2.0  18.0   3.0   30.0      3.0   23.0    8.0  112.0   10.0  156.0
 1959   2.0  11.0   9.0  18.0   5.0   45.0     10.0   52.0   39.0   84.0   20.0  205.0
 1960   0.0   3.0  12.0   9.0   7.0   31.0      0.0    5.0   47.0   30.0   43.0  125.0
 1961   2.0   9.0   6.0  10.0   2.0   29.0      3.0   42.0   19.0   31.0    3.0   98.0
 1962   3.0   4.0   6.0   8.0   1.0   22.0      6.0   11.0   14.0   22.0    4.0   57.0
 1963   1.0  14.0   9.0   7.0   3.0   34.0      1.0   86.0   33.0   22.0    6.0  148.0
 1964   5.0   9.0  22.0   7.0   2.0   45.0     17.0   41.0  111.0   25.0    4.0  198.0
 1965   1.0   5.0  14.0  10.0   0.0   30.0      3.0   10.0   64.0   63.0    0.0  140.0
 1966   1.0   9.0  18.0   9.0   1.0   38.0      4.0   33.0  127.0   31.0    3.0  198.0
 1967   4.0   1.0  11.0   5.0   1.0   22.0     21.0    4.0   49.0   17.0    1.0   92.0
 1968   1.0  10.0   7.0   9.0   0.0   27.0      1.0   60.0   28.0   55.0    0.0  144.0
 1969   4.0   1.0   9.0  11.0   0.0   25.0     11.0    5.0   43.0   22.0    0.0   81.0
 1970   6.0  15.0  17.0  11.0   6.0   55.0     24.0   63.0   80.0   43.0   27.0  237.0
 1971   1.0  15.0   6.0  10.0   6.0   38.0      1.0   82.0   16.0   40.0   22.0  161.0
 1972   2.0   7.0   5.0  11.0   1.0   26.0      7.0   16.0   19.0   56.0    5.0  103.0
 1973   0.0  12.0  10.0  11.0   0.0   33.0      0.0   50.0   33.0   30.0    0.0  113.0
 1974   0.0   8.0  22.0   3.0   1.0   34.0      0.0   34.0  132.0    6.0    2.0  174.0
 1975   4.0   9.0  20.0  14.0   3.0   50.0     22.0   28.0  103.0   46.0   10.0  209.0
 1976   1.0  10.0  19.0  16.0   7.0   53.0      2.0   37.0   90.0   94.0   36.0  259.0
 1977   6.0  12.0  16.0   7.0   0.0   41.0     15.0   79.0  118.0   19.0    0.0  231.0
 1978   2.0  12.0  15.0  12.0  11.0   52.0      8.0   57.0   67.0   42.0   61.0  235.0
 1979   3.0   8.0  11.0   7.0   4.0   33.0      9.0   37.0   36.0   33.0   10.0  125.0
 1980   5.0   9.0  20.0   9.0   5.0   48.0     15.0   52.0  135.0   38.0   22.0  262.0
 1981   0.0  11.0  10.0   1.0   4.0   26.0      0.0   37.0   54.0    2.0   10.0  103.0
 1982   0.0   2.0  10.0   4.0   0.0   16.0      0.0    4.0   44.0   19.0    0.0   67.0
 1983   0.0   7.0  18.0  22.0   6.0   53.0      0.0   23.0   83.0  130.0   28.0  264.0
 1984   0.0   2.0   9.0  13.0   4.0   28.0      0.0    6.0   17.0   64.0   20.0  107.0
 1985   2.0   6.0   9.0   4.0   7.0   28.0      2.0   39.0   28.0    9.0   18.0   96.0
 1986   1.0   9.0  14.0   2.0   0.0   26.0      1.0   34.0   50.0    4.0    0.0   89.0
 1987  10.0  19.0  18.0   5.0   1.0   53.0     39.0   94.0   79.0   22.0    1.0  235.0
 1988   6.0  16.0  16.0  17.0   5.0   60.0     16.0  121.0   95.0  143.0   11.0  386.0
 1989   3.0   5.0  15.0   7.0   1.0   31.0     15.0   17.0   92.0   32.0    1.0  157.0
 1990   1.0  12.0   9.0   6.0   5.0   33.0      2.0   51.0   48.0   17.0   18.0  136.0
 1991   5.0  12.0  11.0   7.0   0.0   35.0     12.0   62.0   60.0   13.0    0.0  147.0
 1992   2.0   2.0   1.0   2.0   0.0    7.0      6.0    2.0    1.0    3.0    0.0   12.0
 1993   0.0   1.0   2.0   4.0   1.0    8.0      0.0    2.0    5.0    7.0    1.0   15.0
 1994   4.0   6.0   1.0   3.0   4.0   18.0     14.0   17.0    1.0    7.0   10.0   49.0
 1995   0.0   8.0  10.0  10.0   0.0   28.0      0.0   38.0   66.0   34.0    0.0  138.0
 1996   3.0  10.0   4.0   3.0   0.0   20.0     17.0   57.0   13.0    8.0    0.0   95.0
 1997   0.0   8.0  13.0   2.0   1.0   24.0      0.0   29.0   45.0    5.0    1.0   80.0
 1998   4.0   5.0   5.0   5.0   9.0   28.0      7.0   12.0   17.0   12.0   37.0   85.0
 1999   2.0   7.0  17.0   3.0   4.0   33.0      2.0   20.0   88.0    7.0    9.0  126.0
 *****************************************************************************************
 MEANS  2.2   8.3  11.6   8.4   3.0   33.5      6.9   38.0   56.1   37.4   11.6  150.0
