 
 THIS IS FOR STATION NUMBER 3007 1951-> 1999
                                 # OF PRECIPITATION EVENTS - % IN PARENS
 CL                   MAX   MEAN  0.01-  0.26-  0.51-  1.01-          # OF DAYS
 WK    TIME PERIOD    VAL   RAIN    0.25   0.51   1.00   2.00  >2.01 MISSING TOTAL
  1 3/1-->3/7        3.38   0.53  55(65) 13(15) 10(11)  5( 5)  1( 1)   39       84
  2 3/8-->3/14       3.18   0.56  44(55) 20(25)  8(10)  6( 7)  1( 1)   38       79
  3 3/15-->3/21      1.66   0.49  60(65) 16(17) 13(14)  3( 3)  0( 0)   36       92
  4 3/22-->3/28      1.80   0.55  53(60) 14(15) 17(19)  4( 4)  0( 0)   39       88
  5 3/29-->4/4       3.00   0.78  72(61) 23(19) 11( 9) 10( 8)  1( 0)   35      117
  6 4/5-->4/11       2.91   0.70  62(59) 21(20) 16(15)  3( 2)  2( 1)   35      104
  7 4/12-->4/18      2.35   0.85  57(52) 19(17) 25(22)  7( 6)  1( 0)   37      109
  8 4/19-->4/25      2.50   0.91  66(56) 15(12) 22(18) 11( 9)  2( 1)   35      116
  9 4/26-->5/2       1.33   0.64  68(60) 23(20) 17(15)  4( 3)  0( 0)   31      112
 10 5/3-->5/9        3.70   1.03  61(52) 21(18) 19(16) 13(11)  2( 1)   22      116
 11 5/10-->5/16      2.06   0.87  56(50) 23(20) 21(19)  9( 8)  1( 0)   21      110
 12 5/17-->5/23      2.20   0.78  58(54) 21(19) 18(16)  8( 7)  1( 0)   21      106
 13 5/24-->5/30      4.06   1.06  68(56) 18(14) 21(17) 10( 8)  4( 3)   32      121
 14 5/31-->6/6       2.00   0.80  57(52) 21(19) 21(19)  8( 7)  1( 0)   17      108
 15 6/7-->6/13       3.05   1.12  68(55) 11( 8) 25(20) 18(14)  1( 0)   14      123
 16 6/14-->6/20      2.18   0.90  52(52) 21(21)  9( 9) 16(16)  1( 1)   16       99
 17 6/21-->6/27      4.88   0.90  56(56) 16(16) 13(13) 11(11)  3( 3)   15       99
 18 6/28-->7/4       3.76   1.19  46(47)  5( 5) 24(25) 18(18)  3( 3)   14       96
 19 7/5-->7/11       2.69   0.80  36(45) 17(21) 14(17)  9(11)  4( 5)   14       80
 20 7/12-->7/18      2.16   0.72  57(58) 19(19) 14(14)  7( 7)  1( 1)   14       98
 21 7/19-->7/25      4.04   1.14  45(43) 21(20) 22(21) 10( 9)  5( 4)   14      103
 22 7/26-->8/1       3.55   0.88  47(51) 14(15) 17(18) 13(14)  1( 1)   16       92
 23 8/2-->8/8        8.50   1.13  45(45) 17(17) 21(21) 13(13)  2( 2)   28       98
 24 8/9-->8/15       2.25   0.82  49(52) 16(17) 15(16) 12(12)  1( 1)   24       93
 25 8/16-->8/22      2.00   0.66  54(59) 14(15) 15(16)  7( 7)  1( 1)   21       91
 26 8/23-->8/29      1.92   0.62  45(57) 12(15) 13(16)  8(10)  0( 0)   21       78
 27 8/30-->9/5       2.27   0.80  30(42) 10(14) 18(25)  9(12)  4( 5)   23       71
 28 9/6-->9/12       2.33   0.69  42(53) 13(16) 13(16)  8(10)  2( 2)   21       78
 29 9/13-->9/19      4.33   1.11  48(44) 23(21) 22(20)  9( 8)  5( 4)   21      107
 30 9/20-->9/26      3.96   1.05  41(43) 15(15) 21(22) 11(11)  6( 6)   21       94
 31 9/27-->10/3      2.36   0.87  33(40) 14(17) 19(23) 13(16)  2( 2)   18       81
 32 10/4-->10/10     2.86   0.71  54(64) 11(13)  7( 8)  7( 8)  5( 5)   11       84
 33 10/11-->10/17    3.30   0.72  50(58) 15(17) 11(12)  5( 5)  4( 4)    7       85
 34 10/18-->10/24    2.01   0.60  60(64) 13(13) 12(12)  7( 7)  1( 1)    7       93
 35 10/25-->10/31    1.60   0.58  37(47) 20(25) 16(20)  5( 6)  0( 0)    7       78
 36 11/1-->11/7      2.71   0.71  53(58) 11(12) 17(18)  8( 8)  2( 2)    7       91
 37 11/8-->11/14     2.38   0.46  51(61) 14(16) 16(19)  1( 1)  1( 1)    7       83
 38 11/15-->11/21    1.75   0.58  41(52) 12(15) 19(24)  6( 7)  0( 0)    7       78
 39 11/22-->11/28    3.10   0.51  53(62) 17(20) 11(12)  3( 3)  1( 1)    9       85
 40 11/29-->12/5     3.00   0.47  57(66) 17(19)  9(10)  2( 2)  1( 1)   12       86
 41 12/6-->12/12     2.01   0.52  60(67) 16(17)  7( 7)  5( 5)  1( 1)   14       89
 42 12/13-->12/19    2.02   0.39  35(62)  9(16)  5( 8)  6(10)  1( 1)   16       56
 43 12/20-->12/26    1.78   0.32  52(72) 12(16)  6( 8)  2( 2)  0( 0)   14       72
 44 12/27-->1/2      1.55   0.39  49(64) 18(23)  6( 7)  3( 3)  0( 0)   25       76
 45 1/3-->1/9        1.15   0.21  42(70) 16(26)  1( 1)  1( 1)  0( 0)   47       60
 46 1/10-->1/16      0.94   0.26  44(69) 11(17)  8(12)  0( 0)  0( 0)   44       63
 47 1/17-->1/23      1.35   0.40  41(58) 17(24)  8(11)  4( 5)  0( 0)   43       70
 48 1/24-->1/30      1.27   0.24  47(74) 11(17)  4( 6)  1( 1)  0( 0)   46       63
 49 1/31-->2/6       0.88   0.27  47(67) 17(24)  6( 8)  0( 0)  0( 0)   28       70
 50 2/7-->2/13       1.26   0.21  48(76) 11(17)  3( 4)  1( 1)  0( 0)   25       63
 51 2/14-->2/20      1.55   0.35  59(76)  9(11)  5( 6)  4( 5)  0( 0)   21       77
 52 2/21-->2/27      1.94   0.48  41(56) 15(20)  9(12)  8(10)  0( 0)   21       73
 53 2/28-->2/29      0.70   0.05   6(66)  1(11)  2(22)  0( 0)  0( 0)    4        9
 ANNUAL TOTALS       8.50   2658(57)819(17)722(15)372( 8) 76( 1) 1175     4647
 
 THESE ARE THE MONTHLY AVERAGES FOR 1951-->1999 FOR STATION NUMBER 3007
   JAN  FEB  MAR  APR  MAY  JUN  JUL  AUG  SPT  OCT  NOV  DEC  ANNUAL
   1.27 1.32 2.54 3.38 4.01 4.02 4.20 3.56 3.94 2.91 2.35 1.87 35.37  <-- PRECIP
  
   23.7 29.2 39.8 53.3 64.1 73.5 78.1 75.8 67.8 56.2 42.0 29.6  57.1  <-- TEMP
 
 TWELVE SIGNIFICANT RAINFALL EVENTS  
 MONTH  DAY  YEAR   AMOUNT
   8      6  1959     8.50
   6     24  1993     4.88
   8      5  1970     4.78
   9     13  1961     4.33
   7     19  1961     4.04
   5     27  1996     4.06
   9     22  1970     3.96
   7      4  1995     3.76
   5      6  1977     3.70
   7     31  1977     3.55
   3      4  1985     3.38
  10     13  1969     3.30
 
 GROWING DEGREE DAYS FOR 4 BASE TEMPS FOR STATION NUMBER  3007
               MARCH                       APRIL  
     ****************************  *************************** 
 YEAR  40-86  48-86  50-86  52-86   40-86  48-86  50-86  52-86  
     ****************************  *************************** 
 1951     81     33     25     18    358    215    189    163
 1952    123     61     50     41    479    319    284    252
 1953    213    107     85     64    311    172    143    118
 1954    144     64     49     37    533    348    307    273
 1955    193    110     91     74    603    415    374    335
 1956    216    111     92     77    367    236    208    183
 1957    158     64     49     37    410    246    212    183
 1958     91     27     17     11    391    231    199    167
 1959    157     71     58     49    388    238    205    173
 1960     37     20     17     14    456    293    258    224
 1961    168     71     59     47    308    169    142    119
 1962    108     54     45     38    413    260    230    202
 1963    239    134    116    100    524    352    312    273
 1964    163     85     70     55    478    296    260    227
 1965     25      5      3      1    436    261    224    192
 1966    236    129    105     82    338    193    163    136
 1967    227    132    113     95    467    295    257    221
 1968    270    148    125    105    424    252    217    186
 1969    113     62     53     44    478    309    271    236
 1970    111     46     34     25    437    283    250    219
 1971     94     39     31     25    459    304    271    240
 1972    170     75     63     52    405    243    211    183
 1973    264    109     85     64    359    212    183    156
 1974    229    122    105     90    483    317    279    244
 1975    103     53     43     34    333    194    165    138
 1976    261    135    110     89    474    301    261    222
 1977    267    140    119    100    517    340    301    265
 1978     88     36     27     18    389    230    197    168
 1979    158     76     61     47    303    171    145    122
 1980    121     50     37     26    359    231    204    177
 1981    204    101     82     66    532    342    302    263
 1982    126     51     40     29    293    176    152    130
 1983    163     83     67     54    248    123    103     87
 1984     53     12      7      3    311    166    139    113
 1985    226    111     89     70    504    328    292    260
 1986    248    136    116     98    516    329    290    254
 1987    230    112     91     75    507    316    279    243
 1988    196     96     77     61    402    245    215    187
 1989    204    114     99     86    422    255    220    187
 1990    248    128    105     85    392    236    204    175
 1991    251    130    106     85    484    283    242    208
 1992    230    115     93     73    359    202    172    146
 1993     98     41     32     24    339    181    150    124
 1994    194     90     73     57    424    259    225    194
 1995    253    148    127    108    338    186    157    130
 1996    123     49     36     25    350    195    165    140
 1997    213    103     82     64    326    187    159    132
 1998    174     97     82     69    381    201    168    138
 1999    166     78     61     48    456    261    223    187
     ****************************  *************************** 
 MEAN  172.2   85.2   69.7   56.1  413.8  253.2  220.2  190.0
 STDV   65.8   38.8   33.6   28.9   77.7   62.2   57.9   53.5
 
               MAY                         JUNE   
     ****************************  *************************** 
 YEAR  40-86  48-86  50-86  52-86   40-86  48-86  50-86  52-86  
     ****************************  *************************** 
 1951    755    528    477    428    863    625    567    509
 1952    698    472    425    381   1052    812    752    693
 1953    701    476    427    381   1080    840    780    720
 1954    594    389    345    306   1016    778    719    661
 1955    769    532    480    433    861    621    563    507
 1956    763    543    496    450    991    754    696    640
 1957    695    465    412    364    936    696    637    580
 1958    732    507    460    416    857    617    557    499
 1959    820    588    532    479    983    743    683    624
 1960    631    417    366    316    872    632    572    514
 1961    602    399    355    314    934    694    636    582
 1962    933    690    631    573    953    713    654    596
 1963    687    464    413    367   1015    775    715    655
 1964    895    650    591    536    945    707    649    592
 1965    869    632    577    524    935    695    635    576
 1966    558    356    310    271    901    665    607    549
 1967    561    357    313    273    949    709    650    592
 1968    605    393    348    305    989    749    689    630
 1969    697    473    422    373    823    589    534    482
 1970    815    581    526    473    936    696    636    577
 1971    569    381    341    303   1015    777    719    662
 1972    731    504    451    402    868    635    579    525
 1973    614    398    351    307    955    715    655    595
 1974    646    426    375    328    791    560    513    468
 1975    804    590    543    497    959    720    662    604
 1976    500    291    245    201    851    611    551    491
 1977    861    625    567    513    936    699    640    582
 1978    684    472    426    382    887    647    587    531
 1979    665    451    406    361    928    688    629    571
 1980    725    500    450    407    857    618    562    508
 1981    557    360    317    275    957    717    657    597
 1982    786    548    491    436    748    515    464    417
 1983    590    366    319    274    973    733    674    616
 1984    567    362    319    279    980    740    680    621
 1985    744    506    449    397    827    588    530    472
 1986    758    516    459    403   1022    782    722    663
 1987    912    666    608    551   1053    813    753    693
 1988    856    611    554    499   1028    788    728    669
 1989    668    454    406    361    925    685    625    567
 1990    592    365    314    267    974    734    674    615
 1991    877    637    581    525   1077    837    777    717
 1992    701    478    427    380    934    695    636    577
 1993    742    499    441    388    936    699    641    584
 1994    729    494    442    393   1017    777    718    659
 1995    612    379    327    277    981    741    681    621
 1996    657    423    370    319    957    717    657    597
 1997    577    358    311    268    971    731    671    611
 1998    871    624    564    505    944    704    644    586
 1999    755    509    448    390    981    741    681    621
     ****************************  *************************** 
 MEAN  709.1  484.1  433.1  385.0  943.6  704.7  646.0  588.3
 STDV  109.4   98.3   94.3   90.2   72.3   71.2   69.7   67.8
 
               JULY                        AUGUST 
     ****************************  *************************** 
 YEAR  40-86  48-86  50-86  52-86   40-86  48-86  50-86  52-86  
     ****************************  *************************** 
 1951   1057    809    747    685    966    718    656    594
 1952   1105    857    795    733    975    727    665    606
 1953   1130    882    820    758   1058    810    748    686
 1954   1150    902    840    778   1078    830    768    706
 1955   1187    939    877    815   1094    846    784    722
 1956   1066    818    756    694   1078    831    771    711
 1957   1160    912    850    788   1061    813    751    689
 1958   1022    774    712    650   1070    824    763    702
 1959   1050    802    740    679   1147    899    837    775
 1960   1020    772    710    648   1081    833    771    709
 1961   1055    807    745    683   1056    808    746    684
 1962   1052    804    742    681   1033    785    723    661
 1963   1086    838    776    714   1009    761    699    637
 1964   1103    855    793    731    974    727    667    608
 1965   1048    800    738    676    977    729    668    610
 1966   1130    882    820    758    961    713    652    592
 1967    989    741    680    621    932    686    625    567
 1968   1081    833    772    711   1061    813    751    689
 1969   1112    864    802    740   1043    795    733    671
 1970   1081    833    771    710   1044    796    734    672
 1971   1031    783    723    664   1015    767    706    645
 1972   1034    787    727    667    918    671    615    564
 1973   1061    813    751    690   1033    785    723    661
 1974   1113    866    805    744    984    736    674    613
 1975   1065    817    756    696   1036    788    726    664
 1976   1103    855    793    731    959    711    650    592
 1977   1123    875    813    751    930    685    625    565
 1978   1052    804    742    680    967    720    660    601
 1979   1048    800    738    676   1015    767    706    646
 1980   1118    870    808    746   1074    826    764    702
 1981   1039    791    729    667    993    745    683    621
 1982   1041    793    731    669   1013    765    703    641
 1983   1168    920    858    796   1162    914    852    790
 1984   1023    775    713    651   1071    823    761    701
 1985   1045    797    735    673    896    648    587    528
 1986   1171    923    861    799    942    696    635    576
 1987   1187    939    877    815   1068    820    758    696
 1988   1169    921    859    797   1139    891    829    767
 1989   1142    894    832    770   1073    825    763    701
 1990   1084    836    774    712   1084    836    774    712
 1991   1133    885    823    761   1091    843    781    719
 1992   1028    780    718    656    919    671    609    548
 1993   1094    846    784    722   1095    847    785    723
 1994   1085    837    775    713   1012    764    702    640
 1995   1132    884    822    760   1197    949    887    825
 1996   1049    801    739    677   1067    819    757    695
 1997   1094    846    784    722   1017    769    707    645
 1998   1152    904    842    780   1143    895    833    771
 1999   1190    942    880    818   1052    804    742    680
     ****************************  *************************** 
 MEAN 1091.2  843.2  781.4  719.7 1034.2  786.4  724.9  664.0
 STDV   51.8   51.8   51.7   51.4   67.9   67.7   67.2   66.1
 
               SEPTEMBER                   OCTOBER
     ****************************  *************************** 
 YEAR  40-86  48-86  50-86  52-86   40-86  48-86  50-86  52-86  
     ****************************  *************************** 
 1951    698    473    421    372    502    321    284    250
 1952    784    559    507    460     80     55     49     43
 1953    837    612    560    511    599    417    377    339
 1954    868    636    581    529    523    353    314    277
 1955    833    603    551    501    506    339    301    267
 1956    808    587    534    484    693    476    428    385
 1957    753    528    476    427    445    274    241    209
 1958    818    584    531    480    562    378    338    299
 1959    835    603    552    501    435    254    214    176
 1960    870    632    575    523    404    279    255    231
 1961    819    593    539    488    553    356    314    273
 1962    739    523    475    429    538    365    325    287
 1963    828    591    535    482    837    602    546    492
 1964    788    571    520    469    141     94     84     74
 1965    773    546    492    439    525    342    303    265
 1966    720    493    440    393    367    236    209    185
 1967    727    506    456    410    444    291    259    227
 1968    794    556    499    446    509    345    310    275
 1969    806    574    520    468    432    275    242    210
 1970    785    561    509    458    511    314    269    226
 1971    819    608    559    510    644    450    405    361
 1972    812    589    537    486    244    161    144    128
 1973    775    543    488    438    586    393    351    309
 1974    641    439    393    347     15     11     10      9
 1975    622    430    384    341    424    302    274    246
 1976    746    520    470    423    140     95     86     78
 1977    775    539    485    433    390    231    200    170
 1978    849    622    571    520     98     60     53     46
 1979    784    565    518    473    186    120    106     93
 1980    816    593    542    492    378    235    209    184
 1981    725    508    457    409    298    195    171    149
 1982    765    536    484    433    511    323    282    243
 1983    781    561    508    458    449    275    239    205
 1984    695    487    437    390    499    315    273    234
 1985    816    590    535    484    468    268    227    190
 1986    888    651    593    535    499    296    254    216
 1987    820    581    522    466    362    203    171    141
 1988    867    628    570    514    357    209    176    145
 1989    724    501    450    401    530    339    299    260
 1990    882    648    591    536    481    304    263    226
 1991    819    598    547    497    493    303    260    221
 1992    752    524    472    422    489    295    256    221
 1993    659    430    377    327    426    253    218    184
 1994    816    579    522    469    556    345    299    256
 1995    722    499    445    395    482    290    249    213
 1996    757    522    468    419    508    318    277    238
 1997    846    606    547    491    460    320    288    257
 1998    967    727    667    608    526    310    266    227
 1999    775    548    496    446    525    336    295    256
     ****************************  *************************** 
 MEAN  787.9  561.6  508.6  458.0  441.7  284.4  250.5  218.5
 STDV   65.6   59.4   57.7   55.6  158.0  109.0   98.3   88.3
 
 DAILY RECORD HIGHS AND LOWS OCCURRING DURING 1951-1999 FOR STATION NUMBER 3007
     JAN     FEB    MARCH   APRIL    MAY     JUNE    JULY    AUG     SEPT    OCT     NOV     DEC
 DY MX  MN  MX  MN  MX  MN  MX  MN  MX  MN  MX  MN  MX  MN  MX  MN  MX  MN  MX  MN  MX  MN  MX  MN
  1  49 -12  55 -13  67 -11  80  26  91  31  92  44  97  47 103  48  99  44  90  30  81  22  64   6
  2  58 -13  56 -19  72  -1  80  23  88  30  87  41 100  50 103  54  97  47  92  27  79  15  68   3
  3  58 -11  66 -20  73   4  82  14  87  32  90  43  97  48 100  50  96  42  89  26  77  11  69   0
  4  59 -13  54 -14  75  -1  85  13  92  32  91  45  99  48 106  46  98  38  89  34  79  11  70   1
  5  57 -16  58 -16  70 -10  80  25  90  36  94  44  97  47  96  48  97  44  87  34  75  14  69   9
  6  58 -14  53 -18  73  -9  81  11  88  33  96  49  98  48  97  50  97  43  88  24  67  14  69  -7
  7  57 -10  56 -16  69   2  82  18  84  33  93  49  98  53  97  50  96  40  90  26  72   8  65  -9
  8  61 -10  64  -7  71  -1  78  19  86  30  94  51 100  50  99  50  96  43  84  25  74   1  65  -3
  9  50 -12  60 -21  74   6  80  20  88  29  95  43  99  53  98  47  95  49  84  29  75  13  55 -14
 10  52 -23  67 -17  71   6  78  19  90  36  94  42 100  55  96  47  95  42  84  25  72  13  59 -12
 11  58 -23  66 -11  70   7  82  24  85  22  93  44 102  53  96  47  94  43  86  29  73  16  60  -6
 12  58 -22  64 -11  73   2  79  21  90  29  97  47 101  52  98  48  94  36  86  31  77  10  64  -8
 13  59 -17  59  -3  74   8  82  22  91  36 100  47 101  50 100  42  90  38  88  28  71   6  64  -6
 14  64 -17  66   0  73   6  80  25  88  32 102  48 104  48  98  49  94  37  88  28  74  10  62  -5
 15  59 -21  71  -6  73  11  86  25  89  34  97  48 100  50 102  49  91  40  86  25  75  11  58 -13
 16  59 -20  62 -14  74   7  82  24  87  35  94  46 100  51 100  54  91  38  88  29  77  16  57 -10
 17  61 -18  57 -14  76  11  85  26  89  37  93  45  98  52 103  53  93  40  87  26  75   2  54  -6
 18  60 -16  62 -15  75   8  85  26  90  42  95  46 101  58 104  48  93  38  83  24  74  11  59 -11
 19  68 -14  62 -12  73   8  83  28  90  43  97  46 100  57 103  55  94  37  88  15  71  14  63 -19
 20  52 -21  64  -3  76  11  88  26  90  35  96  47 100  56 100  49  89  36  87  21  69  15  57 -17
 21  58 -19  64  -5  76   6  85  29  88  41  97  47  98  51 102  46  89  36  85  26  65   5  59 -16
 22  67 -11  63 -14  76  16  85  30  90  37  98  46  99  54  98  52  89  33  85  21  65  12  55 -17
 23  65 -16  60  -3  74   6  85  28  91  34  95  47 101  57  95  49  89  32  84  23  68   7  60 -19
 24  56 -14  69 -10  71   3  83  21  89  41  97  45 103  55  96  49  85  34  85  23  68   9  65 -19
 25  64  -8  65  -7  78   4  86  30  90  39 104  47 100  56  98  45  86  35  82  24  65  10  63 -17
 26  61 -10  66 -10  75   3  87  34  90  38  98  46 102  51  98  48  90  31  80  24  70  -4  59 -16
 27  52 -14  71   0  75   4  86  32  90  39  96  46 100  51  98  50  90  33  82  26  69   4  57  -8
 28  60 -20  68  -6  75  14  88  33  90  42  99  50 102  55  99  45  95  33  75  21  66  -3  60  -8
 29  57 -18 *** ***  78  13  91  27  90  37  97  51 100  52  95  48  96  31  76  18  67  -1  65  -6
 30  57 -16 *** ***  78   9  91  34  93  40  96  52 102  47  97  54  92  33  79  24  64  -5  56  -9
 31  62 -13 *** ***  81  13 *** ***  90  42 *** *** 102  48  99  45 *** ***  79  25 *** ***  63 -13
 
 DAILY MAXIMUM PRECIPITATION OCCURRING DURING 1951-1999 FOR STATION NUMBER 3007
     JAN   FEB   MARCH APRIL MAY   JUNE  JULY  AUG   SEPT  OCT   NOV   DEC
 
  1  1.55  0.55  1.12  1.90  0.95  2.00  1.88  1.54  2.00  1.54  2.37  1.22
  2  1.48  0.88  0.72  3.00  0.48  0.94  1.71  0.95  1.00  1.20  1.50  3.00
  3  1.15  0.59  0.46  1.00  2.21  0.91  1.40  1.15  1.46  1.44  1.00  0.61
  4  0.46  0.38  3.38  0.77  1.53  1.20  3.76  1.07  1.10  2.86  2.71  1.41
  5  0.44  0.42  1.30  2.90  1.28  0.70  1.00  4.78  2.27  2.32  0.90  0.89
  6  0.71  0.50  1.71  1.11  3.70  1.22  1.74  8.50  1.56  2.00  0.60  1.80
  7  0.20  0.60  0.12  0.67  1.81  1.06  2.02  1.34  2.33  0.30  0.45  0.88
  8  0.26  0.38  1.44  0.91  1.79  1.35  2.69  1.80  1.58  1.00  0.60  2.01
  9  0.43  0.34  0.62  0.86  1.42  1.44  1.08  1.57  2.00  0.61  0.78  1.20
 10  0.32  0.40  0.74  2.91  1.30  0.72  2.10  1.83  1.10  2.15  1.63  0.62
 11  0.27  1.26  0.95  1.22  1.92  1.90  1.00  1.07  1.46  3.00  0.76  1.35
 12  0.94  0.82  1.41  1.80  0.82  3.05  0.60  0.60  1.31  0.93  0.59  1.73
 13  0.86  0.58  1.50  1.28  1.48  1.81  1.96  2.25  4.33  3.30  0.60  1.00
 14  0.65  0.88  3.18  1.40  2.06  1.95  2.16  1.65  3.00  1.70  2.38  1.50
 15  0.46  0.85  1.00  1.85  0.85  1.74  1.72  1.45  0.61  1.40  1.46  2.02
 16  0.57  1.50  1.66  0.59  1.23  1.64  0.90  2.00  1.47  0.65  1.05  0.55
 17  0.38  0.45  0.98  2.35  2.20  1.19  1.64  1.70  0.99  2.62  1.44  0.45
 18  0.72  0.60  0.80  1.10  1.94  1.90  0.30  1.75  1.74  0.55  0.88  1.19
 19  0.97  1.55  0.95  1.56  1.85  1.39  4.04  0.71  1.15  2.01  0.41  1.44
 20  1.10  1.47  0.90  2.50  1.14  2.18  2.81  0.50  2.00  1.48  1.75  0.90
 21  1.07  1.94  1.26  1.05  1.24  1.54  1.58  1.63  1.10  0.52  1.30  0.39
 22  1.35  1.10  1.33  1.21  0.85  1.98  2.10  1.50  3.96  1.36  0.70  0.84
 23  0.84  1.00  0.57  1.00  1.26  2.60  1.34  1.31  2.47  1.61  1.21  0.54
 24  0.42  1.00  1.07  0.54  1.03  4.88  1.50  0.90  2.80  1.40  0.47  1.78
 25  0.65  0.31  1.80  2.30  1.40  3.00  2.65  1.92  1.40  1.36  0.92  1.13
 26  0.90  1.16  0.90  0.90  2.29  1.26  1.90  1.79  2.20  1.46  0.68  0.22
 27  1.27  0.66  0.81  0.65  4.06  0.90  1.62  0.61  1.70  0.70  3.10  0.64
 28  0.40  0.70  0.93  0.70  2.85  1.53  1.52  1.58  2.16  0.74  1.17  0.75
 29  0.15******  1.59  1.12  1.78  2.10  1.33  1.70  2.36  0.58  0.84  0.45
 30  0.22******  1.58  1.33  1.09  1.70  1.41  1.53  0.89  0.90  0.33  1.44
 31  0.44******  1.70******  1.47******  3.55  2.07******  1.60******  0.46
 
 RECORD LARGEST AND SMALLEST DAILY RANGES (MAX-MIN) DURING 1951-1999 FOR STATION NUMBER 3007
     JAN     FEB    MARCH   APRIL    MAY     JUNE    JULY    AUG     SEPT    OCT     NOV     DEC
 DY MX  MN  MX  MN  MX  MN  MX  MN  MX  MN  MX  MN  MX  MN  MX  MN  MX  MN  MX  MN  MX  MN  MX  MN
  1 35   2  30   5  31   4  39   6  40   6  40   6  38   4  42  10  33  11  40   4  40   2  37   2
  2 29   4  41   3  42   6  38   4  41   7  37   6  33   8  30   8  37   6  38   4  41   5  33   4
  3 33   3  34   4  36   2  45   5  36   8  32   5  31   8  38   7  39   8  42   4  44   5  40   3
  4 35   3  35   4  33   5  36   7  33   5  28  10  38   9  40   8  32   4  40   8  43   4  48   6
  5 38   3  46   3  43   4  43   4  33  12  32   9  32  10  30   7  38  12  41   9  43   5  32   4
  6 34   2  36   5  43   2  38   4  38   5  31   5  32   8  36   8  38   8  44   7  37   3  38   2
  7 41   5  41   7  35   9  46  10  37   4  31   7  31   9  33   7  33   9  42   3  39   7  33   2
  8 41   4  41   3  44   3  37   5  45   7  31   5  38  10  34   7  32   7  42   6  36   4  33   3
  9 43   4  34   5  39   3  41   5  42   7  34   7  36   4  31  11  37   9  41   4  39   4  38   3
 10 32   3  39   4  33   3  41   5  34   6  52  10  36   8  32  12  40  10  40   7  39   6  34   5
 11 48   5  38   5  39   4  39   3  40   8  39   5  32   5  34   7  35  10  41   4  38   3  44   4
 12 41   5  32   3  32   4  42   3  35   6  33   7  30   8  39   8  39   9  33   6  37   6  42   5
 13 36   3  32   6  36   4  35   5  37   3  32   6  29  10  42  10  36   8  35   5  36   4  48   4
 14 50   3  38   3  35   5  33   9  42   6  36   9  34   7  42  12  34   6  39  11  38   3  50   3
 15 40   4  33   4  42   4  44   7  40   4  35   6  31   6  30   6  43   4  53   6  41   3  34   6
 16 44   7  53   4  42   8  39   4  51   5  35  10  30   7  32   5  40   9  40   5  34   2  40   2
 17 42   4  46   5  38   8  45   6  38   2  32  12  32   8  32   5  39   6  43   5  31   3  50   3
 18 55   3  34   4  33   5  36   9  36   8  31  10  34  11  33   9  35   6  40   5  45   4  38   5
 19 38   4  38   4  43   5  49   5  37   6  38   8  29   9  32   3  36   5  39   5  31   4  30   4
 20 36   5  35   5  47   4  36  10  40   6  31  11  35   9  29  10  36   8  43   6  38   6  44   3
 21 44   2  44   4  40   5  38   6  39   7  34   8  35   5  31  10  36   7  43   5  46   3  35   4
 22 45   2  39   6  39   5  41  10  35   9  40   7  28   5  33   6  35   7  42   4  35   3  33   2
 23 35   2  34   5  42   3  45   8  36   6  39   9  30   7  37   8  39   5  45   3  35   4  37   3
 24 35   4  39   7  34   6  37   8  34   4  34  11  33   9  34   7  35   5  46   4  35   3  43   3
 25 40   5  40   5  35   2  36   5  30   8  30   7  30  12  34   8  34   7  39   4  27   4  32   3
 26 40   4  33   4  37   3  35   6  36   5  31  10  33  10  29   5  42   5  43   2  35   3  42   5
 27 32   7  37   3  37   6  39   9  32   7  37  10  36  10  30   6  41   8  32   5  43   3  31   3
 28 39   3  34   5  38   6  38   4  35   6  37   8  34   8  37  10  40   4  37   9  32   5  41   5
 29 33   5  **  **  43   3  38   6  43  11  34   9  29  13  37   6  43   9  38   3  32   6  38   4
 30 38   7  **  **  36   4  38   4  34   6  32   5  32   7  32  10  43  10  35   4  33   5  30   3
 31 42   4  **  **  32   5  **  **  35   6  **  **  41   7  35  11  **  **  40   3  **  **  41   3
 
 DAILY  MEAN  HIGHS AND LOWS OCCURRING DURING 1951-1999 FOR STATION NUMBER 3007
     JAN     FEB    MARCH   APRIL    MAY     JUNE    JULY    AUG     SEPT    OCT     NOV     DEC
 DY MX  MN  MX  MN  MX  MN  MX  MN  MX  MN  MX  MN  MX  MN  MX  MN  MX  MN  MX  MN  MX  MN  MX  MN
  1 32  17  33  16  44  25  57  36  68  46  77  56  84  64  85  64  82  61  72  49  59  39  43  26
  2 34  18  32  14  44  26  57  37  67  47  76  56  86  65  85  66  82  62  72  49  56  38  44  27
  3 34  16  31  14  43  26  57  38  68  47  75  56  86  65  86  65  82  61  71  48  55  36  44  27
  4 31  13  33  15  45  25  55  35  69  48  77  58  85  65  86  65  82  60  71  48  53  36  42  25
  5 31  13  34  16  42  26  57  36  70  49  79  59  85  64  83  64  81  59  70  47  53  34  42  26
  6 32  15  34  16  42  24  58  37  70  49  81  60  86  65  83  64  81  59  69  47  51  33  41  24
  7 31  12  33  15  43  23  61  36  70  48  80  60  86  66  84  64  80  59  67  45  53  33  39  22
  8 30  13  34  16  43  24  60  38  70  50  80  61  87  66  85  65  81  59  68  46  53  34  39  23
  9 30  11  35  16  44  25  57  36  70  49  80  60  86  65  84  64  81  59  69  46  54  35  37  20
 10 29  12  36  18  45  26  57  37  70  49  81  60  85  65  84  63  80  57  68  44  54  31  37  20
 11 31  12  35  17  47  29  59  39  71  49  82  61  86  66  83  63  79  56  68  45  51  33  37  20
 12 31  13  34  17  47  29  60  39  71  50  82  62  86  67  82  62  79  56  69  46  53  32  37  19
 13 32  14  37  19  47  29  62  41  71  51  83  61  87  67  83  63  78  56  68  45  51  33  36  19
 14 34  16  38  20  47  28  62  41  73  51  82  62  87  67  84  63  78  57  67  46  52  33  36  19
 15 32  13  38  21  48  28  62  40  73  51  81  62  86  66  84  64  77  55  69  46  52  34  36  19
 16 31  12  37  18  48  29  63  42  74  51  82  60  86  66  84  65  76  55  68  45  51  33  36  18
 17 33  13  38  20  50  30  66  42  74  53  82  61  87  66  84  65  76  55  65  42  50  34  35  19
 18 31  12  40  24  49  30  66  43  75  53  84  63  88  68  85  65  75  54  64  41  51  32  35  17
 19 33  14  41  23  48  31  66  44  75  54  83  62  88  68  84  65  75  55  63  40  49  32  36  19
 20 31  13  41  21  49  31  65  45  75  54  85  63  87  68  84  63  75  54  63  40  50  31  34  18
 21 32  15  40  22  49  29  65  44  76  54  83  63  86  67  84  62  73  52  64  42  47  28  32  17
 22 35  17  41  22  50  30  66  43  76  55  82  63  86  67  84  62  73  51  66  42  48  29  34  18
 23 34  15  39  24  51  32  65  44  75  54  83  62  86  66  83  63  72  49  64  43  48  29  35  18
 24 32  14  40  22  50  30  66  44  74  54  84  63  86  66  83  63  71  50  62  40  45  27  35  18
 25 33  15  41  23  49  32  67  46  74  55  85  63  87  66  83  62  74  51  60  40  46  28  34  18
 26 33  14  42  23  51  32  68  46  74  54  85  64  87  66  84  64  73  51  60  40  46  28  34  17
 27 31  13  42  24  53  32  69  47  75  56  84  64  87  67  84  65  73  50  60  41  46  27  36  19
 28 31  12  42  24  55  36  67  46  75  56  85  65  86  66  85  64  73  49  60  38  41  24  37  20
 29 31  14  **  **  55  36  66  45  76  56  85  65  86  66  84  63  73  50  59  39  40  23  36  20
 30 32  12  **  **  53  35  67  45  78  56  86  65  86  65  84  64  74  50  59  40  41  23  33  18
 31 34  14  **  **  55  36  **  **  78  56  **  **  86  65  84  62  **  **  60  41  **  **  34  17
  
  # OF DAYS EACH YEAR WHERE MIN >=32 F  1951-1999 FOR STATION # 3007
   51  52  53  54  55  56  57  58  59  60  61  62  63  64  65  66  67  68  69  70
  227 224 251 244 237 234 242 233 239 234 248 236 253 231 243 238 248 243 223 242
 
   71  72  73  74  75  76  77  78  79  80  81  82  83  84  85  86  87  88  89  90
  231 219 250 229 232 230 243 230 235 227 235 233 244 228 238 257 263 250 244 260
 
   91  92  93  94  95  96  97  98  99
  252 264 251 261 250 238 245 286 264
  
 MEAN=243
 
 LENGTH OF SEASON FOR STATION NUMBER 3007   BASE TEMP=32
 LAST SPRING OCCURENCE FIRST FALL OCCURENCE  LENGTH OF SEASON
   YEAR MONTH DAY DOY         MONTH DAY DOY
   1951   4    23 113          10     8 281          168
   1952   4    15 106          10     3 277          171
   1953   4    27 117          10    29 302          185
   1954   5     4 124          10    18 291          167
   1955   4     8  98          10    16 289          191
   1956   4    24 115          11     8 313          198
   1957   4    15 105          10    20 293          188
   1958   4    29 119          10     1 274          155
   1959   4    22 112          10    12 285          173
   1960   4    18 109          10    20 294          185
   1961   4    29 119          11     3 307          188
   1962   4    16 106          10    24 297          191
   1963   5     1 121          11     2 306          185
   1964   4     9 100          10     6 280          180
   1965   4    19 109          10    24 297          188
   1966   5    12 132          10    24 297          165
   1967   4    24 114          10    11 284          170
   1968   4    15 106          10    25 299          193
   1969   4    29 119          10    14 287          168
   1970   4     7  97          10    16 289          192
   1971   5    14 134          11     3 307          173
   1972   4    25 116          10    15 289          173
   1973   4    13 103          10    30 303          200
   1974   4    24 114          10     1 274          160
   1975   4    19 109          10    18 291          182
   1976   5     2 123          10     6 280          157
   1977   4     7  97          10    12 285          188
   1978   5     2 122          10     8 281          159
   1979   4     7  97          10     7 280          183
   1980   5     9 130          10    25 299          169
   1981   4     6  96          10    19 292          196
   1982   4    22 112          10    22 295          183
   1983   4    20 110           9    23 266          156
   1984   4     1  92           9    26 270          178
   1985   4    10 100          11     4 308          208
   1986   4    22 112          11     9 313          201
   1987   4     4  94          10    11 284          190
   1988   3    30  90          10    26 300          210
   1989   4    13 103          11     2 306          203
   1990   4    17 107          10    19 292          185
   1991   3    30  89          10    19 292          203
   1992   4     2  93          10    17 291          198
   1993   4    17 107          10    10 283          176
   1994   4     7  97          11    16 320          223
   1995   4     5  95          11     2 306          211
   1996   4    10 101          10    31 305          204
   1997   4    17 107          10    22 295          188
   1998   3    24  83          11     5 309          226
   1999   3    26  85          10    18 291          206
             MEAN=107              MEAN=292     MEAN=185
 
 LENGTH OF SEASON FOR STATION NUMBER 3007   BASE TEMP=30
 LAST SPRING OCCURENCE FIRST FALL OCCURENCE  LENGTH OF SEASON
   YEAR MONTH DAY DOY         MONTH DAY DOY
   1951   4    19 109          10    31 304          195
   1952   4    15 106          10     3 277          171
   1953   4    20 110          10    29 302          192
   1954   4     9  99          10    30 303          204
   1955   3    29  88          10    31 304          216
   1956   4    24 115          11     9 314          199
   1957   4    14 104          10    27 300          196
   1958   4    29 119          10    30 303          184
   1959   4    22 112          10    28 301          189
   1960   4    10 101          10    20 294          193
   1961   4    16 106          11     3 307          201
   1962   4    16 106          10    24 297          191
   1963   4    24 114          11     2 306          192
   1964   4     9 100          10     6 280          180
   1965   3    31  90          10    28 301          211
   1966   5    12 132          10    25 298          166
   1967   4    24 114          10    11 284          170
   1968   4     1  92          10    25 299          207
   1969   4    29 119          10    23 296          177
   1970   4     5  95          10    16 289          194
   1971   4     7  97          11     3 307          210
   1972   4    25 116          10    15 289          173
   1973   4    13 103          11     3 307          204
   1974   4    24 114          10     1 274          160
   1975   4    12 102          10    25 298          196
   1976   5     2 123          10     8 282          159
   1977   4     6  96          10    13 286          190
   1978   5     2 122          10     8 281          159
   1979   4     7  97          10    13 286          189
   1980   5     9 130          10    29 303          173
   1981   4     6  96          10    19 292          196
   1982   4    21 111          10    22 295          184
   1983   4    20 110          11     5 309          199
   1984   4     1  92          10    24 298          206
   1985   4     9  99          11     5 309          210
   1986   4    22 112          11     9 313          201
   1987   4     4  94          10    11 284          190
   1988   3    30  90          10    26 300          210
   1989   4    13 103          11     2 306          203
   1990   4    12 102          10    22 295          193
   1991   3    30  89          10    19 292          203
   1992   4     2  93          10    17 291          198
   1993   4     5  95          10    31 304          209
   1994   4     7  97          11    16 320          223
   1995   4     5  95          11     2 306          211
   1996   4     9 100          11     1 306          206
   1997   4    17 107          10    22 295          188
   1998   3    24  83          11     5 309          226
   1999   3    26  85          10    24 297          212
             MEAN=103              MEAN=297     MEAN=194
 
 LENGTH OF SEASON FOR STATION NUMBER 3007   BASE TEMP=28
 LAST SPRING OCCURENCE FIRST FALL OCCURENCE  LENGTH OF SEASON
   YEAR MONTH DAY DOY         MONTH DAY DOY
   1951   4    17 107          11     1 305          198
   1952   4    11 102          10     6 280          178
   1953   4    20 110          10    29 302          192
   1954   4     4  94          10    30 303          209
   1955   3    29  88          10    31 304          216
   1956   4    24 115          11     9 314          199
   1957   4    14 104          11     6 310          206
   1958   4    29 119          11    26 330          211
   1959   4    13 103          11     6 310          207
   1960   4    10 101          10    20 294          193
   1961   4    16 106          11     8 312          206
   1962   4    16 106          10    26 299          193
   1963   3    22  81          11     2 306          225
   1964   4     9 100          10    10 284          184
   1965   3    31  90          11     1 305          215
   1966   5    11 131          10    25 298          167
   1967   4    24 114          10    28 301          187
   1968   4     1  92          10    29 303          211
   1969   4     1  91          10    27 300          209
   1970   4     5  95          11    15 319          224
   1971   4     5  95          11     3 307          212
   1972   4     8  99          10    15 289          190
   1973   4    13 103          11     3 307          204
   1974   4     9  99          10     2 275          176
   1975   4     7  97          10    25 298          201
   1976   3    21  81          10     8 282          201
   1977   4     6  96          11    10 314          218
   1978   3    27  86          10     8 281          195
   1979   4     6  96          10    13 286          190
   1980   4    14 105          10    29 303          198
   1981   4     6  96          10    19 292          196
   1982   4    11 101          11     6 310          209
   1983   4    18 108          11     5 309          201
   1984   4     1  92          11     2 307          215
   1985   4     9  99          11    20 324          225
   1986   3    27  86          11    10 314          228
   1987   4     4  94          11    10 314          220
   1988   3    19  79          10    30 304          225
   1989   4    10 100          11    16 320          220
   1990   4    12 102          11     7 311          209
   1991   3    30  89          11     1 305          216
   1992   4     2  93          11    13 318          225
   1993   4     2  92          10    31 304          212
   1994   4     7  97          11    22 326          229
   1995   4     5  95          11     2 306          211
   1996   4     9 100          11     1 306          206
   1997   4    14 104          10    22 295          191
   1998   3    24  83          11    20 324          241
   1999   3    26  85          11     3 307          222
             MEAN= 97              MEAN=304     MEAN=206
 
 LENGTH OF SEASON FOR STATION NUMBER 3007   BASE TEMP=26
 LAST SPRING OCCURENCE FIRST FALL OCCURENCE  LENGTH OF SEASON
   YEAR MONTH DAY DOY         MONTH DAY DOY
   1951   4    17 107          11     1 305          198
   1952   4    11 102          10     6 280          178
   1953   4    16 106          11     5 309          203
   1954   4     4  94          10    30 303          209
   1955   3    29  88          11     3 307          219
   1956   4    24 115          11     9 314          199
   1957   4    14 104          11     6 310          206
   1958   3    26  85          11    26 330          245
   1959   3    28  87          11     6 310          223
   1960   4    10 101          10    20 294          193
   1961   4    16 106          11     8 312          206
   1962   4    16 106          10    26 299          193
   1963   3    22  81          11    14 318          237
   1964   4     9 100          10    10 284          184
   1965   3    31  90          11     1 305          215
   1966   5    11 131          11     2 306          175
   1967   3    22  81          11     4 308          227
   1968   3    23  83          10    29 303          220
   1969   3    31  90          10    27 300          210
   1970   4     2  92          11    16 320          228
   1971   4     5  95          11     3 307          212
   1972   4     8  99          10    15 289          190
   1973   4    11 101          11     5 309          208
   1974   3    25  84          10     3 276          192
   1975   4     5  95          11    12 316          221
   1976   3    21  81          10    17 291          210
   1977   3    22  81          11    10 314          233
   1978   3    27  86          11    19 323          237
   1979   4     6  96          11     2 306          210
   1980   3    22  82          10    29 303          221
   1981   4     6  96          10    23 296          200
   1982   4    11 101          11     6 310          209
   1983   4    18 108          11    17 321          213
   1984   3    23  83          11     2 307          224
   1985   4     9  99          11    20 324          225
   1986   3    21  80          11    11 315          235
   1987   4     4  94          11    10 314          220
   1988   3    19  79          10    30 304          225
   1989   4    10 100          11    16 320          220
   1990   4     7  97          11     7 311          214
   1991   3    30  89          11     2 306          217
   1992   3    13  73          11    14 319          246
   1993   3    18  77          10    31 304          227
   1994   4     7  97          11    30 334          237
   1995   4     4  94          11     3 307          213
   1996   3    27  87          11     2 307          220
   1997   4    14 104          10    27 300          196
   1998   3    15  74          11    21 325          251
   1999   3    15  74          11    29 333          259
             MEAN= 92              MEAN=308     MEAN=215
 
 LENGTH OF SEASON FOR STATION NUMBER 3007   BASE TEMP=24
 LAST SPRING OCCURENCE FIRST FALL OCCURENCE  LENGTH OF SEASON
   YEAR MONTH DAY DOY         MONTH DAY DOY
   1951   3    26  85          11     1 305          220
   1952   3    24  84          10     6 280          196
   1953   3    16  75          11     5 309          234
   1954   4     4  94          11     2 306          212
   1955   3    29  88          11     3 307          219
   1956   4    24 115          11    10 315          200
   1957   4    13 103          11     6 310          207
   1958   3    22  81          11    26 330          249
   1959   3    22  81          11     6 310          229
   1960   4    10 101          10    20 294          193
   1961   4     2  92          11    18 322          230
   1962   4    16 106          10    26 299          193
   1963   3    22  81          11    23 327          246
   1964   3    30  90          11    20 325          235
   1965   3    31  90          11     1 305          215
   1966   5    11 131          11     2 306          175
   1967   3    18  77          11     4 308          231
   1968   3    23  83          11    12 317          234
   1969   3    31  90          10    28 301          211
   1970   3    30  89          11    16 320          231
   1971   4     4  94          11     6 310          216
   1972   4     8  99          10    19 293          194
   1973   4    11 101          11     5 309          208
   1974   3    25  84          11    14 318          234
   1975   4     4  94          11    13 317          223
   1976   3    21  81          10    22 296          215
   1977   3    22  81          11    11 315          234
   1978   3    27  86          11    19 323          237
   1979   4     6  96          11     7 311          215
   1980   3    14  74          10    29 303          229
   1981   3    23  82          10    23 296          214
   1982   4    10 100          11    13 317          217
   1983   3    24  83          11    25 329          246
   1984   3    23  83          11     2 307          224
   1985   4     9  99          11    20 324          225
   1986   3    21  80          11    11 315          235
   1987   3    31  90          11    21 325          235
   1988   3    15  75          10    30 304          229
   1989   3    22  81          11    16 320          239
   1990   3    24  83          11     8 312          229
   1991   3    10  69          11     2 306          237
   1992   3    13  73          11    14 319          246
   1993   3    18  77          11     1 305          228
   1994   3    11  70          11    30 334          264
   1995   4     4  94          11     3 307          213
   1996   3    27  87          11     2 307          220
   1997   4     9  99          11    12 316          217
   1998   3    15  74          11    21 325          251
   1999   3    15  74          11    30 334          260
             MEAN= 87              MEAN=312     MEAN=224
 
 THESE ARE THE MONTHLY AVG. MAX TEMPS 1951-1999 FOR STATION #3007
 YEAR    JAN   FEB  MARCH APRIL  MAY  JUNE  JULY AUGUST SEPT   OCT   NOV   DEC   ANN
  
 1951   32.0  35.7  41.4  60.7  75.9  78.1  84.4  80.1  72.9  66.3  45.6  36.5  59.1
 1952   36.9  41.9  45.1  68.2  74.8  88.0  88.6  82.1  79.9  66.8  55.6  40.0  64.0
 1953   35.9  45.0  51.2  58.3  73.6  87.5  89.5  88.7  83.3  74.0  56.0  43.6  65.6
 1954   36.3  51.3  47.5  69.4  70.6  86.9  92.3  86.0  82.4  66.3  55.4  41.4  65.5
 1955   35.5  37.6  50.5  73.0  76.8  79.4  91.8  90.8  81.0  67.8  47.3  36.4  64.0
 1956   35.6  39.2  52.9  62.7  76.9  86.2  86.0  86.3  80.6  75.8  52.6  39.9  64.6
 1957   30.1  42.5  49.0  60.5  72.5  81.2  89.4  86.4  76.8  64.5  49.3  45.6  62.3
 1958   34.0  29.6  45.3  63.0  75.8  79.0  82.1  86.4  77.9  69.4  56.5  35.1  61.2
 1959   28.4  36.8  49.5  62.0  77.0  84.2  85.5  88.1  78.3  62.1  43.0  42.8  61.5
 1960   34.3  32.3  33.6  64.5  69.1  78.3  83.7  85.4  81.8  68.8  55.3  37.5  60.4
 1961   35.6  42.5  50.3  58.0  70.6  83.5  84.4  85.3  77.9  67.9  51.0  35.3  61.9
 1962   28.6  37.4  43.0  63.6  81.7  82.8  84.6  85.3  76.8  68.5  52.5  38.2  61.9
 1963   23.7  32.9  53.2  69.1  72.7  86.5  86.8  82.9  78.4  79.5  55.7  26.4  62.3
 1964   40.4  38.9  49.4  64.8  79.5  83.4  87.7  83.9  78.0  66.6  57.7  35.5  63.8
 1965   35.2  37.9  35.0  64.4  79.8  81.8  84.5  84.0  75.9  68.0  55.8  46.3  62.4
 1966   29.7  39.5  52.8  60.1  68.6  81.5  91.9  83.8  75.5  66.0  53.7  38.1  61.8
 1967   38.8  35.4  51.8  64.9  67.8  80.9  83.3  80.6  75.3  64.6  48.7  39.0  60.9
 1968   32.3  36.3  54.7  63.5  70.0  84.9  86.2  85.1  77.3  67.5  50.2  37.7  62.1
 1969   28.9  37.3  45.2  67.1  72.8  78.1  86.0  85.1  77.4  63.1  50.8  35.1  60.6
 1970   26.5  41.1  45.6  63.9  76.3  80.6  88.8  84.3  76.8  65.2  48.2  40.7  61.5
 1971   30.7  35.4  44.1  66.2  71.2  89.9  85.4  86.1  83.1  74.1  51.6  39.9  63.1
 1972   33.7  34.9  49.5  62.7  75.3  81.2  85.4  84.1  80.0  62.4  43.8  33.8  60.6
 1973   34.9  39.6  54.3  59.4  70.7  82.6  86.3  84.3  76.2  70.1  52.1  35.2  62.1
 1974   30.7  38.1  52.4  66.4  69.8  79.2  89.1  81.3  72.9  67.0  49.5  37.1  61.1
 1975   36.2  33.0  42.8  58.6  80.0  83.0  88.5  87.3  73.0  70.0  55.5  38.9  62.2
 1976   33.1  48.6  54.5  65.7  62.7  78.7  89.5  83.3  79.3  59.6  43.8  34.2  61.1
 1977   20.6  39.2  54.8  68.6  79.6  82.7  91.3  80.6  76.7  62.7  50.2  32.8  61.6
 1978   23.5  24.6  41.5  62.8  73.6  81.2  85.4  83.8  82.2  63.8  51.3  34.8  59.1
 1979   18.7  25.8  46.9  57.4  72.4  81.1  83.8  85.0  81.4  67.4  49.1  42.1  59.3
 1980   33.7  30.8  45.3  63.1  76.2  80.2  90.7  88.2  79.1  62.3  52.0  37.1  61.6
 1981   36.7  40.3  52.7  68.5  68.2  82.7  83.0  82.1  76.8  63.9  54.4  35.0  62.0
 1982   22.9  32.5  45.6  56.7  76.9  76.9  85.6  82.2  74.8  66.4  48.4  47.1  59.7
 1983   41.2  40.5  47.5  54.0  68.1  82.9  91.5  93.0  78.8  64.4  51.5  21.8  61.3
 1984   31.4  44.3  39.6  58.0  68.7  84.0  85.0  87.3  73.5  65.5  50.6  41.9  60.8
 1985   27.2  31.4  54.2  66.5  75.2  79.0  86.7  79.8  76.2  63.4  45.2  27.2  59.3
 1986   36.8  32.3  52.9  67.2  73.0  83.3  86.3  79.4  77.9  64.0  43.4  37.3  61.2
 1987   33.8  44.9  53.4  66.5  79.9  86.0  89.9  84.6  77.0  60.5  52.3  39.0  64.0
 1988   32.6  33.4  50.8  64.1  78.9  86.8  91.1  89.9  79.3  60.3  50.7  40.5  63.2
 1989   43.0  27.1  49.6  62.1  71.3  80.4  87.5  84.0  73.5  66.7  50.7  26.2  60.2
 1990   44.3  43.1  52.4  60.5  67.4  80.8  83.4  83.7  79.6  65.4  56.3  35.3  62.7
 1991   29.6  42.0  54.0  64.9  75.8  85.7  86.9  85.1  77.2  64.3  43.3  40.2  62.4
 1992   39.5  43.1  52.2  60.0  72.7  81.7  80.7  79.1  74.0  64.9  43.7  35.6  60.6
 1993   33.4  31.2  43.6  58.3  72.5  79.6  81.6  83.9  69.8  61.7  45.8  37.9  58.3
 1994   25.7  34.6  51.6  63.3  73.7  84.2  83.8  82.0  76.7  66.1  53.4  41.2  61.4
 1995   29.4  37.4  52.5  59.4  67.6  82.1  87.3  87.3  72.9  65.1  44.8  36.2  60.2
 1996   31.8  37.6  44.5  60.2  69.2  80.6  83.2  82.9  74.5  65.6  41.3  35.4  58.9
 1997   29.2  38.3  52.8  57.8  68.3  81.1  85.0  81.2  77.3  65.5  45.0  35.6  59.8
 1998   35.5  44.5  45.9  60.4  76.5  79.8  86.0  85.3  81.7  65.3  53.4  42.4  63.0
 1999   30.1  44.4  48.8  63.5  72.8  81.6  89.1  83.5  77.3  67.5  59.4  39.7  63.1
 MEANS  32.4  37.6  48.5  62.9  73.3  82.3  86.7  84.5  77.5  66.2  50.5  37.4  61.7
 
 THESE ARE THE MONTHLY AVG. MIN TEMPS 1951-1999 FOR STATION #3007
 YEAR    JAN   FEB  MARCH APRIL  MAY  JUNE  JULY AUGUST SEPT   OCT   NOV   DEC   ANN
  
 1951   16.0  19.4  24.4  37.6  52.6  59.9  65.3  62.9  53.5  44.6  26.1  16.5  39.9
 1952   17.5  26.4  28.6  39.6  50.6  66.2  66.6  61.2  53.1  35.2  32.6  26.0  42.0
 1953   20.5  26.1  32.2  37.6  52.1  67.4  67.7  63.5  54.9  47.1  33.9  23.7  43.9
 1954   15.7  28.3  26.7  43.2  46.6  65.4  68.4  66.5  56.9  45.4  32.9  24.6  43.4
 1955   17.2  18.9  27.5  46.2  52.8  58.2  70.6  65.3  55.8  43.6  25.6  18.9  41.7
 1956   16.3  20.6  28.6  35.9  52.6  62.8  65.1  65.3  54.3  48.9  31.9  24.3  42.2
 1957    9.8  25.6  29.1  42.7  52.0  61.8  69.4  65.0  53.8  42.1  33.0  26.8  42.6
 1958   19.2  11.6  29.1  40.8  51.1  58.6  64.1  65.0  56.9  45.3  36.3  17.6  41.3
 1959    9.8  18.6  29.4  40.3  55.8  62.6  63.4  69.3  58.1  44.5  25.6  29.9  42.3
 1960   20.0  18.6  15.2  43.1  50.9  60.1  63.4  65.6  58.8  44.6  33.5  19.7  41.1
 1961   14.2  23.6  33.0  37.4  47.4  59.9  64.4  64.6  57.5  46.8  34.2  18.8  41.8
 1962    9.6  19.7  25.7  39.7  59.4  61.7  64.5  63.3  52.6  47.9  32.8  18.2  41.2
 1963    6.3  12.8  33.2  44.3  51.3  63.9  65.6  63.5  57.1  54.4  36.8   9.5  41.6
 1964   20.8  20.1  27.1  45.1  58.9  61.4  66.8  61.4  55.0  38.5  34.2  18.2  42.3
 1965   14.9  17.0  15.4  42.9  56.5  60.8  64.4  61.1  55.6  44.1  33.0  27.9  41.1
 1966    8.3  18.9  31.7  38.3  45.5  59.6  67.7  59.4  52.9  41.4  33.1  20.7  39.8
 1967   17.5  15.4  32.3  44.7  48.3  62.7  61.6  59.9  52.9  42.7  31.5  24.5  41.2
 1968   15.3  16.2  33.8  42.9  48.8  63.8  65.5  65.9  55.8  45.3  33.1  18.5  42.1
 1969   10.2  22.6  22.1  42.6  52.1  57.2  67.9  63.4  56.6  43.9  30.0  19.2  40.6
 1970    9.3  19.7  27.6  42.6  56.2  62.4  65.2  64.9  55.7  46.5  32.3  23.5  42.1
 1971   10.3  17.3  28.5  41.1  44.8  62.0  62.7  61.9  54.0  47.3  31.4  26.8  40.7
 1972   10.2  15.6  29.1  40.5  52.3  57.6  63.5  57.7  54.9  37.3  26.2  12.4  38.1
 1973   15.4  18.1  40.5  40.4  48.4  61.6  64.5  63.5  55.7  46.6  30.6  16.3  41.8
 1974   11.9  21.2  31.9  43.6  51.8  53.8  66.7  62.6  49.2  42.2  30.9  20.5  40.5
 1975   17.7  16.9  24.6  36.7  52.0  62.5  64.4  63.1  48.3  39.3  35.5  25.4  40.5
 1976   12.2  26.4  34.1  43.7  48.5  58.4  66.1  59.7  51.4  36.8  21.4  10.3  39.1
 1977    0.3  19.4  35.6  43.8  56.1  60.8  67.1  59.7  55.0  39.9  29.0  12.6  40.0
 1978    1.5   0.6  22.4  41.5  50.5  58.9  64.3  59.6  55.6  40.1  34.0  18.4  37.3
 1979    2.3   6.2  30.0  39.6  50.6  61.2  64.6  63.2  51.7  43.1  31.1  22.1  38.8
 1980   18.3  11.9  25.5  34.9  50.1  57.6  67.1  64.9  55.9  39.8  31.4  20.3  39.8
 1981   14.5  18.4  29.1  45.8  47.4  61.5  65.3  62.3  51.7  39.6  33.2  16.1  40.4
 1982    1.3  11.6  24.7  34.6  53.7  53.1  63.0  64.3  56.3  45.2  32.5  27.4  39.0
 1983   22.3  25.0  33.3  38.8  50.0  63.5  70.2  69.3  54.0  43.6  34.0   4.9  42.4
 1984   12.5  23.9  24.4  40.5  47.5  62.2  62.9  64.7  52.1  45.0  30.4  21.5  40.6
 1985    5.3  12.2  32.0  44.2  52.9  56.5  62.5  58.3  59.1  46.4  29.9   8.1  38.9
 1986   18.2  17.4  34.6  46.1  55.8  65.7  70.9  61.5  61.3  47.7  29.6  26.6  44.6
 1987   20.5  28.6  35.9  45.7  59.2  67.1  71.7  66.8  57.7  40.3  38.1  27.9  46.6
 1988   15.0  15.7  30.9  41.5  56.6  65.1  69.8  69.6  58.7  40.4  33.6  22.6  43.3
 1989   27.6  11.6  30.5  43.1  51.4  62.2  69.5  66.2  54.5  46.4  31.1   8.9  41.9
 1990   26.6  26.1  36.1  42.5  50.8  64.6  67.9  67.8  60.7  44.0  37.4  19.6  45.3
 1991   13.5  25.8  35.1  47.0  60.8  68.0  69.2  67.0  57.8  45.6  27.2  25.6  45.2
 1992   24.8  29.6  34.5  41.9  52.5  61.2  66.0  60.6  56.2  45.4  34.0  22.5  44.1
 1993   19.7  18.6  28.6  41.5  55.4  62.9  69.3  68.1  54.1  44.1  32.3  24.7  43.3
 1994   10.5  17.3  31.9  43.1  53.2  65.8  67.0  64.1  57.8  49.5  37.2  28.4  43.8
 1995   17.2  20.8  33.9  40.6  51.9  64.4  68.8  72.3  55.0  45.2  27.4  21.8  43.3
 1996   14.3  19.8  25.2  39.4  53.2  64.2  65.6  66.5  56.0  46.4  28.5  21.4  41.7
 1997    9.8  26.3  32.5  39.3  49.0  64.1  68.1  65.2  59.2  47.8  32.2  26.6  43.3
 1998   23.3  34.3  32.4  44.5  59.8  63.9  70.1  69.6  63.5  48.4  38.2  26.0  47.8
 1999   16.3  29.9  31.1  46.6  55.9  64.5  71.9  65.4  55.2  45.0  38.0  24.9  45.4
 MEANS  14.3  19.7  29.6  41.6  52.3  61.9  66.5  64.1  55.5  44.1  32.0  20.8  41.9
 
 THESE ARE THE MONTHLY AVG. MEAN TEMPS 1951-1999 FOR STATION #3007
 YEAR    JAN   FEB  MARCH APRIL  MAY  JUNE  JULY AUGUST SEPT   OCT   NOV   DEC   ANN
  
 1951   24.0  27.6  32.9  49.2  64.3  69.0  74.8  71.5  63.2  55.5  35.8  26.5  49.5
 1952   27.2  34.1  36.9  53.9  62.7  77.1  77.6  71.6  66.5  51.0  44.1  33.0  53.0
 1953   28.2  35.6  41.7  47.9  62.9  77.5  78.6  76.1  69.1  60.5  44.9  33.7  54.7
 1954   26.0  39.8  37.1  56.3  58.6  76.2  80.4  76.2  69.6  55.9  44.1  33.0  54.4
 1955   26.3  28.2  39.0  59.6  64.8  68.8  81.2  78.0  68.4  55.7  36.4  27.6  52.8
 1956   26.0  29.9  40.8  49.3  64.8  74.5  75.6  75.8  67.4  62.3  42.3  32.1  53.4
 1957   20.0  34.1  39.0  51.6  62.3  71.5  79.4  75.7  65.3  53.3  41.2  36.2  52.5
 1958   26.6  20.6  37.2  51.9  63.4  68.8  73.1  75.7  67.4  57.3  46.4  26.4  51.2
 1959   19.1  27.7  39.5  51.2  66.4  73.4  74.5  78.7  68.2  53.3  34.3  36.4  51.9
 1960   27.1  25.4  24.4  53.8  60.0  69.2  73.5  75.5  70.3  56.7  44.4  28.6  50.8
 1961   24.9  33.0  41.6  47.7  59.0  71.7  74.4  74.9  67.7  57.4  42.6  27.0  51.8
 1962   19.1  28.5  34.4  51.6  70.5  72.2  74.6  74.3  64.7  58.2  42.6  28.2  51.6
 1963   15.0  22.9  43.2  56.7  62.0  75.2  76.2  73.2  67.8  66.9  46.3  18.0  51.9
 1964   30.6  29.5  38.3  55.0  69.2  72.4  77.3  72.6  66.5  52.5  45.9  26.8  53.0
 1965   25.0  27.5  25.2  53.7  68.2  71.3  74.5  72.6  65.8  56.0  44.4  37.1  51.8
 1966   19.0  29.2  42.3  49.2  57.0  70.6  79.8  71.6  64.2  53.7  43.4  29.4  50.8
 1967   28.1  25.4  42.1  54.8  58.0  71.8  72.5  70.3  64.1  53.7  40.1  31.7  51.0
 1968   23.8  26.3  44.2  53.2  59.4  74.3  75.9  75.5  66.5  56.4  41.6  28.1  52.1
 1969   19.5  30.0  33.6  54.9  62.5  67.7  76.9  74.2  67.0  53.5  40.4  27.1  50.6
 1970   17.9  30.4  36.6  53.2  66.2  71.5  77.0  74.6  66.3  55.8  40.2  32.1  51.8
 1971   20.5  26.4  36.3  53.7  58.0  75.9  74.1  74.0  68.6  60.7  41.5  33.4  51.9
 1972   22.0  25.3  39.3  51.6  63.8  69.4  74.4  70.9  67.4  49.8  35.0  23.1  49.3
 1973   25.1  28.9  47.4  49.9  59.6  72.1  75.4  73.9  65.9  58.3  41.3  25.8  52.0
 1974   21.3  29.6  42.2  55.0  60.8  66.5  77.9  72.0  61.0  54.6  40.2  28.8  50.8
 1975   27.0  24.9  33.7  47.7  66.0  72.8  76.5  75.2  60.6  54.6  45.5  32.1  51.4
 1976   22.6  37.5  44.3  54.7  55.6  68.5  77.8  71.5  65.3  48.2  32.6  22.3  50.1
 1977   10.4  29.3  45.2  56.2  67.8  71.8  79.2  70.2  65.9  51.3  39.6  22.7  50.8
 1978   12.5  12.6  32.0  52.2  62.0  70.1  74.8  71.7  68.9  51.9  42.7  26.6  48.2
 1979   10.5  16.0  38.5  48.5  61.5  71.2  74.2  74.1  66.6  55.3  40.1  32.1  49.0
 1980   26.0  21.3  35.4  49.0  63.2  68.9  78.9  76.5  67.5  51.0  41.7  28.7  50.7
 1981   25.6  29.3  40.9  57.2  57.8  72.1  74.2  72.2  64.2  51.8  43.8  25.5  51.2
 1982   12.1  22.1  35.2  45.7  65.3  65.0  74.3  73.3  65.5  55.8  40.4  37.2  49.3
 1983   31.8  32.8  40.4  46.4  59.0  73.2  80.8  81.1  66.4  54.0  42.8  13.4  51.8
 1984   21.9  34.1  32.0  49.3  58.1  73.1  73.9  76.0  62.8  55.2  40.5  31.7  50.7
 1985   16.2  21.8  43.1  55.3  64.0  67.8  74.6  69.0  67.7  54.9  37.5  17.6  49.1
 1986   27.5  24.9  43.8  56.6  64.4  74.5  78.6  70.5  69.6  55.8  36.5  31.9  52.9
 1987   27.2  36.8  44.7  56.1  69.5  76.6  80.8  75.7  67.4  50.4  45.2  33.4  55.3
 1988   23.8  24.6  40.8  52.8  67.7  76.0  80.5  79.8  69.0  50.3  42.2  31.6  53.3
 1989   35.3  19.4  40.0  52.6  61.3  71.3  78.5  75.1  64.0  56.5  40.9  17.6  51.0
 1990   35.4  34.6  44.2  51.5  59.1  72.7  75.6  75.7  70.2  54.7  46.8  27.5  54.0
 1991   21.6  33.9  44.5  56.0  68.3  76.8  78.0  76.1  67.5  55.0  35.2  32.9  53.8
 1992   32.2  36.4  43.4  51.0  62.6  71.4  73.4  69.9  65.1  55.1  38.9  29.1  52.4
 1993   26.5  24.9  36.1  49.9  63.9  71.3  75.5  76.0  62.0  52.9  39.0  31.3  50.8
 1994   18.1  26.0  41.7  53.2  63.4  75.0  75.4  73.0  67.3  57.8  45.3  34.8  52.6
 1995   23.3  29.1  43.2  50.0  59.8  73.2  78.0  79.8  64.0  55.1  36.1  29.0  51.7
 1996   23.0  28.7  34.9  49.8  61.2  72.4  74.4  74.7  65.2  56.0  34.9  28.4  50.3
 1997   19.5  32.3  42.7  48.6  58.6  72.6  76.5  73.2  68.3  56.6  38.6  31.1  51.5
 1998   29.4  39.4  39.1  52.5  68.1  71.9  78.0  77.4  72.6  56.9  45.8  34.2  55.4
 1999   23.2  37.1  40.0  55.0  64.4  73.1  80.5  74.4  66.3  56.3  48.7  32.3  54.3
 MEANS  23.4  28.7  39.1  52.3  62.8  72.1  76.6  74.3  66.5  55.2  41.2  29.1  51.8
 
 THESE ARE THE MONTHLY PRECIP TOTALS AND NUMBER OF MISSING DAYS 1951-1999 FOR STATION #3007
 YEAR    JAN   FEB  MARCH APRIL  MAY  JUNE  JULY AUGUST SEPT   OCT   NOV   DEC   ANN
  
 1951   0.00  0.00  0.00  0.00  0.00  0.00  0.00  0.00  0.00  0.00  0.00  0.00  0.00
          31    28    31    30    31    30    31    31    30    31    30    31   365
 1952   0.00  0.00  0.00  0.00  0.00  0.00  0.00  0.00  0.00  0.61  2.20  2.09  4.90
          31    29    31    30    31    30    31    31    30     7     0     0   281
 1953   1.54  2.48  4.95  2.64  2.50  5.40  1.27  0.72  0.33  0.99  0.39  1.21 24.42
           0     0     0     0     0     0     0     0     2     0     0     0     2
 1954   0.41  1.75  3.20  8.85  2.63  4.05  1.88  2.72  1.36  6.17  0.72  0.10 33.84
           0     0     0     0     0     0     0    11     0     0     0     2    13
 1955   0.75  0.00  0.28  1.96  1.88  3.59  0.21  3.22  2.38  2.63  0.10  0.21 17.21
           1    28     3     1     4     0     0     0     0     0     0     0    37
 1956   0.10  1.45  2.10  1.77  1.38  2.80  3.32  6.97  0.73  0.99  1.12  1.30 24.03
           0     0     0     0     0     0     0     0     0     0     0     0     0
 1957   2.19  1.33  2.99  4.88  5.64  4.77  2.31  2.15  3.34  4.81  2.08  3.83 40.32
           0     0     0     0     0     0     0     0     0     0     0     1     1
 1958   1.45  0.25  0.56  2.88  2.16  5.80  6.83  3.71  3.19  0.50  2.24  0.70 30.27
           0     0     0     0     0     0     0     0     0     0     0     0     0
 1959   0.68  1.15  2.34  3.60  4.91  2.45  3.10 10.80  7.27  5.52  0.14  1.78 43.74
           0     0     0     0     0     0     0     0     0     0     0     0     0
 1960   2.14  2.20  2.12  3.91  5.45  8.10  5.47  2.18  1.09  3.05  0.93  0.79 37.43
           0     0     0     0     0     0     0     0     0     0     0     0     0
 1961   0.59  1.76  4.81  2.25  1.61  1.96 10.07  2.32 11.81  3.04  4.07  1.39 45.68
           0     0     0     0     0     0     0     0     0     0     0     0     0
 1962   2.58  0.98  2.69  1.35  4.93  2.46  5.37  3.13  2.93  4.99  1.11  0.60 33.12
           0     0     0     0     0     0     0     0     0     0     0     0     0
 1963   1.55  0.77  4.10  1.92  3.98  0.06  7.72  3.54  1.92  0.57  1.83  0.78 28.74
           0     0     0     0     0     0     0     0     0     0     0     0     0
 1964   1.55  1.29  3.62  8.62  0.59  5.41  2.03  2.68  6.19  0.02  2.03  1.23 35.26
           0     0     0     0     1     0     0     0     0     0     0     0     1
 1965   5.71  0.85  0.00  6.56  3.58  3.06  7.71  5.66  6.36  0.37  1.26  2.69 43.81
           0     0    31     0     0     0     0     0     0     0     0     0    31
 1966   1.01  0.92  2.37  3.26  3.89  4.53  2.91  1.87  2.96  5.01  1.29  2.26 32.28
           0     0     0     0     0     0     0     0     0     0     0     0     0
 1967   1.60  0.77  1.52  6.54  4.78  8.74  7.86  1.90  3.10  8.00  1.37  1.78 47.96
           0     0     0     0     0     0     0     0     0     0     0     0     0
 1968   1.16  1.33  3.28  3.89  2.03  6.16  1.73  1.74  5.51  1.01  4.22  1.52 33.58
           0     0     0     0     0     0     0     0     0     0     0     0     0
 1969   2.29  1.31  1.75  3.03  3.51  4.95  5.78  3.17  3.57  8.73  0.19  1.00 39.28
           0     0     0     0     0     0     0     0     0     0     0     0     0
 1970   0.00  0.25  2.28  5.34  6.60  4.04  1.33 14.07 17.94  4.07  1.57  2.62 60.11
          31     0     0     0     0     0     0     0     0     0     0     0    31
 1971   1.55  1.02  0.24  2.05  2.89  3.29  3.40  3.59  3.70  2.83  1.93  4.73 31.22
           0     0     0     0     0     0     0     0     0     0     0     0     0
 1972   0.56  0.27  2.48  4.09  1.96  5.64  3.62  2.77  5.71  2.28  2.79  2.52 34.69
           0     0     0     0     0     0     0     0     0     0     0     0     0
 1973   2.21  2.32  0.00  0.00  0.00  3.33  8.47  2.62  4.93  4.74  1.64  3.08 33.34
           0     0    31    30    31     0     0     0     0     0     0     0    92
 1974   3.24  1.07  3.55  2.60  7.48  7.84  3.12  3.07  3.06  2.35  3.22  0.60 41.20
           0     0     0     0     0     0     0     0     0     0     0     0     0
 1975   0.45  1.72  0.00  3.47  1.32  1.60  0.63  5.49  2.99  1.06  1.26  4.08 24.07
           0     0    31     0     8     4     0     0     0     0     2     0    45
 1976   0.00  1.80  4.42  4.14  3.99  2.28  2.89  1.62  3.01  2.89  0.20  0.00 27.24
          31     0     0     1     0     0     0     0     0     0     0    31    63
 1977   0.00  0.46  3.70  1.48  6.68  3.94  3.68  7.71  6.29  4.57  3.38  1.00 42.89
          31     0     0     0     0     0     0     0     0     0     0     0    31
 1978   0.86  1.04  0.00  0.00  6.90  4.67  3.30  4.51  4.39  1.35  2.72  1.22 30.96
           0     0     6    30     0     0     0     0     0     0     0     0    36
 1979   2.41  1.24  5.02  4.25  3.53  1.93  5.77  0.00  0.00  1.98  2.12  1.07 29.32
           0     0     0     0     0     0     0    31    30     0     0     0    61
 1980   0.84  0.48  3.27  0.00  2.98  6.10  3.57  6.63  7.20  1.62  0.66  2.64 35.99
           3     0     0    30     0     0     0     0     0     0     0     0    33
 1981   0.00  1.21  0.45  5.96  5.79  7.04  8.21  3.66  3.36  3.14  5.44  1.44 45.70
           0     3     0     0     0     0     0     0     0     0     0     0     3
 1982   0.00  0.51  4.52  4.20  4.50  3.71  7.00  4.82  2.92  2.36  3.66  6.26 44.46
          31     2     3     0     0     0     0     0     0     0     0     0    36
 1983   0.20  1.35  2.56  6.07  5.99  2.56  1.85  2.65  2.86  3.32  5.94  2.41 37.76
           0     0     0     0     0     0     0     0     0     0     0     0     0
 1984   0.33  1.22  4.10  4.17  5.93  2.98  6.49  1.38  2.83  6.62  3.79  2.81 42.65
           0     0     0     0     0     0     0     0     0     0     0     0     0
 1985   1.24  2.56  6.14  0.56  4.66  2.33  4.22  2.56  2.74  5.01  8.38  2.45 42.85
           0     2     0     0     0     0     0     0     0     0     0     2     4
 1986   0.05  2.27  1.22  1.66  7.71  2.93  7.48  2.51  8.73  5.03  0.80  1.70 42.09
           9     0     0     0     0     0     0     0     0     0     0     0     9
 1987   0.93  1.08  3.05  2.00  1.88  2.20  1.18  3.77  2.67  1.28  3.17  3.99 27.20
           0     0     0     0     0     0     0     0     0     0     0     0     0
 1988   1.30  0.99  1.41  1.37  1.69  1.45  0.34  5.65  2.18  0.96  2.40  1.05 20.79
           0     0     0     0     0     0     0     0     0     0     0     0     0
 1989   0.97  1.25  0.82  2.87  3.59  2.59  2.64  3.53  3.32  1.28  0.48  1.16 24.50
           0     0     0     0     0     0     0     0     0     0     0     0     0
 1990   1.43  2.60  5.86  2.09  6.85  9.37  5.20  1.26  0.98  1.53  4.74  2.83 44.74
           0     0     0     0     0     0     0     0     0     0     0     0     0
 1991   1.26  0.49  5.88  3.24  4.88  0.23  2.52  2.92  2.84  5.65  4.36  2.43 36.70
           0     0     0     0     0     0     0     0     0     0     0     0     0
 1992   0.68  1.94  3.41  4.64  2.18  1.28  7.12  1.26  7.27  1.15  7.20  3.45 41.58
           0     0     0     0     0     0     0     0     0     0     0     0     0
 1993   1.75  1.61  4.22  3.73  4.85 10.52 12.88  5.53  5.64  1.30  1.50  0.70 54.23
           0     0     0     0     0     0     0     0     0     0     0     0     0
 1994   0.65  2.67  0.79  5.16  2.52  2.66  3.42  2.82  1.50  2.23  4.53  2.38 31.33
           0     0     0     0     0     0     0     0     0     0     0     0     0
 1995   3.17  0.81  1.13  4.98  9.01  4.18  5.72  4.68  4.63  1.70  1.87  0.75 42.63
           0     0     0     0     0     0     0     0     0     0     0     0     0
 1996   1.77  0.85  2.07  2.95 12.24  2.68  5.77  3.89  2.37  1.57  1.55  0.42 38.13
           0     0     0     0     0     0     0     0     0     0     0     0     0
 1997   1.65  4.84  1.87  3.27  4.96  5.18  3.42  6.16  2.42  2.67  2.72  1.92 41.08
           0     0     0     0     0     0     0     0     0     0     0     0     0
 1998   2.15  3.39  6.03  6.14  4.39 10.02  1.67  2.20  5.79  7.73  3.87  1.97 55.35
           0     0     0     0     0     0     0     0     0     0     0     0     0
 1999   3.28  0.71  1.27  5.31  3.19  3.94  3.32  2.65  4.70  1.11  0.18  2.69 32.35
           0     0     0     0     0     0     0     0     0     0     0     0     0
 
 MEANS  1.27  1.32  2.54  3.38  4.01  4.02  4.20  3.56  3.94  2.91  2.35  1.87 35.37
 PRECIPITATION MEANS AND TOTALS ARE BASED ON DATA AVAILABLE
 NO ATTEMPT WAS MADE TO ESTIMATE MISSING PRECIPITATION DATA
 *****************************************************************************************
 *****************************************************************************************
 
 THESE ARE THE MONTHLY HEATING DEGREE DAYS 1951-1999 FOR STATION #3007
 YEAR    JAN    FEB   MARCH  APRIL   MAY    JUNE   JULY  AUGUST  SEPT   OCT   NOV   DEC
 
 1951  1270.0 1048.5  996.0  503.0  107.0   28.0    0.0    4.0  107.0  333.5  875.5 1193.0
 1952  1171.5  895.0  872.5  363.0  146.5    1.0    0.0    8.0   68.0  442.0  628.5  992.0
 1953  1140.5  824.5  722.0  516.5  151.5    0.5    0.0    0.0   44.0  196.0  602.0  971.0
 1954  1209.0  705.5  864.5  277.0  222.0   33.0    0.0    0.0   32.5  337.5  626.0  992.0
 1955  1199.5 1029.5  805.0  181.0   76.5   30.0    0.0    0.0   53.5  297.0  857.0 1158.0
 1956  1209.5 1018.0  751.5  475.5  126.5   22.5    0.0    7.0   60.5  111.5  682.5 1021.0
 1957  1396.0  866.5  804.5  421.0  124.5   13.0    0.0    0.0   78.0  363.5  715.0  892.5
 1958  1190.5 1243.5  862.0  399.0  114.5   19.5    0.0    3.0   55.5  264.5  561.0 1197.0
 1959  1423.0 1045.0  791.5  419.5   85.0    5.5    1.5    0.0   69.0  364.0  921.0  888.0
 1960  1174.0 1147.0 1257.5  357.0  184.5   16.5    1.5    0.0   35.5  279.0  618.0 1128.5
 1961  1243.0  895.5  724.0  521.5  215.0   16.0    0.0    1.5   92.0  256.5  672.5 1176.5
 1962  1422.5 1021.0  950.0  423.0   27.0   13.0    1.5    0.0  102.5  260.5  671.5 1140.0
 1963  1550.0 1179.5  678.5  264.0  140.5    3.0    0.0   10.5   40.5   59.5  562.5 1458.0
 1964  1066.5 1029.5  828.5  315.5   51.0   13.0    2.0   16.5   86.5  388.5  573.0 1183.5
 1965  1238.5 1050.5 1234.0  345.5   53.0    0.5    0.0    8.5   83.5  293.0  619.0  864.5
 1966  1426.0 1002.5  705.0  474.0  264.0   26.0    0.0    8.5   98.0  357.5  647.0 1103.0
 1967  1143.5 1109.0  713.0  324.5  267.5   12.5   16.0   15.5   93.5  384.0  747.5 1031.0
 1968  1277.5 1123.5  644.0  357.0  198.0   13.5    4.0    1.5   37.5  314.5  705.0 1142.5
 1969  1409.5  981.0  972.5  311.0  153.5   56.5    0.0    0.0   59.5  397.5  737.5 1174.0
 1970  1461.0  969.0  880.5  384.5   89.5   19.5    2.0    0.5   80.5  296.5  743.0 1021.0
 1971  1378.5 1082.0  890.0  358.0  232.0    0.5    6.0    0.0   86.5  163.0  705.0  980.5
 1972  1334.5 1152.5  798.0  406.0  127.5   33.0    9.0   21.0   65.0  471.0  899.5 1298.5
 1973  1236.0 1011.5  545.5  453.0  176.0    0.0    0.0    0.0   66.5  231.5  710.0 1216.5
 1974  1355.5  990.5  708.0  322.0  172.5   42.0    0.0    4.5  167.0  328.0  744.0 1122.0
 1975  1179.5 1122.0  970.0  521.5   74.0   13.0   11.0    0.0  176.5  339.0  585.0 1018.5
 1976  1314.0  796.5  640.5  324.0  295.0   18.0    0.0    9.0   88.0  536.5  973.0 1325.0
 1977  1692.0  999.5  613.5  286.5   62.0    9.5    0.0   14.0   53.0  427.0  762.0 1310.5
 1978  1627.5 1467.0 1023.5  384.5  185.0   23.5    0.0    9.0   52.0  409.5  671.5 1190.0
 1979  1689.0 1372.5  822.5  495.5  165.5   15.5    0.5   10.0   56.0  323.5  747.0 1020.0
 1980  1208.5 1266.5  916.5  480.5  132.0   23.0    0.0    0.0   67.5  434.0  698.0 1126.5
 1981  1221.0  998.5  746.5  257.0  246.5    1.5   14.0    1.0   83.0  413.0  636.5 1223.0
 1982  1640.5 1202.5  924.0  580.5   64.0   67.0    0.0    8.0   94.0  311.5  737.0  860.5
 1983  1030.5  902.5  763.0  558.5  197.0   19.0    0.0    0.0  115.0  356.0  667.5 1601.0
 1984  1335.0  896.5 1023.5  477.0  230.0    7.0    0.0    4.0  158.5  303.0  735.5 1032.0
 1985  1512.0 1209.5  679.5  326.0   77.0   29.5    0.0   10.5  100.0  313.5  823.5 1468.5
 1986  1162.5 1123.5  661.5  276.5   70.5    3.5    0.0   17.5   25.0  289.0  855.0 1025.5
 1987  1172.0  791.0  630.5  296.5   40.0    0.0    0.0    9.0   34.0  452.5  593.0  979.0
 1988  1277.0 1173.0  749.5  365.0   30.5    4.5    0.0    1.5   22.5  457.5  685.0 1035.5
 1989   921.0 1277.0  774.0  397.5  177.0   19.0    0.0    0.0  113.5  283.0  722.5 1470.5
 1990   916.5  851.5  644.5  436.0  190.5   15.0    0.0    0.0   59.5  333.5  545.0 1164.0
 1991  1346.0  870.5  634.5  274.0   78.0    0.0    0.0    0.0  110.5  321.5  893.0  994.0
 1992  1018.0  830.5  670.0  422.5  139.0   12.0    0.0   10.5   98.5  313.5  783.5 1113.5
 1993  1192.0 1122.5  894.5  452.5   79.0   42.0    0.0    5.0  134.5  382.0  779.0 1044.5
 1994  1453.5 1092.5  721.0  370.5  120.5   13.5    0.0    4.5   61.0  238.5  591.5  936.5
 1995  1293.0 1005.5  676.5  450.5  170.5    2.0    0.0    0.0  120.5  308.5  868.0 1117.0
 1996  1300.5 1053.0  933.5  456.0  172.5   16.0    0.0    0.0   84.0  293.0  903.5 1134.5
 1997  1411.0  916.0  691.5  493.0  217.0    4.0    3.5    0.0   29.0  332.0  792.0 1050.5
 1998  1103.5  717.0  805.0  376.0   31.5   32.5    0.0    0.0    9.5  258.0  576.5  955.0
 1999  1296.0  780.0  775.5  302.5   76.5   11.0    0.0    0.0   83.5  278.0  488.5 1014.0
 *****************************************************************************************
 MEANS 1321.9 1050.5  824.0  403.2  143.4   17.4    1.6    4.9   80.3  333.5  731.4 1140.8
 
 THESE ARE THE MONTHLY COOLING DEGREE DAYS 1951-1999 FOR STATION #3007
 YEAR    JAN   FEB  MARCH APRIL  MAY  JUNE  JULY AUGUST SEPT   OCT   NOV   DEC   ANN
 
 1951    0.0   0.0   0.0  27.5  85.0 148.5 305.0 206.0  52.5  38.0   0.0   0.0
 1952    0.0   0.0   0.5  30.0  75.0 364.0 391.5 213.5 113.5   8.0   2.5   0.0
 1953    0.0   0.0   0.0   4.0  86.0 374.5 422.0 345.0 167.5  57.0   0.0   0.0
 1954    0.0   0.0   0.0  16.5  23.5 368.0 476.5 348.5 171.5  54.5   0.0   0.0
 1955    0.0   0.0   0.0  18.5  70.5 143.5 503.5 404.5 154.5   9.0   0.0   0.0
 1956    0.0   0.0   0.0   4.0 119.0 307.5 328.0 342.0 133.0  29.0   0.0   0.0
 1957    0.0   0.0   0.0  19.5  39.5 207.5 446.5 331.5  87.0   0.0   0.0   0.0
 1958    0.0   0.0   0.0   5.0  66.0 134.0 251.0 335.5 127.5  27.0   2.0   0.0
 1959    0.0   0.0   0.0   4.0 128.0 257.0 294.5 424.0 166.0   0.0   0.0   0.0
 1960    0.0   0.0   0.0  20.5  29.0 142.0 266.0 325.0 195.0  21.0   1.0   0.0
 1961    0.0   0.0   0.0   2.0  29.0 217.0 292.0 309.5 173.0  20.5   0.5   0.0
 1962    0.0   0.0   0.0  22.0 198.0 229.5 298.0 287.5  94.0  50.0   0.0   0.0
 1963    0.0   0.0   3.0  15.0  47.5 309.5 346.5 263.5 123.0 119.5   0.0   0.0
 1964    0.0   0.0   0.0  14.5 180.0 235.0 382.0 253.5 131.0   1.5   1.0   0.0
 1965    0.0   0.0   0.0   5.5 151.0 189.0 293.0 243.0 106.5  15.0   0.0   0.0
 1966    0.0   0.0   0.0   0.0  17.5 192.5 458.0 213.0  74.5   7.0   0.0   0.0
 1967    0.0   0.0   2.0  19.0  51.5 215.5 247.5 178.5  67.0  32.5   0.0   0.0
 1968    0.0   0.0   0.0   2.5  24.0 294.0 341.5 327.5  83.5  48.0   3.5   0.0
 1969    0.0   0.0   0.0   7.0  74.5 136.5 369.5 286.0 118.5  40.5   0.0   0.0
 1970    0.0   0.0   0.0  31.5 128.0 215.0 373.0 298.0 118.5  12.5   0.0   0.0
 1971    0.0   0.0   0.0  17.5  15.0 328.5 287.0 278.5 194.0  29.5   0.0   0.0
 1972    0.0   0.0   0.0   4.0  91.0 165.0 301.5 204.0 138.5   1.0   0.0   0.0
 1973    0.0   0.0   0.0   0.0   7.5 213.0 322.5 276.5  95.0  25.0   0.0   0.0
 1974    0.0   0.0   0.0  21.0  43.5  88.0 399.0 220.0  48.0   5.5   0.0   0.0
 1975    0.0   0.0   0.0   1.0 105.0 246.0 367.0 316.5  45.5  18.0   0.0   0.0
 1976    0.0   0.0   0.0  15.0   4.5 123.5 396.0 210.5  98.5  16.5   0.0   0.0
 1977    0.0   0.0   0.0  22.5 150.0 212.0 440.5 174.0  79.0   3.0   0.0   0.0
 1978    0.0   0.0   0.0   0.0  93.5 176.0 305.0 217.5 169.5   4.5   1.0   0.0
 1979    0.0   0.0   0.0   0.0  56.5 201.0 285.0 292.5 103.5  21.5   0.0   0.0
 1980    0.0   0.0   0.0   0.5  75.0 139.0 432.0 358.0 142.0   1.5   0.0   0.0
 1981    0.0   0.0   0.0  22.0  22.5 214.0 298.0 223.5  59.5   3.0   0.0   0.0
 1982    0.0   0.0   0.0   0.0  74.0  67.5 289.0 264.0 109.5  26.0   0.0   0.0
 1983    0.0   0.0   0.0   0.0  12.5 266.0 491.0 500.0 156.5  14.0   0.0   0.0
 1984    0.0   0.0   0.0   4.5  16.5 250.5 277.0 344.5  92.5   0.5   0.0   0.0
 1985    0.0   0.0   0.0  36.0  47.5 112.0 298.0 136.0 180.0   0.0   0.0   0.0
 1986    0.0   0.0   4.0  25.0  53.0 289.5 421.5 186.5 163.5   5.0   0.0   0.0
 1987    0.0   0.0   0.0  30.0 181.0 346.5 490.0 341.5 105.0   0.0   0.0   0.0
 1988    0.0   0.0   0.0   0.0 115.5 334.0 479.5 459.0 143.0   2.5   0.0   0.0
 1989    0.0   0.0   0.0  26.0  62.5 207.5 418.5 313.5  83.5  20.0   0.0   0.0
 1990    0.0   0.0   1.0  30.0   7.5 246.5 329.5 333.0 214.0  14.0   0.0   0.0
 1991    0.0   0.0   0.0   3.5 180.5 355.0 404.0 343.5 185.5  10.0   0.0   0.0
 1992    0.0   0.0   0.0   2.0  64.0 205.5 259.0 161.0 101.0   8.0   0.0   0.0
 1993    0.0   0.0   0.0   0.0  46.0 230.5 324.0 345.5  43.5   7.0   0.0   0.0
 1994    0.0   0.0   0.0  17.0  72.0 314.0 322.5 253.5 128.5  15.0   0.0   0.0
 1995    0.0   0.0   0.0   0.0   8.0 249.0 404.5 458.0  89.0   2.5   0.0   0.0
 1996    0.0   0.0   0.0   0.0  54.0 239.0 291.5 301.0  91.0  13.0   0.0   0.0
 1997    0.0   0.0   0.0   0.0  19.0 231.5 360.5 254.5 127.5  72.0   0.0   0.0
 1998    0.0   0.0   3.5   0.0 128.5 238.5 404.0 385.0 236.5   6.0   0.0   0.0
 1999    0.0   0.0   0.0   3.0  56.5 253.0 480.5 292.5 121.0   8.0   0.0   0.0
 *****************************************************************************************
 MEANS   0.0   0.0   0.3  11.4  72.2 232.7 366.2 297.9 124.0  19.5   0.2   0.0
 
 THESE ARE THE HEAT STRESS VARIABLES 1951-1999 FOR STATION #3007
             # OF DAYS MAXT >86                           HEAT INDEX
 YEAR   MAY  JUNE  JULY   AUG  SEPT  TOTAL     MAY    JUNE   JULY   AUG    SEPT  TOTAL
 1951   0.0   4.0  13.0   5.0   1.0   23.0      0.0   15.0   45.0   22.0    2.0   84.0
 1952   5.0  19.0  20.0   8.0   6.0   58.0     18.0  122.0  122.0   11.0   25.0  298.0
 1953   5.0  18.0  21.0  18.0  13.0   75.0     21.0   88.0  133.0  123.0   78.0  443.0
 1954   0.0  21.0  26.0  16.0   7.0   70.0      0.0  137.0  203.0   90.0   43.0  473.0
 1955   1.0   2.0  27.0  24.0  10.0   64.0      1.0    5.0  183.0  171.0   36.0  396.0
 1956   7.0  17.0  13.0  16.0   9.0   62.0     19.0   88.0   73.0   63.0   28.0  271.0
 1957   0.0   5.0  24.0  14.0   4.0   47.0      0.0   17.0  122.0   90.0   14.0  243.0
 1958   0.0   4.0   3.0  16.0   3.0   26.0      0.0   15.0    8.0   74.0    7.0  104.0
 1959   2.0  11.0  11.0  22.0   7.0   53.0      4.0   36.0   36.0  104.0   24.0  204.0
 1960   0.0   2.0  10.0  12.0   9.0   33.0      0.0    6.0   39.0   37.0   79.0  161.0
 1961   0.0   6.0   7.0  15.0   8.0   36.0      0.0   33.0   24.0   53.0   30.0  140.0
 1962   9.0   8.0  13.0  15.0   4.0   49.0     26.0   26.0   39.0   59.0   11.0  161.0
 1963   2.0  15.0  16.0  10.0   5.0   48.0      6.0   83.0   70.0   38.0    8.0  205.0
 1964   6.0  13.0  18.0  13.0   5.0   55.0     17.0   53.0  103.0   75.0   18.0  266.0
 1965   4.0   2.0   9.0  11.0   3.0   29.0      8.0    7.0   39.0   64.0    5.0  123.0
 1966   0.0   8.0  23.0  14.0   3.0   48.0      0.0   31.0  206.0   37.0   13.0  287.0
 1967   3.0   2.0  13.0   4.0   0.0   22.0      9.0    8.0   35.0   11.0    0.0   63.0
 1968   0.0  15.0  13.0  14.0   1.0   43.0      0.0   83.0   62.0   79.0    4.0  228.0
 1969   1.0   5.0  14.0  11.0   1.0   32.0      4.0   14.0   65.0   36.0    5.0  124.0
 1970   1.0   6.0  19.0  10.0   3.0   39.0      1.0   18.0  130.0   57.0    5.0  211.0
 1971   2.0  25.0  15.0  15.0  19.0   76.0      4.0  126.0   50.0   77.0   79.0  336.0
 1972   7.0   7.0  14.0  14.0   7.0   49.0     18.0   27.0   66.0   80.0   29.0  220.0
 1973   0.0   6.0  15.0  11.0   3.0   35.0      0.0   16.0   72.0   36.0    8.0  132.0
 1974   0.0   3.0  21.0   4.0   0.0   28.0      0.0    9.0  121.0   12.0    0.0  142.0
 1975   5.0  12.0  23.0  17.0   3.0   60.0     15.0   47.0  132.0  111.0   17.0  322.0
 1976   0.0   2.0  23.0   9.0   9.0   43.0      0.0    8.0  136.0   35.0   31.0  210.0
 1977   5.0   8.0  25.0   3.0   2.0   43.0     10.0   32.0  184.0   10.0    2.0  238.0
 1978   6.0   9.0  13.0  10.0  10.0   48.0     21.0   31.0   55.0   33.0   38.0  178.0
 1979   1.0   4.0   9.0  14.0   9.0   37.0      2.0   14.0   22.0   84.0   27.0  149.0
 1980   4.0   4.0  22.0  20.0   8.0   58.0     14.0   18.0  177.0  117.0   18.0  344.0
 1981   0.0   4.0   7.0   3.0   3.0   17.0      0.0   10.0   40.0    9.0    4.0   63.0
 1982   0.0   1.0  15.0   8.0   1.0   25.0      0.0    4.0   45.0   36.0    1.0   86.0
 1983   0.0   9.0  26.0  25.0   8.0   68.0      0.0   48.0  195.0  225.0   44.0  512.0
 1984   0.0  10.0  13.0  20.0   3.0   46.0      0.0   27.0   57.0   88.0   12.0  184.0
 1985   1.0   4.0  16.0   4.0   6.0   31.0      3.0   11.0   56.0    8.0   27.0  105.0
 1986   0.0   9.0  15.0   2.0   0.0   26.0      0.0   27.0   51.0    3.0    0.0   81.0
 1987   4.0  12.0  24.0  14.0   1.0   55.0      7.0   87.0  156.0   79.0    1.0  330.0
 1988   4.0  16.0  26.0  20.0   2.0   68.0      8.0  103.0  171.0  187.0    6.0  475.0
 1989   0.0   8.0  19.0   7.0   0.0   34.0      0.0   26.0  103.0   30.0    0.0  159.0
 1990   0.0   6.0  10.0   8.0   7.0   31.0      0.0   14.0   41.0   48.0   44.0  147.0
 1991   0.0  15.0  15.0  14.0   6.0   50.0      0.0   55.0   92.0   55.0   19.0  221.0
 1992   0.0   7.0   3.0   5.0   0.0   15.0      0.0   18.0   11.0   12.0    0.0   41.0
 1993   0.0   3.0   5.0  12.0   0.0   20.0      0.0    4.0   10.0   40.0    0.0   54.0
 1994   0.0  14.0  10.0   9.0   2.0   35.0      0.0   66.0   25.0   23.0    3.0  117.0
 1995   0.0   8.0  19.0  19.0   0.0   46.0      0.0   32.0   94.0   71.0    0.0  197.0
 1996   1.0  10.0   8.0   7.0   0.0   26.0      1.0   32.0   34.0   18.0    0.0   85.0
 1997   1.0   8.0  14.0   7.0   2.0   32.0      1.0   13.0   76.0   24.0    5.0  119.0
 1998   2.0   6.0  12.0  12.0   5.0   37.0      2.0   24.0   53.0   34.0   20.0  133.0
 1999   0.0   8.0  22.0   9.0   6.0   45.0      0.0   21.0  131.0   30.0   24.0  206.0
 *****************************************************************************************
 MEANS  1.9   8.8  16.0  12.2   4.6   43.5      5.1   38.3   87.0   60.3   18.5  209.2
