 
 THIS IS FOR STATION NUMBER 3487 1951-> 1999
                                 # OF PRECIPITATION EVENTS - % IN PARENS
 CL                   MAX   MEAN  0.01-  0.26-  0.51-  1.01-          # OF DAYS
 WK    TIME PERIOD    VAL   RAIN    0.25   0.51   1.00   2.00  >2.01 MISSING TOTAL
  1 3/1-->3/7        1.37   0.46  59(65) 17(18) 11(12)  3( 3)  0( 0)    0       90
  2 3/8-->3/14       1.50   0.50  63(70) 12(13)  8( 8)  7( 7)  0( 0)    0       90
  3 3/15-->3/21      1.35   0.46  53(59) 21(23) 14(15)  1( 1)  0( 0)    0       89
  4 3/22-->3/28      1.69   0.54  50(58) 19(22) 14(16)  3( 3)  0( 0)    0       86
  5 3/29-->4/4       1.75   0.65  61(55) 28(25) 14(12)  7( 6)  0( 0)    0      110
  6 4/5-->4/11       1.67   0.53  57(60) 21(22) 13(13)  4( 4)  0( 0)    0       95
  7 4/12-->4/18      2.77   0.84  67(55) 31(25) 14(11)  6( 4)  3( 2)    0      121
  8 4/19-->4/25      1.40   0.81  70(56) 28(22) 17(13)  9( 7)  0( 0)    0      124
  9 4/26-->5/2       1.92   0.99  61(52) 20(17) 22(18) 14(11)  0( 0)    0      117
 10 5/3-->5/9        2.88   0.82  70(57) 26(21) 17(14)  6( 4)  2( 1)    0      121
 11 5/10-->5/16      1.96   0.86  63(51) 32(26) 19(15)  9( 7)  0( 0)    1      123
 12 5/17-->5/23      2.28   0.87  75(58) 29(22) 13(10)  8( 6)  3( 2)    0      128
 13 5/24-->5/30      2.98   1.26  71(51) 27(19) 22(15) 13( 9)  5( 3)    0      138
 14 5/31-->6/6       2.85   0.76  69(60) 19(16) 20(17)  6( 5)  1( 0)    0      115
 15 6/7-->6/13       3.69   1.43  61(46) 23(17) 23(17) 22(16)  3( 2)    0      132
 16 6/14-->6/20      2.15   1.16  61(48) 23(18) 21(16) 19(15)  2( 1)    0      126
 17 6/21-->6/27      2.78   1.04  55(50) 20(18) 18(16) 14(12)  3( 2)    0      110
 18 6/28-->7/4       2.94   0.88  49(51) 13(13) 18(18) 15(15)  1( 1)    0       96
 19 7/5-->7/11       3.28   1.19  44(42) 23(22) 16(15) 15(14)  5( 4)    0      103
 20 7/12-->7/18      3.00   1.19  45(45) 14(14) 16(16) 19(19)  4( 4)    0       98
 21 7/19-->7/25      2.22   0.68  69(62) 20(18) 14(12)  5( 4)  2( 1)    0      110
 22 7/26-->8/1       3.25   0.96  51(49) 24(23) 15(14) 10( 9)  3( 2)    0      103
 23 8/2-->8/8        4.00   0.91  45(48) 17(18) 16(17) 11(11)  3( 3)    0       92
 24 8/9-->8/15       2.56   0.80  51(52) 18(18) 19(19)  8( 8)  2( 2)    0       98
 25 8/16-->8/22      5.00   0.91  57(52) 22(20) 17(15) 10( 9)  2( 1)    0      108
 26 8/23-->8/29      3.08   0.99  49(48) 23(22) 12(11) 15(14)  3( 2)    0      102
 27 8/30-->9/5       2.13   0.74  56(57) 23(23) 12(12)  6( 6)  1( 1)    0       98
 28 9/6-->9/12       3.66   0.63  51(61) 11(13) 15(18)  4( 4)  2( 2)    0       83
 29 9/13-->9/19      3.37   0.83  69(61) 17(15) 15(13) 10( 8)  2( 1)    0      113
 30 9/20-->9/26      1.72   0.77  58(53) 24(22) 16(14) 11(10)  0( 0)    0      109
 31 9/27-->10/3      2.17   0.56  50(58) 18(21) 12(14)  4( 4)  1( 1)    0       85
 32 10/4-->10/10     3.65   0.66  49(56) 16(18) 13(15)  6( 6)  2( 2)    0       86
 33 10/11-->10/17    2.19   0.57  47(60) 15(19)  7( 8)  8(10)  1( 1)    0       78
 34 10/18-->10/24    1.97   0.57  42(54) 16(20) 12(15)  7( 9)  0( 0)    0       77
 35 10/25-->10/31    2.00   0.47  57(66) 15(17) 10(11)  3( 3)  1( 1)    0       86
 36 11/1-->11/7      2.44   0.51  52(61) 17(20)  9(10)  4( 4)  2( 2)    7       84
 37 11/8-->11/14     1.92   0.38  49(69) 11(15)  7( 9)  4( 5)  0( 0)    7       71
 38 11/15-->11/21    2.02   0.48  43(61) 11(15)  9(12)  6( 8)  1( 1)    7       70
 39 11/22-->11/28    1.20   0.34  58(70) 15(18)  8( 9)  1( 1)  0( 0)    7       82
 40 11/29-->12/5     0.99   0.29  54(73)  9(12) 10(13)  0( 0)  0( 0)    7       73
 41 12/6-->12/12     0.87   0.25  46(74)  8(12)  8(12)  0( 0)  0( 0)    7       62
 42 12/13-->12/19    1.10   0.19  56(86)  7(10)  1( 1)  1( 1)  0( 0)    7       65
 43 12/20-->12/26    1.07   0.24  55(79)  8(11)  5( 7)  1( 1)  0( 0)    7       69
 44 12/27-->1/2      1.33   0.27  43(69) 11(17)  7(11)  1( 1)  0( 0)    5       62
 45 1/3-->1/9        0.93   0.20  56(82)  8(11)  4( 5)  0( 0)  0( 0)    0       68
 46 1/10-->1/16      0.93   0.20  47(78)  9(15)  4( 6)  0( 0)  0( 0)    0       60
 47 1/17-->1/23      0.48   0.19  60(82) 13(17)  0( 0)  0( 0)  0( 0)    0       73
 48 1/24-->1/30      1.34   0.19  64(88)  6( 8)  1( 1)  1( 1)  0( 0)    0       72
 49 1/31-->2/6       1.19   0.18  51(82)  7(11)  3( 4)  1( 1)  0( 0)    0       62
 50 2/7-->2/13       0.81   0.17  51(86)  5( 8)  3( 5)  0( 0)  0( 0)    0       59
 51 2/14-->2/20      1.41   0.27  40(70)  8(14)  7(12)  2( 3)  0( 0)    0       57
 52 2/21-->2/27      1.17   0.31  47(68) 14(20)  6( 8)  2( 2)  0( 0)    0       69
 53 2/28-->2/29      0.50   0.02   4(80)  0( 0)  1(20)  0( 0)  0( 0)    0        5
 ANNUAL TOTALS       5.00   2881(59)892(18)628(13)342( 7) 60( 1)   62     4803
 
 THESE ARE THE MONTHLY AVERAGES FOR 1951-->1999 FOR STATION NUMBER 3487
   JAN  FEB  MAR  APR  MAY  JUN  JUL  AUG  SPT  OCT  NOV  DEC  ANNUAL
   0.85 0.94 2.25 3.25 4.14 4.80 4.36 3.98 3.08 2.42 1.80 1.07 32.95  <-- PRECIP
  
   16.0 22.1 33.4 48.0 60.2 70.0 73.9 71.4 62.8 51.3 35.7 22.3  51.7  <-- TEMP
 
 TWELVE SIGNIFICANT RAINFALL EVENTS  
 MONTH  DAY  YEAR   AMOUNT
   8     21  1966     5.00
   8      5  1968     4.00
   9      8  1964     3.66
  10      9  1970     3.65
   6      9  1974     3.69
   9     13  1991     3.37
   7      8  1969     3.28
   7     27  1990     3.25
   8     26  1951     3.08
   7     31  1956     3.04
   5     30  1957     2.98
   7     17  1968     3.00
 
 GROWING DEGREE DAYS FOR 4 BASE TEMPS FOR STATION NUMBER  3487
               MARCH                       APRIL  
     ****************************  *************************** 
 YEAR  40-86  48-86  50-86  52-86   40-86  48-86  50-86  52-86  
     ****************************  *************************** 
 1951      8      0      0      0    208    109     90     75
 1952     55     24     20     17    372    236    209    184
 1953    123     46     34     24    189     85     67     54
 1954     51     15     10      6    411    249    216    186
 1955    112     54     42     30    459    290    254    223
 1956     65     25     17     12    290    178    154    131
 1957    103     40     29     21    369    222    192    168
 1958     63     18     10      6    324    186    155    131
 1959     65     26     21     17    298    173    148    127
 1960      6      0      0      0    363    225    197    174
 1961     65     26     20     14    200    103     82     65
 1962     32     19     17     15    294    175    152    133
 1963    165    109     96     83    373    230    199    169
 1964     87     39     29     21    315    190    165    142
 1965      5      0      0      0    255    148    126    106
 1966    198    102     82     64    222    106     87     69
 1967    188    114    100     87    363    218    187    157
 1968    256    159    138    119    412    261    228    197
 1969     21      6      4      2    316    177    146    120
 1970     43     10      6      4    346    219    193    168
 1971     41     19     14     11    348    219    193    169
 1972     89     35     28     22    245    127    104     87
 1973    172     70     53     38    256    140    120    101
 1974     83     29     21     14    348    208    177    151
 1975     17      0      0      0    192     94     79     66
 1976    130     66     56     48    381    227    195    165
 1977    200    101     81     65    470    312    278    248
 1978     73     34     27     21    261    143    121     99
 1979     46     16     11      6    221    116     96     77
 1980     55     16     12      9    316    196    174    152
 1981    180     87     70     56    382    234    202    176
 1982     56     18     13      9    235    139    119     99
 1983    104     55     46     38    170     90     78     68
 1984     15      0      0      0    239    120     96     74
 1985    154     69     53     39    425    279    251    223
 1986    148     83     71     61    368    227    197    168
 1987    156     82     68     56    392    262    236    214
 1988    149     74     60     48    309    186    158    133
 1989    109     62     53     44    312    181    154    131
 1990    176     90     73     57    317    193    167    144
 1991    141     74     62     50    343    206    179    153
 1992    130     59     46     35    231    122    104     87
 1993     22      7      5      4    213    109     89     72
 1994    127     58     48     40    339    223    197    172
 1995    154     80     65     54    215    118     97     78
 1996     94     38     29     23    262    161    140    121
 1997    128     59     46     36    261    164    142    120
 1998    103     59     52     45    312    177    150    124
 1999    130     59     48     38    298    164    139    114
     ****************************  *************************** 
 MEAN  100.1   47.8   38.8   31.0  307.3  182.2  157.0  134.2
 STDV   60.5   36.1   31.0   26.4   74.3   56.3   52.0   47.7
 
               MAY                         JUNE   
     ****************************  *************************** 
 YEAR  40-86  48-86  50-86  52-86   40-86  48-86  50-86  52-86  
     ****************************  *************************** 
 1951    659    450    403    358    725    492    437    385
 1952    550    345    303    263    958    718    659    601
 1953    592    383    339    300    906    667    608    549
 1954    502    326    286    248    922    686    630    575
 1955    704    480    433    390    788    553    497    445
 1956    645    438    394    352    957    719    662    606
 1957    563    350    306    267    826    588    530    473
 1958    649    445    401    357    729    493    438    388
 1959    658    445    396    351    866    627    570    517
 1960    592    382    335    292    775    541    487    437
 1961    539    352    313    279    837    605    553    504
 1962    768    538    485    435    797    559    505    452
 1963    585    391    350    311    915    679    620    563
 1964    712    492    445    401    842    611    557    504
 1965    696    485    436    390    797    568    515    464
 1966    502    350    315    283    791    566    515    466
 1967    521    346    307    270    847    609    552    497
 1968    485    319    284    250    884    647    590    536
 1969    598    391    347    305    691    465    417    370
 1970    685    472    425    380    857    620    563    509
 1971    505    320    285    251    982    742    682    623
 1972    644    430    384    339    782    551    498    447
 1973    500    302    259    220    893    653    593    534
 1974    496    310    272    234    761    526    473    422
 1975    663    452    407    363    844    608    552    498
 1976    532    338    296    256    850    611    555    500
 1977    818    581    525    470    866    629    570    513
 1978    598    390    348    306    859    623    568    516
 1979    552    362    323    285    822    585    528    473
 1980    637    431    386    345    842    602    545    491
 1981    536    345    304    265    852    612    552    493
 1982    678    451    397    346    698    468    417    371
 1983    452    263    228    195    861    625    570    516
 1984    493    308    274    240    870    631    572    514
 1985    685    459    410    366    745    510    458    408
 1986    601    383    336    292    886    646    589    532
 1987    732    520    476    432    938    702    644    587
 1988    735    522    477    435    911    678    622    567
 1989    573    383    339    300    782    554    501    449
 1990    503    308    267    228    882    646    588    531
 1991    724    505    457    411    984    744    684    624
 1992    614    418    377    338    821    587    531    478
 1993    572    363    319    278    796    566    511    457
 1994    606    414    377    340    910    672    615    558
 1995    509    310    272    236    889    649    590    534
 1996    492    292    251    213    848    610    553    497
 1997    433    271    240    210    903    664    606    548
 1998    753    514    460    411    798    568    514    460
 1999    647    418    368    323    882    645    588    531
     ****************************  *************************** 
 MEAN  602.1  399.1  355.6  314.8  846.5  610.9  554.8  500.6
 STDV   91.8   77.0   72.7   68.5   69.3   67.0   64.9   62.2
 
               JULY                        AUGUST 
     ****************************  *************************** 
 YEAR  40-86  48-86  50-86  52-86   40-86  48-86  50-86  52-86  
     ****************************  *************************** 
 1951    955    707    646    586    885    637    576    517
 1952   1018    770    709    648    884    638    580    524
 1953    995    747    686    627    960    712    650    589
 1954   1073    825    763    701    934    686    624    562
 1955   1126    878    816    754   1039    791    730    669
 1956    943    695    633    571    949    704    646    589
 1957   1080    832    770    708    951    703    642    582
 1958    887    639    578    517    949    705    646    589
 1959    939    691    630    571   1040    792    730    668
 1960    937    691    631    576    948    701    640    579
 1961    954    706    644    582    926    679    618    560
 1962    883    637    578    521    910    663    605    550
 1963    956    708    646    584    850    610    553    499
 1964   1000    753    692    631    802    576    524    473
 1965    932    685    625    567    811    572    515    462
 1966    984    737    677    619    801    568    516    467
 1967    916    671    612    556    832    592    537    485
 1968    954    706    644    585    901    653    593    536
 1969    993    745    683    621    949    701    639    581
 1970    973    727    668    611    922    675    615    556
 1971    887    644    587    530    867    626    569    516
 1972    920    675    616    557    928    680    620    562
 1973    992    744    682    620    964    716    654    592
 1974   1058    810    748    687    832    590    534    480
 1975    981    736    676    618    982    734    672    611
 1976    995    747    687    627    892    649    591    535
 1977   1026    778    716    654    827    583    526    474
 1978    962    714    652    591    927    683    624    566
 1979    964    716    654    593    901    654    595    537
 1980   1045    797    735    673    977    729    667    605
 1981    970    722    661    601    891    647    589    533
 1982   1002    754    692    630    885    643    585    529
 1983   1078    830    768    706   1075    827    765    703
 1984    921    674    613    552    969    721    661    603
 1985    951    703    641    580    806    561    504    448
 1986   1021    773    711    649    808    570    513    458
 1987   1053    805    743    682    889    643    584    527
 1988   1004    756    696    636    993    754    696    638
 1989   1020    772    710    648    921    674    613    556
 1990    972    724    662    600    963    715    654    594
 1991    990    743    682    622    947    700    640    580
 1992    858    610    548    489    780    545    493    444
 1993    966    718    656    594    950    702    640    580
 1994    924    676    614    552    833    590    534    483
 1995   1002    754    693    632   1085    837    775    713
 1996    933    686    625    565    903    655    594    537
 1997    986    738    678    620    878    630    568    509
 1998   1026    778    716    654   1013    765    703    641
 1999   1096    848    786    724    918    670    609    548
     ****************************  *************************** 
 MEAN  981.9  734.5  673.3  613.0  915.6  670.7  611.5  554.1
 STDV   57.8   57.3   56.8   55.9   71.8   68.9   66.8   63.8
 
               SEPTEMBER                   OCTOBER
     ****************************  *************************** 
 YEAR  40-86  48-86  50-86  52-86   40-86  48-86  50-86  52-86  
     ****************************  *************************** 
 1951    575    372    327    284    396    236    204    177
 1952    702    493    449    408     54     34     29     24
 1953    691    493    450    409    511    358    322    288
 1954    736    507    452    400    269    165    142    119
 1955    742    527    477    432    357    225    196    167
 1956    631    426    382    342    563    370    330    294
 1957    599    386    341    302    297    164    137    111
 1958    681    461    416    374      0      0      0      0
 1959    658    454    409    365    122     60     47     37
 1960    672    469    424    380    301    210    188    168
 1961    579    393    351    312      0      0      0      0
 1962    577    397    357    319    417    267    235    206
 1963    665    457    413    373    595    420    381    345
 1964    615    418    375    333     78     51     46     41
 1965    528    347    305    269    149     97     86     75
 1966    569    400    364    329      0      0      0      0
 1967    581    393    353    315      0      0      0      0
 1968    634    428    385    344    382    251    220    191
 1969    652    444    400    361    233    158    142    127
 1970    658    447    402    359    219    139    121    105
 1971    713    509    464    419    204    146    132    119
 1972    687    476    425    378    208    129    112     98
 1973    650    430    383    338    518    337    298    260
 1974    393    269    241    213      0      0      0      0
 1975    574    379    336    296     12      6      5      4
 1976    608    426    388    352    119     83     76     70
 1977    693    466    415    367    143     82     68     55
 1978    791    568    516    465    274    156    128    103
 1979    702    500    456    415    141     85     72     60
 1980    699    488    439    391    165    110     98     87
 1981    647    438    391    345    242    143    123    103
 1982    647    441    393    347    319    204    181    160
 1983    510    356    321    291      0      0      0      0
 1984    604    411    367    327      0      0      0      0
 1985    675    473    426    379    339    194    163    134
 1986    720    493    439    387    162     92     79     66
 1987    661    440    395    353     36     26     24     22
 1988    704    501    457    413     67     45     40     35
 1989    603    410    366    323     49     33     30     27
 1990    758    541    493    447    250    156    138    120
 1991    653    462    416    373     65     38     34     30
 1992    580    398    356    316      0      0      0      0
 1993    496    305    265    227    175    117    104     91
 1994    698    480    432    385    176    104     89     76
 1995    601    412    368    328    242    150    133    116
 1996    621    419    374    332    116     76     67     58
 1997    692    484    436    392    379    260    231    206
 1998    802    577    525    474    256    145    122    101
 1999    632    445    404    367     30     18     15     12
     ****************************  *************************** 
 MEAN  644.3  443.2  398.7  356.4  196.7  125.5  110.2   95.9
 STDV   75.9   60.7   57.1   53.6  162.9  108.0   96.3   85.4
 
 DAILY RECORD HIGHS AND LOWS OCCURRING DURING 1951-1999 FOR STATION NUMBER 3487
     JAN     FEB    MARCH   APRIL    MAY     JUNE    JULY    AUG     SEPT    OCT     NOV     DEC
 DY MX  MN  MX  MN  MX  MN  MX  MN  MX  MN  MX  MN  MX  MN  MX  MN  MX  MN  MX  MN  MX  MN  MX  MN
  1  47 -18  62 -23  57 -28  80  17  87  24  89  36  96  47 101  50  95  39  88  26  76  17  64  -5
  2  45 -15  49 -29  69 -15  79  15  87  27  89  38  95  49  98  47  95  41  92  19  75   5  63  -5
  3  51 -15  51 -29  67  -3  81  11  86  26  90  41  96  50  97  47  92  37  89  20  72   7  63  -9
  4  45 -17  52 -29  69  -8  73  -1  89  29  92  40  99  44  98  46  93  36  94  24  74   3  60  -7
  5  56 -23  52 -22  66 -16  80   0  90  29  93  41  97  43  94  44  92  37  93  24  72   2  65  -7
  6  43 -18  53 -21  59 -13  83   7  86  28  94  45  98  48  89  46  93  38  92  24  66   5  63  -9
  7  43 -19  49 -13  66 -13  88  11  84  28  97  44  98  45  93  45  93  38  90  25  75   0  50 -13
  8  50 -22  55 -18  72  -6  79  15  89  30  92  43  98  49  95  45  96  38  86  21  67   1  50 -12
  9  46 -21  57 -22  76  -8  77  15  86  28 100  42  96  50  91  45  98  38  79  20  79   2  52 -21
 10  44 -24  58 -22  67  -7  84  15  85  22  92  41  98  46  93  48  92  36  86  19  74   8  50 -15
 11  48 -24  60 -16  65  -3  85  14  88  26  91  42  98  50  95  43  89  36  81  17  71  -2  65 -14
 12  54 -25  60 -19  68  -9  83  18  86  31  95  46  98  50  95  43  89  35  86  17  67  -2  56 -12
 13  47 -23  64 -16  74 -10  80  18  87  30  94  42  97  42  94  40  93  33  87  23  68  -2  58 -20
 14  57 -20  60 -16  69 -11  82  21  88  28  97  45  99  49  93  38  90  34  89  26  80  -5  57 -20
 15  44 -21  59 -12  68  -9  82  18  89  31  97  43  98  49 100  44  94  34  85  23  70  -1  55 -19
 16  57 -23  57 -19  72  -5  88  18  89  31  90  42  96  49 100  44  92  31  84  23  74  -2  53 -19
 17  52 -23  63 -18  74   0  85  23  88  36  89  40  93  47 101  44  91  35  81  21  70  -5  49 -14
 18  52 -24  67 -11  64   0  85  22  90  37  93  44  95  50 102  43  93  36  85  20  72   4  58 -18
 19  50 -25  65 -15  67  -4  89  21  92  34  95  46  95  52  95  40  88  33  76  14  73   6  52 -22
 20  49 -23  58 -11  73  -2  84  23  91  32  95  42  93  49  96  44  88  29  82  15  67   8  52 -19
 21  50 -27  60 -14  70  -2  87  20  90  33  99  40  95  46  96  46  87  30  80  20  66  -5  53 -26
 22  50 -26  53  -9  68   8  91  20  90  27 101  45  95  48  91  46  87  27  81  17  72   2  50 -23
 23  49 -25  60 -12  80   2  96  20  89  28  93  47  94  51  92  41  84  28  83  18  61   0  50 -23
 24  55 -18  59 -15  76  -4  85  19  89  32  92  44  92  53  91  42  85  29  79  18  57  -1  45 -21
 25  60 -17  59 -15  75  -1  83  29  91  38  96  45  95  50  91  41  87  29  78  19  62   2  52 -19
 26  59 -18  57 -14  76   0  85  30  93  33  91  47  97  45  96  40  84  29  80  17  62 -14  50 -26
 27  47 -18  53 -13  83   2  84  28  92  35  95  43  98  45  96  42  89  29  78  15  65 -10  50 -18
 28  51 -20  59 -22  79   4  87  25  89  31  96  47  96  47  96  38  88  26  75  17  68  -4  52 -16
 29  49 -31 *** ***  78   4  89  23  92  31  95  50  95  46  92  38  90  26  71  13  58  -3  64 -15
 30  51 -21 *** ***  87   5  87  28  91  38  98  48 100  47  95  40  91  26  78  12  69  -9  55 -13
 31  48 -22 *** ***  75   9 *** ***  88  38 *** ***  98  44  93  40 *** ***  73  13 *** ***  58 -18
 
 DAILY MAXIMUM PRECIPITATION OCCURRING DURING 1951-1999 FOR STATION NUMBER 3487
     JAN   FEB   MARCH APRIL MAY   JUNE  JULY  AUG   SEPT  OCT   NOV   DEC
 
  1  0.66  0.52  1.00  0.77  1.92  2.85  0.77  1.01  0.95  0.42  2.30  0.92
  2  0.78  0.53  0.94  0.68  0.81  1.50  0.87  2.41  0.67  0.66  2.44  0.58
  3  0.67  0.25  0.75  1.01  2.01  0.98  1.17  1.00  0.92  0.59  0.59  0.64
  4  0.74  0.59  1.37  1.13  0.37  0.71  1.68  0.80  1.62  1.07  0.89  0.19
  5  0.46  1.19  0.79  0.62  1.54  1.47  1.20  4.00  2.13  1.74  1.15  0.99
  6  0.93  0.24  1.15  1.67  1.14  0.92  1.51  1.29  1.48  0.91  0.47  0.84
  7  0.41  0.48  0.60  0.93  1.53  1.45  2.58  1.40  2.80  0.70  0.41  0.87
  8  0.19  0.81  1.50  0.51  1.00  2.68  3.28  2.96  3.66  1.06  0.30  0.27
  9  0.25  0.15  0.55  1.54  2.88  3.69  2.72  0.64  0.84  3.65  0.71  0.33
 10  0.30  0.63  0.59  1.00  1.65  1.87  2.71  1.23  1.28  0.87  1.27  0.47
 11  0.60  0.44  1.49  0.82  0.79  2.65  1.78  1.20  0.86  1.30  0.23  0.77
 12  0.50  0.40  1.44  1.07  1.67  1.70  2.53  0.92  0.73  1.51  1.92  0.58
 13  0.88  0.17  1.00  1.73  1.42  1.89  1.54  0.83  3.37  2.19  1.55  0.32
 14  0.17  0.31  0.93  0.77  1.96  1.51  1.73  2.56  1.05  1.21  0.55  0.61
 15  0.93  0.73  1.35  1.17  0.37  1.86  1.94  2.04  1.45  1.09  0.56  0.47
 16  0.43  0.38  0.84  1.51  1.63  2.06  1.47  2.00  0.65  0.42  1.44  0.22
 17  0.45  0.53  0.30  2.44  0.84  2.15  3.00  1.95  1.17  0.83  1.09  0.20
 18  0.42  1.41  0.64  2.77  2.01  1.22  2.25  1.25  1.86  0.91  2.02  0.23
 19  0.39  1.24  0.75  1.40  2.28  1.57  2.22  1.57  1.51  0.56  1.12  1.10
 20  0.34  0.76  0.94  1.29  0.38  1.36  2.16  1.62  1.72  0.76  1.67  0.75
 21  0.37  1.17  0.75  1.27  1.01  2.60  0.60  5.00  1.12  1.32  0.96  0.40
 22  0.45  0.63  0.63  1.34  1.30  2.78  1.39  1.13  1.27  1.97  0.41  0.33
 23  0.48  1.09  1.66  1.22  1.40  1.84  0.71  1.32  1.40  1.56  0.97  1.07
 24  0.23  0.58  0.86  1.06  1.80  1.96  0.43  1.23  1.06  1.33  0.57  0.62
 25  1.34  0.43  0.58  1.09  1.33  2.28  0.98  1.92  1.16  0.73  0.36  0.56
 26  0.33  0.74  1.18  0.62  0.85  1.08  0.90  3.08  1.66  1.05  1.20  0.41
 27  0.64  0.38  1.69  1.84  1.27  1.68  3.25  2.59  0.63  0.36  0.49  0.37
 28  0.19  0.50  0.95  1.36  2.57  1.63  1.80  2.11  1.27  0.82  0.95  1.33
 29  0.49******  0.63  1.21  2.77  1.10  1.19  1.55  1.41  0.92  0.60  0.54
 30  0.36******  1.37  1.87  2.98  2.94  1.67  1.95  2.17  1.21  0.95  0.85
 31  0.04******  1.75******  0.85******  3.04  1.90******  2.00******  0.12
 
 RECORD LARGEST AND SMALLEST DAILY RANGES (MAX-MIN) DURING 1951-1999 FOR STATION NUMBER 3487
     JAN     FEB    MARCH   APRIL    MAY     JUNE    JULY    AUG     SEPT    OCT     NOV     DEC
 DY MX  MN  MX  MN  MX  MN  MX  MN  MX  MN  MX  MN  MX  MN  MX  MN  MX  MN  MX  MN  MX  MN  MX  MN
  1 36   3  46   6  45   4  46   7  47   7  36   7  33   4  34   7  37   8  44   6  39   2  39   3
  2 28   3  48   6  39   3  39   5  40   7  37   8  31  12  35   6  37   8  43   9  39   3  35   3
  3 31   3  31   5  38   3  52   4  38   3  35   5  33  11  31  12  34   4  37   3  37   4  33   5
  4 34   6  39   3  40   3  53   3  46   8  37  12  31   7  32   7  43   9  45   4  40   4  42   2
  5 39   1  37   2  34   7  46   5  37  10  35  13  33  10  34   7  37   3  53   9  41   4  31   5
  6 38   2  35   2  39   6  41   6  40   5  35   6  35  10  33   6  34   6  45   9  35   6  43   3
  7 41   1  40   2  37   8  40   9  43   5  33   6  33   4  34   6  39  11  42   6  36   3  34   0
  8 38   4  35   2  42   6  42   8  38   3  38   9  30   5  33   8  39  10  40   7  36   4  33   3
  9 34   4  36   4  43   5  42   5  39   6  42   9  34   9  33   4  40   4  40   5  39   4  32   4
 10 36   5  36   4  35   3  39   3  42   8  38  10  36  13  39  11  41   4  39   3  39   6  34   4
 11 37   3  37   5  34   4  44   4  41   7  38   7  32  11  34  10  41   6  40   9  35   4  33   2
 12 31   7  36   6  34   4  40   4  40  10  31   7  31  13  33   7  42  10  46   4  44   3  35   3
 13 43   4  42   4  37   2  41   5  40   6  32  12  32  12  35  10  35   6  40   6  38   3  44   4
 14 32   6  39   4  35   2  42   5  38   3  34  16  31   8  36   9  36   4  40   7  41   4  34   4
 15 42   6  44   3  39   4  47   4  38   7  35   6  31  10  34  11  37   6  38   6  40   4  44   3
 16 36   2  41   4  38   3  44   5  44   5  32   8  32  10  35  13  38   8  37   5  37   8  52   7
 17 35   2  35   4  37   7  45   4  46   9  36   9  34  11  34   5  38   6  41   6  31   4  34   4
 18 40   4  36   1  38   4  45   5  44   7  36   7  30   9  32  10  36   9  48   3  34   7  33   2
 19 40   4  38   3  34   4  51   6  42   3  36   6  31  10  35   7  36   4  37   8  37   8  31   2
 20 40   3  36   4  33   3  42   6  40  11  36  10  31  11  39   9  38   6  40   4  40   4  40   4
 21 38   4  39   3  35   5  42   5  39   7  34   8  32   7  32  11  39   6  39   4  45   3  40   4
 22 44   3  40   3  39   6  37   3  41   7  35  13  33   2  31  10  35   9  36   5  43   4  45   3
 23 35   5  40   3  48   4  48   3  47   5  34   6  34   6  30   6  45   5  38   4  34   2  34   3
 24 36   5  42   5  48   4  43   8  40   6  44   9  35   5  31   8  38   6  42   5  33   4  46   3
 25 39   4  41   2  52   5  43   7  39   7  34  13  34   9  36   9  43  10  43   6  36   4  35   2
 26 44   6  40   4  41   5  35   8  39   5  34  13  36   7  37   6  40   9  41   4  35   3  39   3
 27 35   4  37   4  45   5  38  10  36   4  35  10  33   5  37   7  40   7  43   5  36   4  30   2
 28 43   4  39   4  44   1  39   5  36   5  41  10  32   9  36   7  39   6  37   6  40   4  48   2
 29 37   5  **  **  37   2  47   4  36   8  36   4  35  12  37   5  41   5  40   3  32   2  45   3
 30 42   5  **  **  45   6  44   6  37   8  31  10  31  11  38  11  42   6  37   4  36   4  31   4
 31 41   5  **  **  45   4  **  **  35  11  **  **  37   5  38   9  **  **  43   5  **  **  34   2
 
 DAILY  MEAN  HIGHS AND LOWS OCCURRING DURING 1951-1999 FOR STATION NUMBER 3487
     JAN     FEB    MARCH   APRIL    MAY     JUNE    JULY    AUG     SEPT    OCT     NOV     DEC
 DY MX  MN  MX  MN  MX  MN  MX  MN  MX  MN  MX  MN  MX  MN  MX  MN  MX  MN  MX  MN  MX  MN  MX  MN
  1 26   9  26   8  36  17  51  30  65  40  74  52  82  60  82  59  78  55  71  43  54  33  35  19
  2 25   9  25   6  37  18  50  31  66  41  74  52  83  60  82  61  79  56  70  44  50  33  37  19
  3 26   9  25   6  36  18  51  30  65  42  74  51  82  60  82  60  78  55  68  43  50  31  37  19
  4 25   6  27   7  36  19  51  29  67  42  76  52  82  60  81  60  78  54  65  41  49  29  36  18
  5 23   5  27   7  36  18  50  30  68  44  78  55  82  59  80  59  77  53  65  40  48  28  35  18
  6 24   6  25   8  36  17  53  30  68  42  79  56  83  59  80  60  77  53  66  41  47  27  35  16
  7 24   4  26   7  36  15  54  31  66  42  78  57  83  60  81  59  78  53  64  40  48  27  31  15
  8 22   3  27   9  36  17  54  31  66  44  78  56  82  61  81  59  78  53  65  40  48  27  31  15
  9 23   4  27   9  38  18  52  30  67  44  77  55  83  61  81  59  77  53  64  39  48  27  30  13
 10 21   3  29  11  38  20  52  31  68  44  77  56  82  60  81  59  75  50  63  38  49  27  30  12
 11 23   4  29  11  40  21  56  33  70  44  78  57  82  60  80  57  76  50  64  39  47  26  30  12
 12 24   7  28  10  40  23  55  34  69  45  79  58  83  62  80  57  76  50  65  39  46  26  29  11
 13 26   7  30  11  40  22  56  34  70  45  80  57  83  63  81  59  75  51  63  39  46  27  30  11
 14 27   8  31  12  41  23  57  35  69  46  81  57  83  61  81  58  73  50  64  40  46  26  29  13
 15 24   5  31  12  41  21  56  34  71  47  79  58  83  61  80  58  72  49  65  40  46  25  29  12
 16 23   4  30  11  41  22  59  37  71  47  78  56  83  61  81  58  71  48  63  39  46  25  30  12
 17 24   6  30  13  43  24  61  36  72  49  79  56  84  62  82  58  71  48  62  38  45  26  29  12
 18 25   7  33  16  41  24  62  37  72  50  80  59  84  64  81  59  73  49  61  36  46  26  28  11
 19 25   6  33  16  42  25  63  39  72  49  80  58  84  64  81  58  72  50  57  34  44  25  29  12
 20 24   5  33  14  42  25  61  40  74  48  81  59  83  63  80  58  71  48  59  34  44  24  27  12
 21 24   6  34  15  43  24  62  39  74  49  80  59  83  62  80  57  70  47  60  37  43  23  26   8
 22 27  10  34  15  44  24  60  37  73  50  80  58  83  62  80  57  69  45  62  37  41  22  27   9
 23 27   7  34  16  47  25  60  38  73  50  80  58  82  61  79  58  67  43  58  36  42  22  28  12
 24 26   6  34  16  45  24  62  38  72  50  81  58  83  60  78  57  67  43  58  36  38  20  28  10
 25 26   8  33  15  45  25  63  40  72  50  82  59  84  60  80  57  70  44  57  35  39  21  26  10
 26 23   5  34  16  45  26  65  41  71  50  82  59  84  61  81  58  71  45  57  34  39  21  27   9
 27 23   5  35  18  48  27  65  41  71  50  83  60  83  61  81  59  69  44  58  34  38  19  27  11
 28 24   5  36  19  50  29  63  40  72  51  83  61  82  60  80  58  70  44  56  33  34  16  29  11
 29 24   6  **  **  49  30  63  40  73  53  83  61  83  59  80  58  69  43  55  32  32  15  29  11
 30 24   5  **  **  49  29  65  41  75  52  82  61  82  60  81  58  69  44  56  34  35  17  26  10
 31 25   5  **  **  50  30  **  **  75  53  **  **  82  60  79  56  **  **  54  34  **  **  28  10
  
  # OF DAYS EACH YEAR WHERE MIN >=32 F  1951-1999 FOR STATION # 3487
   51  52  53  54  55  56  57  58  59  60  61  62  63  64  65  66  67  68  69  70
  199 199 214 217 217 206 211 209 200 199 191 196 213 202 195 184 206 208 203 207
 
   71  72  73  74  75  76  77  78  79  80  81  82  83  84  85  86  87  88  89  90
  205 203 233 208 202 197 223 201 202 202 218 212 216 210 211 213 214 193 193 209
 
   91  92  93  94  95  96  97  98  99
  211 207 191 207 207 193 193 239 225
  
 MEAN=207
 
 LENGTH OF SEASON FOR STATION NUMBER 3487   BASE TEMP=32
 LAST SPRING OCCURENCE FIRST FALL OCCURENCE  LENGTH OF SEASON
   YEAR MONTH DAY DOY         MONTH DAY DOY
   1951   5    11 131           9    28 271          140
   1952   4    16 107          10     3 277          170
   1953   5    13 133          10    26 299          166
   1954   5    20 140          10    18 291          151
   1955   5     8 128          10    18 291          163
   1956   4    30 121           9    30 274          153
   1957   5     4 124          10    10 283          159
   1958   5     5 125          10     1 274          149
   1959   4    22 112          10     9 282          170
   1960   5     8 129          10    16 290          161
   1961   5     3 123           9    28 271          148
   1962   4    20 110           9    20 263          153
   1963   5    24 144          10    28 301          157
   1964   4    19 110           9    28 272          162
   1965   5    29 149          10    12 285          136
   1966   5    14 134           9    16 259          125
   1967   5    22 142           9    29 272          130
   1968   5     5 126          10     4 278          152
   1969   5    12 132          10    14 287          155
   1970   5     2 122          10    10 283          161
   1971   5     9 129          10     7 280          151
   1972   4    26 117           9    30 274          157
   1973   5    15 135          10    20 293          158
   1974   5     6 126           9    22 265          139
   1975   4    22 112           9    25 268          156
   1976   5     3 124          10     6 280          156
   1977   4    26 116          10     6 279          163
   1978   5     6 126          10     8 281          155
   1979   5    12 132          10     5 278          146
   1980   5     9 130           9    26 270          140
   1981   5    10 130          10     2 275          145
   1982   4    28 118          10    21 294          176
   1983   4    24 114           9    23 266          152
   1984   4    24 115           9    26 270          155
   1985   4    15 105          10     1 274          169
   1986   4    23 113          10     6 279          166
   1987   4     8  98          10     3 276          178
   1988   4    24 115          10     4 278          163
   1989   5     8 128           9    23 266          138
   1990   5     2 122          10    11 284          162
   1991   4    21 111           9    20 263          152
   1992   5     7 128           9    29 273          145
   1993   4    22 112          10     2 275          163
   1994   5     3 123          10    10 283          160
   1995   4    26 116           9    22 265          149
   1996   4    27 118          10     3 277          159
   1997   5    16 136          10    14 287          151
   1998   4     5  95          10     8 281          186
   1999   4    19 109          10     4 277          168
             MEAN=122              MEAN=277     MEAN=155
 
 LENGTH OF SEASON FOR STATION NUMBER 3487   BASE TEMP=30
 LAST SPRING OCCURENCE FIRST FALL OCCURENCE  LENGTH OF SEASON
   YEAR MONTH DAY DOY         MONTH DAY DOY
   1951   5    11 131           9    28 271          140
   1952   4    15 106          10     5 279          173
   1953   5    13 133          10    27 300          167
   1954   5     7 127          10    18 291          164
   1955   4     7  97          10    19 292          195
   1956   4    30 121          10     9 283          162
   1957   5     4 124          10    10 283          159
   1958   5     5 125          10     1 274          149
   1959   4    22 112          10    11 284          172
   1960   5     1 122          10    19 293          171
   1961   5     3 123           9    28 271          148
   1962   4    19 109          10    23 296          187
   1963   5    23 143          10    28 301          158
   1964   4    19 110           9    28 272          162
   1965   4    28 118          10    12 285          167
   1966   5    14 134          10     1 274          140
   1967   5    22 142           9    29 272          130
   1968   5     5 126          10     4 278          152
   1969   4    29 119          10    14 287          168
   1970   5     2 122          10    10 283          161
   1971   5     3 123          10     7 280          157
   1972   4    25 116           9    30 274          158
   1973   4    28 118          10    30 303          185
   1974   4    24 114           9    22 265          151
   1975   4    13 103           9    25 268          165
   1976   4    12 103          10     6 280          177
   1977   4     7  97          10    16 289          192
   1978   5     6 126          10     8 281          155
   1979   4    10 100          10     5 278          178
   1980   4    16 107          10     5 279          172
   1981   4    16 106          10    19 292          186
   1982   4    27 117          10    21 294          177
   1983   4    20 110           9    23 266          156
   1984   4     1  92           9    26 270          178
   1985   4    10 100          10     1 274          174
   1986   4    23 113          10     6 279          166
   1987   4     6  96          10     3 276          180
   1988   4    24 115          10     5 279          164
   1989   5     8 128          10     4 277          149
   1990   4    19 109          10    13 286          177
   1991   4    11 101           9    20 263          162
   1992   5     7 128           9    29 273          145
   1993   4    22 112          10    10 283          171
   1994   5     3 123          10    10 283          160
   1995   4    25 115          10    16 289          174
   1996   4    27 118          10     8 282          164
   1997   4    28 118          10    21 294          176
   1998   4     5  95          10    22 295          200
   1999   3    27  86          10     4 277          191
             MEAN=114              MEAN=281     MEAN=166
 
 LENGTH OF SEASON FOR STATION NUMBER 3487   BASE TEMP=28
 LAST SPRING OCCURENCE FIRST FALL OCCURENCE  LENGTH OF SEASON
   YEAR MONTH DAY DOY         MONTH DAY DOY
   1951   5    11 131          10    31 304          173
   1952   4    15 106          10     5 279          173
   1953   4    27 117          10    27 300          183
   1954   5     7 127          10    18 291          164
   1955   3    29  88          10    24 297          209
   1956   4    30 121          11     8 313          192
   1957   4    14 104          10    25 298          194
   1958   4    29 119          10     1 274          155
   1959   4    21 111          10    12 285          174
   1960   4    18 109          10    19 293          184
   1961   5     2 122           9    28 271          149
   1962   4    17 107          10    24 297          190
   1963   5    23 143          10    29 302          159
   1964   4     9 100          10     6 280          180
   1965   4    28 118          10    12 285          167
   1966   5    14 134          10     1 274          140
   1967   5     3 123           9    29 272          149
   1968   4    24 115          10    25 299          184
   1969   4    29 119          10    14 287          168
   1970   4    11 101          10    16 289          188
   1971   5     3 123          10    12 285          162
   1972   4     9 100          10    15 289          189
   1973   4    28 118          11     5 309          191
   1974   4    24 114           9    22 265          151
   1975   4     6  96          10     2 275          179
   1976   4    12 103          10     6 280          177
   1977   4     7  97          10    16 289          192
   1978   5     2 122          10    26 299          177
   1979   4    10 100          10    14 287          187
   1980   4    16 107          10    12 286          179
   1981   4    15 105          10    19 292          187
   1982   4    21 111          10    21 294          183
   1983   4    20 110           9    23 266          156
   1984   4     1  92           9    29 273          181
   1985   4    10 100          11     4 308          208
   1986   4    23 113          10    14 287          174
   1987   4     5  95          10     3 276          181
   1988   4    24 115          10     5 279          164
   1989   5     7 127          10     4 277          150
   1990   4    19 109          10    19 292          183
   1991   4     1  91          10     7 280          189
   1992   5     7 128           9    30 274          146
   1993   4    22 112          10    13 286          174
   1994   4     8  98          10    11 284          186
   1995   4     6  96          10    16 289          193
   1996   4    27 118          10     8 282          164
   1997   4    18 108          10    22 295          187
   1998   3    25  84          10    22 295          211
   1999   3    27  86          10     4 277          191
             MEAN=110              MEAN=286     MEAN=176
 
 LENGTH OF SEASON FOR STATION NUMBER 3487   BASE TEMP=26
 LAST SPRING OCCURENCE FIRST FALL OCCURENCE  LENGTH OF SEASON
   YEAR MONTH DAY DOY         MONTH DAY DOY
   1951   5    11 131          10    31 304          173
   1952   4    11 102          10     6 280          178
   1953   4    20 110          10    27 300          190
   1954   4     8  98          10    31 304          206
   1955   3    28  87          10    31 304          217
   1956   4    24 115          11     9 314          199
   1957   4    14 104          10    25 298          194
   1958   4    29 119          10     1 274          155
   1959   4    11 101          10    12 285          184
   1960   4    10 101          10    19 293          192
   1961   4    16 106           9    28 271          165
   1962   4    17 107          10    24 297          190
   1963   4     4  94          10    29 302          208
   1964   4     9 100          10     6 280          180
   1965   4     9  99          10    13 286          187
   1966   5    10 130          10     1 274          144
   1967   4    24 114          10    19 292          178
   1968   4     5  96          10    25 299          203
   1969   4     1  91          10    14 287          196
   1970   4    11 101          10    16 289          188
   1971   4    14 104          11     4 308          204
   1972   4     9 100          10    15 289          189
   1973   4    13 103          11     5 309          206
   1974   4    24 114          10     2 275          161
   1975   4     5  95          10     2 275          180
   1976   4    12 103          10     6 280          177
   1977   4     7  97          10    16 289          192
   1978   3    26  85          10    28 301          216
   1979   4    10 100          10    14 287          187
   1980   4    11 102          10    28 302          200
   1981   4    15 105          10    19 292          187
   1982   4    12 102          10    22 295          193
   1983   4    19 109          11    17 321          212
   1984   3    25  85           9    29 273          188
   1985   4     9  99          11     5 309          210
   1986   4    23 113          11     2 306          193
   1987   4     5  95          10    11 284          189
   1988   4    20 111          10     5 279          168
   1989   4    13 103          10     4 277          174
   1990   4    19 109          10    19 292          183
   1991   3    31  90          10     7 280          190
   1992   4    13 104          10    17 291          187
   1993   4    10 100          10    31 304          204
   1994   4     8  98          10    26 299          201
   1995   4     5  95          10    22 295          200
   1996   4    10 101          10     9 283          182
   1997   4    17 107          10    22 295          188
   1998   3    25  84          11     5 309          225
   1999   3    27  86          10    18 291          205
             MEAN=102              MEAN=292     MEAN=190
 
 LENGTH OF SEASON FOR STATION NUMBER 3487   BASE TEMP=24
 LAST SPRING OCCURENCE FIRST FALL OCCURENCE  LENGTH OF SEASON
   YEAR MONTH DAY DOY         MONTH DAY DOY
   1951   4    17 107          10    31 304          197
   1952   4    11 102          10     6 280          178
   1953   4    17 107          10    27 300          193
   1954   4     4  94          10    31 304          210
   1955   3    28  87          10    31 304          217
   1956   4    24 115          11    10 315          200
   1957   4    14 104          10    25 298          194
   1958   4    29 119          11     6 310          191
   1959   4    11 101          10    12 285          184
   1960   4    10 101          10    20 294          193
   1961   4    16 106          10    20 293          187
   1962   4    17 107          10    24 297          190
   1963   3    21  80          10    29 302          222
   1964   4     9 100          10     9 283          183
   1965   4     9  99          10    24 297          198
   1966   5    10 130          10    17 290          160
   1967   4    24 114          10    19 292          178
   1968   4     5  96          11     8 313          217
   1969   4     1  91          10    23 296          205
   1970   4    10 100          11    15 319          219
   1971   4    14 104          11     4 308          204
   1972   4     9 100          10    19 293          193
   1973   4    13 103          11     5 309          206
   1974   3    26  85          10     2 275          190
   1975   4     5  95          10     2 275          180
   1976   4    12 103          10     8 282          179
   1977   4     6  96          11    11 315          219
   1978   3    25  84          11     7 311          227
   1979   4     7  97          11     7 311          214
   1980   3    25  85          10    29 303          218
   1981   3    23  82          10    22 295          213
   1982   4    12 102          10    22 295          193
   1983   4    19 109          11    17 321          212
   1984   3    24  84          10    23 297          213
   1985   4     9  99          11     5 309          210
   1986   4    22 112          11     2 306          194
   1987   4     5  95          10    11 284          189
   1988   4    19 110          10    12 286          176
   1989   4    11 101          10     4 277          176
   1990   4    18 108          11     7 311          203
   1991   3    31  90          10    19 292          202
   1992   4    13 104          10    17 291          187
   1993   4    10 100          10    31 304          204
   1994   4     8  98          10    26 299          201
   1995   4     5  95          10    22 295          200
   1996   4    10 101          10    31 305          204
   1997   4    17 107          10    22 295          188
   1998   3    25  84          11     7 311          227
   1999   3    27  86          10    18 291          205
             MEAN= 99              MEAN=298     MEAN=198
 
 THESE ARE THE MONTHLY AVG. MAX TEMPS 1951-1999 FOR STATION #3487
 YEAR    JAN   FEB  MARCH APRIL  MAY  JUNE  JULY AUGUST SEPT   OCT   NOV   DEC   ANN
  
 1951   23.9  29.0  32.9  51.8  72.9  73.6  80.8  78.2  69.4  60.8  38.8  27.6  53.3
 1952   27.8  36.4  38.2  61.4  68.3  83.5  84.5  79.0  77.5  60.7  48.5  31.5  58.1
 1953   28.8  32.6  43.7  51.8  69.9  81.3  83.0  83.3  77.9  71.1  51.3  35.8  59.2
 1954   29.6  44.7  38.8  62.9  66.6  81.1  85.9  80.2  75.4  60.5  50.1  32.1  59.0
 1955   26.5  29.5  43.5  66.7  75.5  77.5  88.2  88.4  79.0  63.5  40.3  28.1  58.9
 1956   27.2  32.2  40.4  58.3  72.5  85.0  82.3  80.8  73.5  70.4  43.9  34.1  58.4
 1957   22.7  35.9  44.5  60.2  67.7  77.5  85.9  80.8  70.4  58.4  40.6  36.1  56.7
 1958   28.3  25.1  41.1  60.1  73.8  74.9  77.8  81.6  73.9  67.5  50.3  28.2  56.9
 1959   22.8  27.0  40.9  59.1  71.6  80.9  82.1  84.2  73.1  56.5  36.7  37.9  56.1
 1960   26.7  26.8  28.4  60.8  70.1  77.5  83.5  83.1  75.0  62.0  45.8  27.8  55.6
 1961   25.6  33.2  42.0  52.4  69.4  81.0  82.5  82.4  70.5  64.6  45.3  26.4  56.3
 1962   22.5  26.1  34.9  58.0  76.6  78.1  80.6  82.1  71.7  64.0  49.3  32.8  56.4
 1963   17.0  28.0  48.5  62.8  71.2  86.0  83.9  80.7  75.4  75.1  52.0  22.9  58.6
 1964   35.0  40.6  41.4  59.8  76.5  81.8  87.4  80.2  72.4  62.9  50.2  29.0  59.8
 1965   26.1  28.0  29.8  56.3  75.8  79.6  83.1  79.9  69.1  64.1  49.2  40.6  56.8
 1966   20.6  33.3  50.7  54.1  69.9  80.2  86.5  80.3  73.2  64.6  47.3  32.0  57.7
 1967   31.4  30.1  49.9  61.8  69.4  78.6  81.5  79.0  72.7  60.1  43.2  35.2  57.7
 1968   27.4  31.3  55.3  64.1  68.0  83.4  82.3  80.5  73.4  62.7  42.8  29.5  58.4
 1969   20.8  28.7  34.5  59.2  70.1  73.7  82.5  82.9  73.9  58.2  46.5  29.4  55.0
 1970   16.8  31.6  39.0  60.0  72.9  80.3  84.4  81.1  72.9  61.1  42.6  30.9  56.1
 1971   20.5  25.2  36.7  61.1  67.4  84.9  79.9  81.5  77.1  68.6  45.5  30.9  56.6
 1972   23.1  25.4  41.8  54.2  71.6  77.9  80.3  80.3  73.9  56.9  39.2  24.6  54.1
 1973   26.2  31.9  50.8  54.2  65.6  81.3  81.9  81.6  70.8  67.0  45.8  26.3  56.9
 1974   23.5  30.5  43.0  60.4  65.3  76.1  87.5  77.7  69.7  62.1  44.9  31.2  56.0
 1975   27.5  26.8  32.4  49.8  73.1  78.4  84.2  83.0  69.9  67.8  50.5  32.9  56.4
 1976   29.0  40.3  44.3  62.2  67.6  80.0  84.5  81.5  74.8  57.3  40.6  26.2  57.3
 1977   15.3  37.3  51.2  65.7  77.5  80.8  86.1  77.6  73.3  59.0  44.0  25.5  57.8
 1978   16.4  20.8  38.1  56.8  69.2  79.7  80.9  82.0  78.9  60.2  44.9  26.6  54.5
 1979   12.6  18.7  37.8  52.5  69.3  77.7  81.4  79.3  77.0  61.2  43.1  36.8  53.9
 1980   27.2  25.6  38.1  59.5  72.4  78.8  86.2  82.4  74.9  57.8  49.1  31.0  56.9
 1981   32.5  35.8  50.2  62.8  68.3  79.5  81.5  78.8  73.9  59.1  48.5  28.2  58.3
 1982   16.0  25.7  38.9  52.6  71.0  73.8  82.6  78.8  70.9  63.4  42.8  35.3  54.3
 1983   30.4  34.0  42.2  50.0  64.4  79.0  86.4  86.8  74.4  60.0  45.0  15.5  55.7
 1984   24.5  38.1  34.0  54.7  66.5  79.6  80.9  83.7  72.4  61.9  46.9  34.3  56.5
 1985   22.2  26.3  48.8  62.9  74.3  76.6  82.7  77.1  72.1  59.6  36.3  19.5  54.9
 1986   27.2  24.8  46.6  61.9  69.5  80.3  82.9  76.3  74.0  61.1  39.8  31.6  56.3
 1987   30.4  43.0  48.4  64.1  76.6  84.0  85.4  79.0  73.8  58.3  49.7  33.6  60.5
 1988   22.8  27.0  47.5  60.2  78.2  86.0  86.8  87.9  77.2  58.0  46.2  33.9  59.3
 1989   35.2  24.1  40.5  58.3  70.3  77.8  85.4  81.2  71.6  64.4  43.2  22.8  56.2
 1990   37.8  36.1  48.5  58.0  66.3  79.3  81.5  81.3  77.0  61.9  51.3  27.2  58.8
 1991   19.6  34.5  46.8  60.2  72.5  83.7  85.1  81.8  73.1  60.5  35.2  32.9  57.2
 1992   31.9  36.1  46.0  53.8  72.4  79.6  76.8  76.8  71.2  62.6  37.7  29.3  56.2
 1993   23.6  24.4  34.8  53.4  68.6  76.4  79.9  80.2  66.4  60.0  42.7  31.8  53.5
 1994   17.0  22.8  46.4  60.6  72.3  81.7  80.3  78.6  75.1  63.6  48.4  31.9  56.5
 1995   22.7  30.3  45.3  53.7  67.0  79.9  84.2  86.7  72.1  61.7  37.7  30.7  56.0
 1996   23.8  28.9  39.7  57.0  64.5  78.3  81.5  80.4  72.2  63.0  34.6  25.3  54.1
 1997   22.1  30.3  45.4  55.7  65.2  81.9  82.4  78.9  75.5  62.7  38.9  32.5  56.0
 1998   28.5  39.1  39.2  59.0  76.0  75.8  83.8  82.1  80.0  62.4  48.6  38.7  59.4
 1999   22.6  39.9  46.0  58.5  70.8  78.9  87.6  80.4  75.2  64.3  56.1  35.6  59.7
 MEANS  24.9  30.9  42.2  58.3  70.7  79.7  83.3  81.1  73.6  62.4  44.7  30.4  56.8
 
 THESE ARE THE MONTHLY AVG. MIN TEMPS 1951-1999 FOR STATION #3487
 YEAR    JAN   FEB  MARCH APRIL  MAY  JUNE  JULY AUGUST SEPT   OCT   NOV   DEC   ANN
  
 1951    5.3  12.4  17.2  34.8  48.1  54.8  61.1  59.1  48.4  41.1  18.9   9.6  34.2
 1952    8.3  23.4  24.5  37.5  47.1  62.0  62.5  58.1  49.4  31.1  25.4  18.5  37.3
 1953   12.7  16.9  26.4  32.6  47.8  59.9  62.0  60.5  48.4  42.9  28.2  17.8  38.0
 1954    6.5  24.3  21.1  38.8  43.2  61.4  65.3  60.1  53.9  41.6  30.5  18.8  38.8
 1955   11.6  11.7  22.1  42.3  49.8  55.3  68.0  62.7  51.7  40.9  20.1   9.2  37.1
 1956    7.0  11.6  21.1  32.5  48.9  61.1  59.7  61.1  48.1  44.9  26.1  17.0  36.6
 1957    3.7  20.0  24.5  38.3  48.0  57.6  66.1  60.8  49.3  38.1  25.7  20.5  37.7
 1958   15.8   6.1  24.4  36.4  47.7  53.9  59.5  60.2  51.5  40.9  27.4   7.4  35.9
 1959    2.7   6.4  23.4  35.2  50.5  57.4  58.8  64.2  50.8  36.4  15.4  22.8  35.3
 1960    8.6   9.0   6.9  37.5  46.3  54.3  58.1  58.9  50.8  36.6  25.0   8.5  33.4
 1961    5.6  16.0  24.9  30.9  43.5  55.6  59.6  57.9  49.0  39.3  26.2   9.9  34.9
 1962    2.3   9.8  16.1  31.3  53.4  55.2  57.0  57.2  45.6  41.6  27.1  11.6  34.0
 1963   -1.5   5.8  26.7  37.1  44.8  57.5  58.7  54.6  48.3  44.2  27.8   0.7  33.7
 1964   11.9  13.3  18.2  35.0  49.8  55.1  60.4  52.2  47.7  33.1  25.8  10.5  34.4
 1965    2.7   5.8  11.9  33.4  48.2  53.8  57.8  53.5  45.3  36.9  25.0  19.2  32.8
 1966   -2.6   8.2  25.3  31.0  38.1  52.9  59.5  51.5  43.6  32.8  22.0  15.5  31.5
 1967   12.3   7.5  26.0  37.6  41.9  58.0  58.1  54.7  47.1  39.1  24.6  18.5  35.5
 1968   10.2  10.4  27.6  38.6  42.4  57.4  59.9  58.6  48.9  39.6  23.8  11.0  35.7
 1969    4.6  14.0  13.8  37.1  47.9  52.5  62.7  58.6  49.5  36.3  25.4  11.9  34.5
 1970   -2.7   9.4  21.8  37.1  50.9  57.7  60.2  58.9  51.1  39.7  27.7  11.6  35.3
 1971    1.1   9.5  21.5  35.0  43.5  62.5  57.6  55.0  50.4  44.3  28.1  16.6  35.4
 1972    1.7   3.6  23.8  35.3  50.0  54.7  59.9  61.0  50.9  34.5  25.6   7.3  34.0
 1973   11.3  16.7  33.7  35.7  45.7  59.0  62.9  61.1  52.3  44.6  28.8  11.5  38.6
 1974    7.2  13.6  24.4  37.8  46.0  54.9  63.8  56.1  43.7  37.1  28.6  16.8  35.8
 1975    9.8  11.3  13.8  32.0  49.4  58.6  60.6  61.6  46.4  36.1  31.2  17.9  35.7
 1976    5.7  19.2  26.9  39.0  45.5  56.9  61.2  56.6  45.0  31.9  17.0   2.8  34.0
 1977   -6.5  12.3  31.6  41.7  55.4  57.9  62.9  56.0  53.0  37.3  24.8  10.9  36.4
 1978   -1.5   1.4  20.9  36.2  48.0  57.7  61.5  58.4  54.6  36.4  24.7  10.1  34.0
 1979   -4.3  -1.8  21.6  34.7  45.0  57.2  60.8  59.7  49.4  38.8  26.7  16.9  33.7
 1980   12.4   6.9  20.5  35.8  48.2  57.7  63.5  61.5  51.0  36.1  26.1  14.4  36.2
 1981    8.9  15.4  26.5  39.6  45.1  57.7  62.2  58.8  48.7  36.0  30.5  12.2  36.8
 1982   -4.4   8.9  23.0  30.5  52.4  52.7  62.7  58.8  51.5  40.5  24.8  19.7  35.1
 1983   15.4  21.4  27.3  33.7  44.1  59.1  65.4  65.2  50.0  40.0  30.5  -1.0  37.6
 1984    7.5  21.7  19.2  36.7  44.3  58.5  58.9  60.3  47.7  41.3  25.2  14.5  36.3
 1985    2.7   9.1  29.5  41.0  50.0  53.9  59.3  55.4  53.0  38.8  19.8  -1.7  34.2
 1986   10.2  10.0  25.8  38.6  48.9  59.4  64.1  55.8  54.0  39.7  18.7  16.6  36.8
 1987   14.0  21.1  29.6  36.7  50.8  60.3  64.7  59.4  50.2  31.9  31.4  20.4  39.2
 1988    3.6   6.7  24.5  33.0  49.2  58.0  61.0  61.2  49.9  31.0  26.0  13.5  34.8
 1989   17.7   0.7  22.3  34.6  44.5  54.6  62.8  58.7  47.3  38.4  19.1   3.5  33.7
 1990   18.0  15.0  28.6  34.6  45.1  60.1  62.4  61.5  54.0  37.1  29.3  10.3  38.0
 1991    1.0  16.6  26.8  39.2  54.3  63.7  61.5  59.9  48.5  36.6  19.9  17.3  37.1
 1992   16.8  23.8  27.3  34.4  46.2  55.4  58.6  53.8  47.2  36.6  25.8  13.2  36.6
 1993    5.5   9.9  21.1  32.1  48.2  56.7  62.6  61.4  46.2  37.0  23.9  16.3  35.1
 1994   -1.7   3.3  24.3  34.9  45.7  60.0  59.6  55.5  51.9  41.8  28.6  16.6  35.1
 1995    8.3  12.4  25.2  31.9  45.8  60.7  62.5  65.8  47.1  38.4  18.8  14.9  36.0
 1996    4.8  10.7  16.0  30.5  46.7  59.4  59.2  58.2  48.9  38.4  19.0  10.8  33.6
 1997    3.1  15.3  25.2  30.6  39.9  58.8  62.9  58.0  50.6  38.6  23.7  19.9  35.5
 1998   15.2  26.4  24.0  38.6  53.3  58.1  63.2  63.6  54.0  41.5  30.2  18.3  40.5
 1999    7.2  24.3  23.5  39.0  50.6  60.6  66.5  59.2  46.8  35.5  29.7  15.1  38.2
 MEANS   6.4  12.4  23.1  35.7  47.3  57.5  61.4  58.8  49.4  38.2  25.2  13.2  35.7
 
 THESE ARE THE MONTHLY AVG. MEAN TEMPS 1951-1999 FOR STATION #3487
 YEAR    JAN   FEB  MARCH APRIL  MAY  JUNE  JULY AUGUST SEPT   OCT   NOV   DEC   ANN
  
 1951   14.6  20.7  25.0  43.3  60.5  64.2  71.0  68.6  58.9  51.0  28.9  18.6  43.8
 1952   18.1  29.9  31.4  49.5  57.7  72.8  73.5  68.6  63.5  45.9  37.0  25.0  47.7
 1953   20.7  24.8  35.0  42.2  58.9  70.6  72.5  71.9  63.2  57.0  39.7  26.8  48.6
 1954   18.1  34.5  29.9  50.8  54.9  71.2  75.6  70.1  64.7  51.1  40.3  25.5  48.9
 1955   19.1  20.6  32.8  54.5  62.6  66.4  78.1  75.5  65.3  52.2  30.2  18.7  48.0
 1956   17.1  21.9  30.7  45.4  60.7  73.1  71.0  70.9  60.8  57.6  35.0  25.6  47.5
 1957   13.2  27.9  34.5  49.3  57.9  67.6  76.0  70.8  59.9  48.2  33.2  28.3  47.2
 1958   22.0  15.6  32.7  48.2  60.7  64.4  68.6  70.9  62.7  54.2  38.8  17.8  46.4
 1959   12.8  16.7  32.1  47.1  61.0  69.2  70.5  74.2  61.9  46.5  26.0  30.3  45.7
 1960   17.6  17.9  17.7  49.2  58.2  65.9  70.8  71.0  62.9  49.3  35.4  18.1  44.5
 1961   15.6  24.6  33.4  41.7  56.5  68.3  71.0  70.2  59.8  51.9  35.7  18.1  45.6
 1962   12.4  18.0  25.5  44.7  65.0  66.7  68.8  69.6  58.7  52.8  38.2  22.2  45.2
 1963    7.7  16.9  37.6  50.0  58.0  71.7  71.3  67.7  61.8  59.6  39.9  11.8  46.2
 1964   23.5  26.9  29.8  47.4  63.1  68.4  73.9  66.2  60.0  48.0  38.0  19.8  47.1
 1965   14.4  16.9  20.9  44.8  62.0  66.7  70.5  66.7  57.2  50.5  37.1  29.9  44.8
 1966    9.0  20.8  38.0  42.5  54.0  66.6  73.0  65.9  58.4  48.7  34.6  23.8  44.6
 1967   21.8  18.8  37.9  49.7  55.7  68.3  69.8  66.9  59.9  49.6  33.9  26.9  46.6
 1968   18.8  20.8  41.5  51.3  55.2  70.4  71.1  69.6  61.2  51.2  33.3  20.3  47.1
 1969   12.7  21.3  24.1  48.2  59.0  63.1  72.6  70.8  61.7  47.2  36.0  20.6  44.8
 1970    7.1  20.5  30.4  48.5  61.9  69.0  72.3  70.0  62.0  50.4  35.2  21.2  45.7
 1971   10.8  17.3  29.1  48.0  55.4  73.7  68.8  68.3  63.8  56.5  36.8  23.7  46.0
 1972   12.4  14.5  32.8  44.8  60.8  66.3  70.1  70.7  62.4  45.7  32.4  16.0  44.1
 1973   18.7  24.3  42.2  44.9  55.6  70.2  72.4  71.4  61.6  55.8  37.3  18.9  47.8
 1974   15.3  22.1  33.7  49.1  55.6  65.5  75.6  66.9  56.7  49.6  36.8  24.0  45.9
 1975   18.7  19.0  23.1  40.9  61.3  68.5  72.4  72.3  58.2  51.9  40.8  25.4  46.0
 1976   17.4  29.7  35.6  50.6  56.6  68.5  72.8  69.0  59.9  44.6  28.8  14.5  45.7
 1977    4.4  24.8  41.4  53.7  66.5  69.3  74.5  66.8  63.1  48.1  34.4  18.2  47.1
 1978    7.5  11.1  29.5  46.5  58.6  68.7  71.2  70.2  66.8  48.3  34.8  18.3  44.3
 1979    4.1   8.4  29.7  43.6  57.1  67.4  71.1  69.5  63.2  50.0  34.9  26.8  43.8
 1980   19.8  16.3  29.3  47.7  60.3  68.3  74.9  72.0  63.0  46.9  37.6  22.7  46.5
 1981   20.7  25.6  38.3  51.2  56.7  68.6  71.8  68.8  61.3  47.6  39.5  20.2  47.5
 1982    5.8  17.3  30.9  41.6  61.7  63.3  72.7  68.8  61.2  52.0  33.8  27.5  44.7
 1983   22.9  27.7  34.8  41.9  54.2  69.1  75.9  76.0  62.2  50.0  37.8   7.2  46.6
 1984   16.0  29.9  26.6  45.7  55.4  69.1  69.9  72.0  60.0  51.6  36.0  24.4  46.4
 1985   12.4  17.7  39.1  52.0  62.1  65.2  71.0  66.2  62.5  49.2  28.1   8.9  44.5
 1986   18.7  17.4  36.2  50.2  59.2  69.9  73.5  66.1  64.0  50.4  29.2  24.1  46.6
 1987   22.2  32.1  39.0  50.4  63.7  72.2  75.0  69.2  62.0  45.1  40.5  27.0  49.9
 1988   13.2  16.9  36.0  46.6  63.7  72.0  73.9  74.5  63.5  44.5  36.1  23.7  47.1
 1989   26.5  12.4  31.4  46.5  57.4  66.2  74.1  70.0  59.5  51.4  31.2  13.2  45.0
 1990   27.9  25.5  38.5  46.3  55.7  69.7  72.0  71.4  65.5  49.5  40.3  18.7  48.4
 1991   10.3  25.5  36.8  49.7  63.4  73.7  73.3  70.9  60.8  48.5  27.6  25.1  47.1
 1992   24.4  29.9  36.6  44.1  59.3  67.5  67.7  65.3  59.2  49.6  31.8  21.2  46.4
 1993   14.5  17.2  28.0  42.8  58.4  66.5  71.2  70.8  56.3  48.5  33.3  24.1  44.3
 1994    7.6  13.0  35.3  47.8  59.0  70.8  70.0  67.1  63.5  52.7  38.5  24.3  45.8
 1995   15.5  21.4  35.2  42.8  56.4  70.3  73.4  76.2  59.6  50.0  28.2  22.8  46.0
 1996   14.3  19.8  27.8  43.7  55.6  68.9  70.4  69.3  60.5  50.7  26.8  18.0  43.8
 1997   12.6  22.8  35.3  43.1  52.6  70.3  72.6  68.5  63.0  50.7  31.3  26.2  45.8
 1998   21.9  32.8  31.6  48.8  64.6  66.9  73.5  72.9  67.0  51.9  39.4  28.5  50.0
 1999   14.9  32.1  34.8  48.8  60.7  69.7  77.0  69.8  61.0  49.9  42.9  25.4  48.9
 MEANS  15.7  21.6  32.7  47.0  59.0  68.6  72.3  69.9  61.5  50.3  35.0  21.8  46.3
 
 THESE ARE THE MONTHLY PRECIP TOTALS AND NUMBER OF MISSING DAYS 1951-1999 FOR STATION #3487
 YEAR    JAN   FEB  MARCH APRIL  MAY  JUNE  JULY AUGUST SEPT   OCT   NOV   DEC   ANN
  
 1951   0.28  1.90  4.33  5.00  3.80  4.47  5.91  6.39  1.80  3.82  1.24  0.84 39.78
           0     0     0     0     0     0     0     0     0     0     0     0     0
 1952   1.40  0.35  3.05  1.18  3.49  3.57  3.02  2.08  0.76  0.04  2.89  1.25 23.08
           0     0     0     0     0     0     0     0     0     0     0     0     0
 1953   0.55  1.59  3.85  3.58  2.68  7.75  4.02  1.92  0.56  0.23  1.39  0.90 29.02
           0     0     0     0     0     0     0     0     0     0     0     0     0
 1954   0.19  1.00  1.69  4.60  5.81  8.68  1.05  7.46  2.80  3.59  0.16  0.80 37.83
           0     0     0     0     0     0     0     0     0     0     0     0     0
 1955   0.49  1.41  0.94  2.84  3.09  1.47  5.01  0.84  3.56  1.19  0.16  0.36 21.36
           0     0     0     0     0     0     0     0     0     0     0     0     0
 1956   0.27  0.22  0.91  2.82  4.31  2.50  4.02  4.87  2.75  1.89  0.75  0.30 25.61
           0     0     0     0     0     0     0     0     0     0     0     0     0
 1957   0.27  0.45  0.93  2.47  6.88  4.80  4.79  7.68  0.97  2.99  2.08  0.78 35.09
           0     0     0     0     0     0     0     0     0     0     0     0     0
 1958   0.60  0.08  0.59  2.30  2.11  6.41  8.27  3.56  3.62  1.40  2.45  0.20 31.59
           0     0     0     0     0     0     0     0     0     0     0     0     0
 1959   0.47  1.31  3.48  1.66  4.55  3.60  2.38  3.86  2.98  1.46  2.71  1.35 29.81
           0     0     0     0     0     0     0     0     0     0     0     0     0
 1960   2.70  0.83  1.58  4.64  5.29  2.98  1.39  5.26  4.73  2.28  0.94  0.57 33.19
           0     0     0     0     0     0     0     0     0     0     0     0     0
 1961   0.15  2.68  4.35  2.60  1.38  1.59  5.85  1.27  3.77  3.34  1.33  0.00 28.31
           0     0     0     0     0     0     0     0     0     0     0    31    31
 1962   0.60  1.55  1.18  2.22  4.88  2.34  6.43  1.98  2.44  2.58  0.00  0.10 26.30
           0     0     0     0     0     0     0     0     0     0     0     0     0
 1963   0.21  0.14  2.35  3.57  2.10  2.23  6.29  2.49  3.55  0.50  1.61  0.70 25.74
           0     0     0     0     0     0     0     0     0     0     0     0     0
 1964   0.35  0.20  1.60  5.81  4.39  2.90  4.69  2.99  4.83  0.29  0.92  1.07 30.04
           0     0     0     0     0     0     0     0     0     0     0     0     0
 1965   0.92  1.43  2.89  4.17  5.27  3.71  5.12  5.92  9.78  1.55  1.72  1.54 44.02
           0     0     0     0     0     0     0     0     0     0     0     0     0
 1966   1.19  1.03  2.86  2.14  3.57  7.21  4.11  5.67  0.64  2.09  0.40  1.01 31.92
           0     0     0     0     1     0     0     0     0     0     0     0     1
 1967   1.95  0.40  2.00  1.95  1.66  7.75  2.40  3.49  1.76  2.45  1.09  0.65 27.55
           0     0     0     0     0     0     0     0     0     0     0     0     0
 1968   1.39  0.30  1.43  3.75  1.37  3.68  4.80  6.90  4.74  4.34  0.00  1.99 34.69
           0     0     0     0     0     0     0     0     0     0    30     0    30
 1969   1.63  0.59  0.88  4.41  5.42  7.51 12.79  2.59  1.11  3.16  0.15  2.10 42.34
           0     0     0     0     0     0     0     0     0     0     0     0     0
 1970   0.28  0.14  2.49  1.67  4.66  2.84  4.46  3.51  5.45  4.70  1.60  0.86 32.66
           0     0     0     0     0     0     0     0     0     0     0     0     0
 1971   0.69  3.07  1.12  1.02  5.56  4.18  3.15  0.78  1.80  3.38  2.53  1.24 28.52
           0     0     0     0     0     0     0     0     0     0     0     0     0
 1972   0.19  1.02  1.62  2.80  4.87  8.14  4.17  5.58  3.54  4.74  1.93  2.21 40.81
           0     0     0     0     0     0     0     0     0     0     0     0     0
 1973   1.31  1.54  2.88  3.54  6.98  4.49  4.84  2.70  5.59  1.33  2.27  2.19 39.66
           0     0     0     0     0     0     0     0     0     0     0     0     0
 1974   0.92  0.64  1.21  2.53  4.88  7.38  2.50  4.77  2.25  4.98  1.32  1.67 35.05
           0     0     0     0     0     0     0     0     0     0     0     0     0
 1975   1.40  1.22  2.51  2.97  1.91  5.72  0.95  4.46  0.86  0.21  3.54  0.32 26.07
           0     0     0     0     0     0     0     0     0     0     0     0     0
 1976   0.06  1.94  3.33  5.92  6.13  3.22  2.63  2.48  1.39  1.10  0.00  0.37 28.57
           0     0     0     0     0     0     0     0     0     0     0     0     0
 1977   0.32  0.60  3.12  2.66  3.54  2.45  4.43  5.22  4.11  3.94  1.09  1.36 32.84
           0     0     0     0     0     0     0     0     0     0     0     0     0
 1978   0.99  0.35  0.52  5.33  2.74  4.38  4.81  3.99  7.51  1.17  3.19  0.76 35.74
           0     0     0     0     0     0     0     0     0     0     0     0     0
 1979   1.24  0.31  3.39  3.73  3.68  4.73  4.81  5.00  0.64  4.47  2.02  1.07 35.09
           0     0     0     0     0     0     0     0     0     0     0     0     0
 1980   1.69  0.98  0.78  1.52  5.21  4.14  0.96  5.49  3.88  1.94  0.42  0.50 27.51
           0     0     0     0     0     0     0     0     0     0     0     0     0
 1981   0.12  2.42  0.46  3.78  1.28  6.05  3.61  3.23  1.97  2.17  1.37  1.33 27.79
           0     0     0     0     0     0     0     0     0     0     0     0     0
 1982   2.33  0.51  3.20  2.39  7.34  3.89  6.01  3.12  2.43  3.29  4.01  3.74 42.26
           0     0     0     0     0     0     0     0     0     0     0     0     0
 1983   0.87  1.20  3.16  3.43  8.24  3.51  3.34  1.75  4.04  5.03  5.19  1.15 40.91
           0     0     0     0     0     0     0     0     0     0     0     0     0
 1984   0.63  1.22  1.58  5.68  4.57  4.84  7.79  0.25  1.86  3.97  2.31  1.89 36.59
           0     0     0     0     0     0     0     0     0     0     0     0     0
 1985   0.69  1.39  2.83  1.38  1.80  3.70  3.24  4.04  5.53  3.01  1.78  1.30 30.69
           0     0     0     0     0     0     0     0     0     0     0     0     0
 1986   0.81  2.04  1.90  3.33  6.43  6.31  3.81  2.98  4.34  3.14  2.00  1.06 38.15
           0     0     0     0     0     0     0     0     0     0     0     0     0
 1987   0.40  0.01  3.59  2.78  2.52  2.34  4.72  8.78  2.81  0.75  2.57  2.37 33.64
           0     0     0     0     0     0     0     0     0     0     0     0     0
 1988   0.57  0.29  0.73  1.91  1.04  1.88  2.19  2.77  2.92  0.83  3.21  0.61 18.95
           0     0     0     0     0     0     0     0     0     0     0     0     0
 1989   1.41  0.43  1.08  2.88  2.53  2.00  2.17  2.30  3.98  1.99  0.34  0.29 21.40
           0     0     0     0     0     0     0     0     0     0     0     0     0
 1990   0.50  0.36  5.93  4.20  6.95  9.99  8.43  5.68  1.80  1.61  1.73  1.64 48.82
           0     0     0     0     0     0     0     0     0     0     0     0     0
 1991   0.78  0.22  6.36  8.02  5.53  5.46  0.72  6.06  4.36  2.92  4.22  1.71 46.36
           0     0     0     0     0     0     0     0     0     0     0     0     0
 1992   0.99  1.89  1.31  3.53  1.22  1.97  8.57  3.08  2.41  0.41  6.34  1.63 33.35
           0     0     0     0     0     0     0     0     0     0     0     0     0
 1993   0.80  0.96  4.58  3.20  3.71  9.07  9.17 10.14  3.01  2.38  0.85  0.51 48.38
           0     0     0     0     0     0     0     0     0     0     0     0     0
 1994   1.00  0.98  0.14  2.48  3.41  6.86  5.74  3.35  4.25  1.21  2.02  1.28 32.72
           0     0     0     0     0     0     0     0     0     0     0     0     0
 1995   0.66  0.05  2.82  4.07  4.39  3.64  5.59  4.78  1.81  1.88  2.07  0.18 31.94
           0     0     0     0     0     0     0     0     0     0     0     0     0
 1996   1.74  0.10  0.84  1.41  5.22  2.77  2.25  1.76  3.03  3.12  2.71  1.28 26.23
           0     0     0     0     0     0     0     0     0     0     0     0     0
 1997   0.90  1.03  1.40  1.28  3.90  4.92  1.90  1.50  3.02  3.88  1.29  0.70 25.72
           0     0     0     0     0     0     0     0     0     0     0     0     0
 1998   0.65  1.42  3.68  3.04  5.40 11.91  1.19  6.00  2.07  5.71  1.16  0.18 42.41
           0     0     0     0     0     0     0     0     0     0     0     0     0
 1999   1.06  0.37  0.83  5.06  5.28  7.10  3.19  2.26  1.13  0.34  1.12  0.53 28.27
           0     0     0     0     0     0     0     0     0     0     0     0     0
 
 MEANS  0.85  0.94  2.25  3.25  4.14  4.80  4.36  3.98  3.08  2.42  1.80  1.07 32.95
 PRECIPITATION MEANS AND TOTALS ARE BASED ON DATA AVAILABLE
 NO ATTEMPT WAS MADE TO ESTIMATE MISSING PRECIPITATION DATA
 *****************************************************************************************
 *****************************************************************************************
 
 THESE ARE THE MONTHLY HEATING DEGREE DAYS 1951-1999 FOR STATION #3487
 YEAR    JAN    FEB   MARCH  APRIL   MAY    JUNE   JULY  AUGUST  SEPT   OCT   NOV   DEC
 
 1951  1562.5 1241.0 1239.5  659.0  169.5   84.0   14.0   22.0  194.5  453.0 1084.0 1438.5
 1952  1454.5 1017.0 1042.5  481.0  253.0   15.0    2.0   23.0  117.0  592.0  841.5 1239.0
 1953  1372.0 1127.0  928.5  685.0  232.0   15.5    8.5    3.0  126.0  284.0  758.0 1184.5
 1954  1455.0  854.5 1087.5  430.0  323.0   48.5    0.0    4.5   84.5  442.0  741.5 1226.0
 1955  1423.5 1243.5  998.0  318.0  122.0   53.5    0.0    3.5   98.5  401.5 1044.0 1436.5
 1956  1484.0 1249.0 1062.5  590.0  194.0   23.0    6.0   24.5  153.5  241.5  900.0 1222.5
 1957  1605.0 1038.0  945.0  478.0  234.5   39.5    0.0    7.0  170.5  520.0  955.0 1136.5
 1958  1332.5 1382.5 1000.0  506.0  150.5   79.0   10.0   34.5  114.5  343.0  784.5 1463.5
 1959  1619.5 1352.0 1019.5  536.0  176.0   29.0   10.5    0.5  172.0  574.5 1168.5 1074.5
 1960  1468.0 1366.0 1467.5  494.0  219.5   51.5    6.5    5.5  160.0  487.5  887.0 1452.5
 1961  1532.0 1132.0  979.0  699.5  286.0   29.5    0.0    9.5  224.0  405.0  878.0 1452.5
 1962  1631.5 1317.0 1224.5  613.5  104.5   44.5   31.5    7.5  220.0  401.0  803.0 1326.0
 1963  1775.0 1347.0  850.0  451.0  244.0   11.5    3.0   34.0  135.0  187.0  754.0 1649.5
 1964  1288.0 1104.0 1091.0  528.5  118.5   40.5    3.0   70.0  197.0  528.0  810.0 1402.5
 1965  1568.0 1346.0 1368.5  604.5  138.0   37.5    6.0   60.5  239.5  454.0  838.0 1088.5
 1966  1735.5 1239.0  837.0  673.5  356.0   58.5    3.0   44.0  219.5  505.5  911.5 1278.5
 1967  1338.5 1293.5  844.0  466.5  334.0   18.0   26.5   41.0  162.0  486.5  933.0 1182.5
 1968  1432.5 1281.0  729.5  413.5  309.5   23.0    7.5   29.5  141.5  454.0  951.5 1386.5
 1969  1622.0 1222.5 1267.0  505.5  225.0  112.5    6.5    1.5  136.5  564.5  871.5 1375.0
 1970  1796.0 1245.5 1072.0  519.0  176.5   40.0   19.0    9.5  167.0  459.0  895.5 1356.5
 1971  1680.0 1334.5 1112.5  509.0  309.5   11.0   29.0   26.0  142.0  294.0  846.5 1279.5
 1972  1631.0 1464.5  998.0  607.5  198.0   62.5   24.5   29.5  137.0  599.5  978.0 1520.0
 1973  1434.0 1140.5  705.5  602.5  293.5    8.5    2.0    4.5  153.0  296.5  830.0 1429.0
 1974  1540.5 1202.5  971.5  485.5  308.0   71.0    1.0   46.0  273.5  476.5  847.5 1271.5
 1975  1436.5 1287.0 1298.5  723.5  180.0   51.0   20.5    7.0  236.5  423.5  724.5 1228.5
 1976  1476.5 1023.0  911.5  436.0  272.5   26.0    9.5   27.0  193.0  645.0 1086.0 1565.5
 1977  1879.0 1126.0  732.0  365.5   75.5   18.0    1.5   48.5   93.5  523.0  919.0 1450.5
 1978  1783.0 1510.0 1100.5  555.0  258.0   36.0    3.0   15.5   84.5  518.0  906.5 1446.5
 1979  1886.5 1583.5 1095.0  642.0  274.5   49.5    6.5   37.5  129.0  468.5  902.5 1183.5
 1980  1402.5 1413.5 1107.0  539.0  202.0   37.0    0.0    3.5  140.0  562.5  823.0 1312.5
 1981  1372.0 1103.0  826.5  421.0  265.5   12.0   19.0   28.5  146.0  540.5  764.5 1388.5
 1982  1835.0 1336.0 1056.5  703.0  132.5   90.5    2.0   39.5  181.5  416.0  936.5 1162.0
 1983  1305.5 1044.0  937.5  693.5  334.0   41.0    2.0    0.5  174.0  476.0  817.5 1790.5
 1984  1519.0 1018.0 1190.5  582.0  313.0   11.5   11.5   11.5  204.0  415.5  869.5 1258.0
 1985  1629.5 1324.5  801.5  425.0  128.5   77.0    3.0   44.5  200.0  489.0 1107.5 1739.5
 1986  1435.0 1332.0  891.5  452.5  186.0   12.0    4.0   55.0   96.0  453.5 1073.0 1267.0
 1987  1327.5  922.5  805.5  448.5  123.5   15.0    4.5   52.5  121.0  617.5  733.5 1177.5
 1988  1605.0 1396.0  898.0  552.0  108.5   19.0    7.5   26.0  103.5  637.0  867.0 1279.5
 1989  1194.0 1472.5 1043.0  558.0  262.0   67.0    0.5   12.0  197.5  425.0 1015.0 1607.0
 1990  1149.0 1105.5  820.0  582.5  294.5   34.0    9.0    5.5  120.5  487.0  741.5 1434.0
 1991  1695.5 1105.0  876.5  471.0  180.5    6.5    9.0   11.0  210.5  512.0 1123.0 1236.5
 1992  1260.0 1017.5  879.5  626.5  217.0   36.5   34.0   76.0  213.0  482.0  997.5 1357.0
 1993  1564.5 1339.5 1148.0  667.5  221.0   72.0    2.5   12.0  271.0  524.5  950.0 1269.0
 1994  1778.0 1455.0  919.5  529.5  224.0   19.5    6.5   45.0  129.0  387.0  795.0 1263.0
 1995  1534.0 1222.0  923.0  666.0  268.5   35.0    9.0    0.0  203.0  471.5 1103.5 1308.0
 1996  1571.0 1310.5 1152.0  638.0  327.5   55.0    5.0    6.0  186.0  445.0 1145.5 1455.5
 1997  1623.5 1182.0  921.0  656.0  385.5    7.5   22.0   18.5  117.0  494.5 1010.5 1203.5
 1998  1337.5  903.0 1035.0  487.0   98.5   81.5    1.0    0.0   61.0  407.0  769.0 1131.0
 1999  1553.0  921.5  937.0  487.5  170.0   36.0    0.0    8.0  178.5  470.5  662.0 1228.0
 *****************************************************************************************
 MEANS 1559.8 1248.8 1023.0  557.1  228.7   40.7    8.6   23.5  164.9  473.4  919.0 1365.6
 
 THESE ARE THE MONTHLY COOLING DEGREE DAYS 1951-1999 FOR STATION #3487
 YEAR    JAN   FEB  MARCH APRIL  MAY  JUNE  JULY AUGUST SEPT   OCT   NOV   DEC   ANN
 
 1951    0.0   0.0   0.0   7.5  31.0  59.5 199.0 135.0  11.0  18.5   0.0   0.0
 1952    0.0   0.0   0.0  14.5  27.0 248.0 266.0 133.5  70.5   0.0   0.0   0.0
 1953    0.0   0.0   0.0   0.0  41.5 184.0 241.0 217.0  70.5  35.5   0.0   0.0
 1954    0.0   0.0   0.0   5.0  10.5 235.5 327.5 164.0  75.0  10.0   0.0   0.0
 1955    0.0   0.0   0.0   3.0  48.5  95.0 405.5 330.5 108.0   4.5   0.0   0.0
 1956    0.0   0.0   0.0   1.5  59.5 264.5 191.5 208.0  27.5  13.0   0.0   0.0
 1957    0.0   0.0   0.0   6.5  14.0 117.0 341.0 187.0  16.5   0.0   0.0   0.0
 1958    0.0   0.0   0.0   2.5  18.5  61.0 123.0 218.5  45.0   8.5   0.0   0.0
 1959    0.0   0.0   0.0   0.0  53.5 153.5 179.5 285.5  79.5   0.0   0.0   0.0
 1960    0.0   0.0   0.0  19.0   8.5  78.5 186.5 190.5  96.5   1.0   0.0   0.0
 1961    0.0   0.0   0.0   0.0  21.0 129.5 187.0 169.5  66.5   0.0   0.0   0.0
 1962    0.0   0.0   0.0   3.0 104.5  94.0 148.5 151.5  30.0  22.5   0.0   0.0
 1963    0.0   0.0   0.0   0.0  26.0 213.0 197.5 116.5  40.5  21.0   0.0   0.0
 1964    0.0   0.0   0.0   1.5  61.0 143.0 277.5 108.0  48.0   0.0   0.0   0.0
 1965    0.0   0.0   0.0   0.0  44.5  88.0 175.0 113.0   5.5   4.0   0.0   0.0
 1966    0.0   0.0   0.0   0.0  16.0 105.0 250.0  72.5  21.0   0.5   0.0   0.0
 1967    0.0   0.0   5.0   8.0  44.5 116.0 175.0  99.0  10.0   9.5   0.0   0.0
 1968    0.0   0.0   0.0   4.0   6.0 185.0 197.5 171.5  26.0  25.0   0.0   0.0
 1969    0.0   0.0   0.0   0.0  40.0  55.5 241.0 180.0  37.5  14.0   0.0   0.0
 1970    0.0   0.0   0.0  25.5  79.5 160.0 246.0 165.5  76.0   7.0   0.0   0.0
 1971    0.0   0.0   0.0   0.0  13.0 272.0 145.5 127.0 105.0  29.5   0.0   0.0
 1972    0.0   0.0   0.0   0.0  67.0 101.0 181.5 205.0  60.0   0.0   0.0   0.0
 1973    0.0   0.0   0.0   0.0   3.5 163.5 231.5 202.0  50.0  11.5   0.0   0.0
 1974    0.0   0.0   0.0   8.0  17.0  85.5 331.0 105.0  24.5   0.0   0.0   0.0
 1975    0.0   0.0   0.0   0.0  64.0 155.5 250.5 233.0  31.0  18.5   0.0   0.0
 1976    0.0   0.0   0.0   3.0  11.5 130.0 252.5 152.0  40.0  12.5   0.0   0.0
 1977    0.0   0.0   0.0  26.5 120.5 148.5 297.0 104.5  37.0   0.0   0.0   0.0
 1978    0.0   0.0   0.0   0.0  59.0 147.0 196.5 176.0 137.5   0.0   0.0   0.0
 1979    0.0   0.0   0.0   0.0  30.0 123.0 196.0 178.0  75.0   3.5   0.0   0.0
 1980    0.0   0.0   0.0  19.0  57.0 135.5 305.5 219.0  79.0   2.0   0.0   0.0
 1981    0.0   0.0   0.0   7.5   8.5 119.0 230.0 146.0  35.5   0.0   0.0   0.0
 1982    0.0   0.0   0.0   0.0  30.0  38.5 239.5 157.0  67.5  12.5   0.0   0.0
 1983    0.0   0.0   0.0   0.0   0.0 163.0 340.0 341.0  89.5  11.5   0.0   0.0
 1984    0.0   0.0   0.0   2.0  15.5 133.0 163.0 228.5  55.0   0.0   0.0   0.0
 1985    0.0   0.0   0.0  34.0  40.0  84.0 189.0  83.0 126.0   0.0   0.0   0.0
 1986    0.0   0.0   0.0   9.5   6.5 158.0 267.0  88.0  65.5   0.0   0.0   0.0
 1987    0.0   0.0   0.0  11.0  84.0 230.0 315.5 183.0  32.0   0.0   0.0   0.0
 1988    0.0   0.0   0.0   0.0  68.5 228.5 283.5 321.5  60.0   1.0   0.0   0.0
 1989    0.0   0.0   0.5   1.5  26.5 102.0 282.0 166.5  31.0   3.5   0.0   0.0
 1990    0.0   0.0   0.0  21.5   5.0 175.0 224.5 204.0 135.5   6.0   0.0   0.0
 1991    0.0   0.0   3.0  12.5 131.0 268.0 267.5 193.5  85.0   2.0   0.0   0.0
 1992    0.0   0.0   0.0   0.0  40.0 112.0 118.5  85.0  39.0   5.0   0.0   0.0
 1993    0.0   0.0   0.0   0.0  16.0 118.0 196.0 191.0  10.5  13.0   0.0   0.0
 1994    0.0   0.0   0.0  12.0  38.0 195.0 160.5 109.5  84.0   6.0   0.0   0.0
 1995    0.0   0.0   0.0   0.0   1.5 194.0 268.0 348.5  41.5   7.5   0.0   0.0
 1996    0.0   0.0   0.0   0.0  36.0 171.5 171.5 138.5  52.5   1.5   0.0   0.0
 1997    0.0   0.0   0.0   0.0   0.0 168.0 258.0 126.0  58.5  50.5   0.0   0.0
 1998    0.0   0.0   0.0   0.0  87.0 140.0 264.0 244.5 121.0   2.0   0.0   0.0
 1999    0.0   0.0   0.0   0.0  36.5 178.0 373.5 156.0  57.5   2.5   0.0   0.0
 *****************************************************************************************
 MEANS   0.0   0.0   0.2   5.6  39.0 150.6 241.3 180.3  59.5   8.3   0.0   0.0
 
 THESE ARE THE HEAT STRESS VARIABLES 1951-1999 FOR STATION #3487
             # OF DAYS MAXT >86                           HEAT INDEX
 YEAR   MAY  JUNE  JULY   AUG  SEPT  TOTAL     MAY    JUNE   JULY   AUG    SEPT  TOTAL
 1951   0.0   0.0   5.0   1.0   0.0    6.0      0.0    0.0    9.0    5.0    0.0   14.0
 1952   3.0  12.0  13.0   1.0   4.0   33.0      5.0   50.0   42.0    2.0   11.0  110.0
 1953   2.0   7.0   7.0  11.0   4.0   31.0      5.0   25.0   24.0   58.0   22.0  134.0
 1954   0.0   8.0  15.0   1.0   4.0   28.0      0.0   29.0   59.0    1.0   16.0  105.0
 1955   2.0   2.0  18.0  20.0   8.0   50.0      2.0    7.0  109.0  125.0   47.0  290.0
 1956   2.0  16.0   7.0   6.0   1.0   32.0      5.0   69.0   34.0   18.0    1.0  127.0
 1957   0.0   2.0  14.0   4.0   0.0   20.0      0.0    2.0   71.0    7.0    0.0   80.0
 1958   0.0   3.0   1.0  10.0   1.0   15.0      0.0    6.0    1.0   20.0    1.0   28.0
 1959   1.0   5.0   6.0  14.0   3.0   29.0      1.0   17.0    9.0   39.0   13.0   79.0
 1960   0.0   1.0  11.0   6.0   7.0   25.0      0.0    4.0   35.0   23.0   35.0   97.0
 1961   1.0   8.0   5.0   6.0   2.0   22.0      1.0   26.0   15.0   17.0    6.0   65.0
 1962   6.0   3.0   8.0   5.0   1.0   23.0     16.0    5.0   18.0   18.0    1.0   58.0
 1963   1.0  17.0   8.0   3.0   2.0   31.0      3.0   73.0   27.0   14.0    2.0  119.0
 1964   3.0   7.0  20.0   9.0   4.0   43.0     11.0   22.0   98.0   24.0    8.0  163.0
 1965   1.0   2.0   5.0   7.0   0.0   15.0      1.0    6.0   23.0   34.0    0.0   64.0
 1966   1.0   5.0  15.0   2.0   0.0   23.0      3.0   11.0   75.0    4.0    0.0   93.0
 1967   6.0   1.0   5.0   1.0   0.0   13.0     27.0    1.0   15.0    1.0    0.0   44.0
 1968   0.0  13.0   8.0  10.0   0.0   31.0      0.0   56.0   22.0   31.0    0.0  109.0
 1969   2.0   2.0   8.0   5.0   0.0   17.0      3.0    3.0   32.0    9.0    0.0   47.0
 1970   2.0   6.0  13.0   6.0   3.0   30.0      5.0   25.0   58.0   18.0    4.0  110.0
 1971   0.0  11.0   4.0   4.0   4.0   23.0      0.0   57.0    9.0   17.0   17.0  100.0
 1972   4.0   3.0   8.0  11.0   2.0   28.0      6.0   12.0   23.0   45.0    2.0   88.0
 1973   0.0   7.0   7.0   6.0   0.0   20.0      0.0   23.0   24.0   17.0    0.0   64.0
 1974   0.0   4.0  17.0   2.0   0.0   23.0      0.0    6.0   93.0    4.0    0.0  103.0
 1975   2.0   6.0  17.0  11.0   0.0   36.0      9.0   20.0   47.0   37.0    0.0  113.0
 1976   0.0   4.0  11.0   9.0   3.0   27.0      0.0    7.0   46.0   16.0    7.0   76.0
 1977   4.0   7.0  13.0   3.0   0.0   27.0      6.0   28.0   89.0    7.0    0.0  130.0
 1978   3.0   2.0   4.0   5.0   6.0   20.0      8.0    4.0   13.0   16.0   31.0   72.0
 1979   0.0   1.0   1.0   6.0   2.0   10.0      0.0    2.0    1.0   28.0    3.0   34.0
 1980   3.0   4.0  15.0   8.0   3.0   33.0      7.0   13.0   70.0   26.0    9.0  125.0
 1981   0.0   3.0   7.0   1.0   2.0   13.0      0.0    9.0   31.0    2.0    4.0   46.0
 1982   0.0   0.0   7.0   4.0   0.0   11.0      0.0    0.0   21.0   14.0    0.0   35.0
 1983   0.0   6.0  19.0  18.0   5.0   48.0      0.0   21.0   69.0   81.0   18.0  189.0
 1984   0.0   1.0   4.0  10.0   5.0   20.0      0.0    3.0   11.0   45.0   19.0   78.0
 1985   1.0   4.0   5.0   4.0   5.0   19.0      5.0   23.0   20.0   15.0   18.0   81.0
 1986   0.0   6.0   8.0   2.0   2.0   18.0      0.0   19.0   33.0    3.0    2.0   57.0
 1987   3.0  12.0  16.0   6.0   0.0   37.0      7.0   54.0   65.0   32.0    0.0  158.0
 1988   3.0  16.0  17.0  17.0   2.0   55.0      8.0   97.0   94.0  155.0   10.0  364.0
 1989   1.0   2.0  10.0   4.0   0.0   17.0      2.0    5.0   73.0   16.0    0.0   96.0
 1990   0.0   5.0   5.0   5.0   4.0   19.0      0.0   17.0   36.0   20.0   22.0   95.0
 1991   4.0  11.0  14.0   7.0   2.0   38.0     16.0   54.0   86.0   20.0    2.0  178.0
 1992   1.0   3.0   1.0   2.0   0.0    7.0      1.0    9.0    3.0    8.0    0.0   21.0
 1993   0.0   3.0   2.0   3.0   1.0    9.0      0.0    6.0    5.0    8.0    1.0   20.0
 1994   2.0   8.0   4.0   4.0   4.0   22.0      3.0   31.0    9.0   12.0   15.0   70.0
 1995   0.0   8.0  11.0  18.0   1.0   38.0      0.0   40.0   63.0   77.0    1.0  181.0
 1996   3.0   9.0   6.0   2.0   1.0   21.0      9.0   37.0   17.0    8.0    1.0   72.0
 1997   0.0   5.0  11.0   3.0   2.0   21.0      0.0   15.0   50.0    8.0    6.0   79.0
 1998   5.0   5.0   7.0   5.0   7.0   29.0     20.0   20.0   24.0   13.0   24.0  101.0
 1999   0.0   7.0  17.0   4.0   3.0   31.0      0.0   19.0  105.0    9.0   15.0  148.0
 *****************************************************************************************
 MEANS  1.5   5.9   9.6   6.6   2.3   25.9      4.0   22.7   42.2   25.9    8.3  103.2
