 
 THIS IS FOR STATION NUMBER 3718 1951-> 1999
                                 # OF PRECIPITATION EVENTS - % IN PARENS
 CL                   MAX   MEAN  0.01-  0.26-  0.51-  1.01-          # OF DAYS
 WK    TIME PERIOD    VAL   RAIN    0.25   0.51   1.00   2.00  >2.01 MISSING TOTAL
  1 3/1-->3/7        1.77   0.37  58(72) 13(16)  5( 6)  4( 5)  0( 0)    0       80
  2 3/8-->3/14       1.59   0.34  50(68) 13(17)  9(12)  1( 1)  0( 0)    0       73
  3 3/15-->3/21      1.50   0.35  46(65) 12(17) 10(14)  2( 2)  0( 0)    0       70
  4 3/22-->3/28      2.03   0.48  46(59) 16(20) 11(14)  3( 3)  1( 1)    0       77
  5 3/29-->4/4       1.65   0.51  50(61) 13(16) 13(16)  5( 6)  0( 0)    0       81
  6 4/5-->4/11       1.72   0.48  57(67) 15(17)  6( 7)  6( 7)  0( 0)    0       84
  7 4/12-->4/18      1.32   0.57  55(57) 19(20) 17(17)  4( 4)  0( 0)    0       95
  8 4/19-->4/25      2.22   0.67  59(57) 22(21) 16(15)  5( 4)  1( 0)    0      103
  9 4/26-->5/2       4.10   0.79  62(56) 21(19) 20(18)  6( 5)  1( 0)    0      110
 10 5/3-->5/9        1.75   0.69  56(53) 26(25) 16(15)  6( 5)  0( 0)    0      104
 11 5/10-->5/16      1.93   0.75  62(57) 21(19) 13(12) 11(10)  0( 0)    0      107
 12 5/17-->5/23      1.27   0.71  77(64) 17(14) 19(15)  6( 5)  0( 0)    0      119
 13 5/24-->5/30      2.00   0.95  56(47) 26(22) 25(21)  9( 7)  2( 1)    0      118
 14 5/31-->6/6       1.55   0.67  62(60) 17(16) 19(18)  5( 4)  0( 0)    0      103
 15 6/7-->6/13       7.56   1.13  67(54) 27(21) 17(13)  9( 7)  4( 3)    0      124
 16 6/14-->6/20      2.89   1.07  67(53) 25(19) 19(15) 11( 8)  4( 3)    0      126
 17 6/21-->6/27      6.01   1.10  61(55) 12(11) 21(19) 11(10)  4( 3)    0      109
 18 6/28-->7/4       3.34   0.68  50(58) 14(16) 13(15)  7( 8)  2( 2)    0       86
 19 7/5-->7/11       3.85   1.06  51(47) 23(21) 18(16) 12(11)  4( 3)    0      108
 20 7/12-->7/18      2.11   0.70  47(54) 14(16) 17(19)  8( 9)  1( 1)    0       87
 21 7/19-->7/25      3.30   0.74  49(52) 22(23) 13(13)  7( 7)  2( 2)    0       93
 22 7/26-->8/1       2.69   0.70  50(57) 11(12) 17(19)  8( 9)  1( 1)    0       87
 23 8/2-->8/8        2.02   0.75  54(54) 22(22) 13(13) 10(10)  1( 1)    0      100
 24 8/9-->8/15       3.07   0.66  47(58) 11(13) 15(18)  7( 8)  1( 1)    0       81
 25 8/16-->8/22      4.01   0.80  51(56) 14(15) 13(14)  9(10)  3( 3)    0       90
 26 8/23-->8/29      4.78   0.85  55(57) 18(18)  9( 9)  9( 9)  4( 4)    0       95
 27 8/30-->9/5       3.40   0.86  46(47) 21(21) 19(19)  7( 7)  3( 3)    0       96
 28 9/6-->9/12       2.48   0.62  41(54) 16(21)  9(12)  6( 8)  3( 4)    0       75
 29 9/13-->9/19      3.33   0.70  54(59) 15(16) 15(16)  4( 4)  3( 3)    0       91
 30 9/20-->9/26      2.50   0.48  52(62) 17(20) 11(13)  2( 2)  1( 1)    0       83
 31 9/27-->10/3      2.00   0.51  33(54)  8(13) 13(21)  6( 9)  1( 1)    0       61
 32 10/4-->10/10     2.40   0.58  36(53) 13(19) 11(16)  4( 5)  3( 4)    0       67
 33 10/11-->10/17    2.97   0.42  30(56) 13(24)  5( 9)  3( 5)  2( 3)    0       53
 34 10/18-->10/24    1.51   0.31  45(70) 11(17)  7(10)  1( 1)  0( 0)    0       64
 35 10/25-->10/31    2.41   0.40  27(50) 16(29)  6(11)  4( 7)  1( 1)    0       54
 36 11/1-->11/7      0.96   0.23  35(68)  8(15)  8(15)  0( 0)  0( 0)    7       51
 37 11/8-->11/14     2.56   0.30  31(65)  6(12)  8(17)  1( 2)  1( 2)    7       47
 38 11/15-->11/21    1.92   0.38  41(64) 10(15)  7(10)  6( 9)  0( 0)    7       64
 39 11/22-->11/28    1.25   0.20  52(81)  8(12)  3( 4)  1( 1)  0( 0)    7       64
 40 11/29-->12/5     1.30   0.19  36(76)  7(14)  2( 4)  2( 4)  0( 0)    2       47
 41 12/6-->12/12     0.80   0.14  42(85)  5(10)  2( 4)  0( 0)  0( 0)    0       49
 42 12/13-->12/19    0.68   0.17  41(75) 10(18)  3( 5)  0( 0)  0( 0)    0       54
 43 12/20-->12/26    0.66   0.12  51(87)  5( 8)  2( 3)  0( 0)  0( 0)    1       58
 44 12/27-->1/2      1.50   0.23  45(75) 10(16)  4( 6)  1( 1)  0( 0)    0       60
 45 1/3-->1/9        0.32   0.08  44(93)  3( 6)  0( 0)  0( 0)  0( 0)    0       47
 46 1/10-->1/16      0.40   0.12  44(88)  6(12)  0( 0)  0( 0)  0( 0)    1       50
 47 1/17-->1/23      0.94   0.13  46(90)  1( 1)  4( 7)  0( 0)  0( 0)    0       51
 48 1/24-->1/30      0.56   0.09  49(94)  2( 3)  1( 1)  0( 0)  0( 0)    1       52
 49 1/31-->2/6       0.97   0.11  29(80)  5(13)  2( 5)  0( 0)  0( 0)   20       36
 50 2/7-->2/13       1.10   0.13  47(92)  1( 1)  2( 3)  1( 1)  0( 0)   21       51
 51 2/14-->2/20      1.24   0.27  50(76)  9(13)  3( 4)  3( 4)  0( 0)   21       65
 52 2/21-->2/27      0.60   0.15  38(76)  8(16)  4( 8)  0( 0)  0( 0)   21       50
 53 2/28-->2/29      1.29   0.04   6(75)  1(12)  0( 0)  1(12)  0( 0)    3        8
 ANNUAL TOTALS       7.56   2536(62)699(17)535(13)234( 5) 54( 1)  119     4058
 
 THESE ARE THE MONTHLY AVERAGES FOR 1951-->1999 FOR STATION NUMBER 3718
   JAN  FEB  MAR  APR  MAY  JUN  JUL  AUG  SPT  OCT  NOV  DEC  ANNUAL
   0.48 0.69 1.68 2.65 3.48 4.08 3.56 3.36 2.77 1.87 1.19 0.72 26.54  <-- PRECIP
  
   16.9 23.5 34.4 49.5 61.7 71.6 75.9 73.8 64.1 52.0 35.3 22.4  53.0  <-- TEMP
 
 TWELVE SIGNIFICANT RAINFALL EVENTS  
 MONTH  DAY  YEAR   AMOUNT
   6      7  1953     7.56
   6     27  1983     6.01
   8     29  1985     4.78
   5      1  1972     4.10
   8     22  1988     4.01
   7      6  1952     3.85
   8     20  1969     3.71
   6     22  1974     3.47
   8     30  1962     3.40
   6     29  1965     3.34
   9     16  1987     3.33
   7     20  1999     3.30
 
 GROWING DEGREE DAYS FOR 4 BASE TEMPS FOR STATION NUMBER  3718
               MARCH                       APRIL  
     ****************************  *************************** 
 YEAR  40-86  48-86  50-86  52-86   40-86  48-86  50-86  52-86  
     ****************************  *************************** 
 1951     19      3      1      0    250    137    115     95
 1952     39     17     14     11    372    233    205    181
 1953    150     75     59     44    215    111     91     75
 1954     46     10      6      4    430    285    254    225
 1955    120     59     48     38    540    374    339    304
 1956    105     42     34     27    284    177    154    132
 1957    106     37     24     16    353    228    203    181
 1958     65     23     14      7    324    189    161    134
 1959    122     58     46     35    373    236    208    184
 1960     15      1      0      0    344    206    178    154
 1961    112     43     34     25    265    144    123    102
 1962     18      5      3      2    345    215    187    164
 1963    213    140    126    113    443    290    255    221
 1964     80     29     19     12    359    223    197    172
 1965     15      5      4      3    359    227    201    176
 1966    230    135    117     99    251    138    116     95
 1967    239    152    136    121    370    231    202    174
 1968    328    216    194    172    398    263    232    204
 1969     19      0      0      0    381    241    212    186
 1970     24      3      2      1    349    226    199    176
 1971    113     64     54     44    403    259    227    198
 1972    110     46     35     27    306    174    150    128
 1973    155     57     43     30    343    206    178    152
 1974    176     84     67     53    403    253    222    192
 1975     53     22     17     13    231    108     88     71
 1976    156     91     77     63    455    291    255    219
 1977    178     78     59     46    515    345    307    273
 1978    139     81     70     60    282    151    127    105
 1979     32      3      2      1    301    177    152    129
 1980     91     34     25     19    398    255    228    201
 1981    222    110     91     74    507    341    304    269
 1982     92     34     24     16    335    206    182    159
 1983     97     49     38     28    197     98     82     68
 1984     19      2      1      0    248    122     98     76
 1985    185     96     79     64    462    306    273    242
 1986    204    110     92     77    377    224    193    164
 1987    190    104     87     72    511    358    325    294
 1988    198    112     94     77    382    252    222    194
 1989    152     88     74     62    436    294    261    229
 1990    183     87     69     55    417    268    236    205
 1991    204    119    100     85    407    253    222    192
 1992    170     74     62     50    271    154    133    114
 1993     57     29     24     19    262    148    125    105
 1994    144     70     56     45    329    218    193    169
 1995    131     66     54     44    190    100     81     65
 1996     76     29     23     18    246    153    133    114
 1997    117     63     52     43    248    149    127    107
 1998     89     52     46     40    301    185    160    138
 1999    144     66     51     40    296    160    137    116
     ****************************  *************************** 
 MEAN  121.5   60.9   50.2   40.9  348.5  216.2  189.1  164.0
 STDV   71.8   46.3   41.1   36.2   86.2   69.1   64.3   59.4
 
               MAY                         JUNE   
     ****************************  *************************** 
 YEAR  40-86  48-86  50-86  52-86   40-86  48-86  50-86  52-86  
     ****************************  *************************** 
 1951    655    441    394    348    725    491    437    388
 1952    599    393    348    307    977    740    682    625
 1953    601    405    363    325    948    712    654    597
 1954    520    350    312    277    933    700    643    587
 1955    743    528    478    431    803    568    514    462
 1956    696    485    439    396   1017    781    723    667
 1957    591    381    336    295    840    604    547    490
 1958    730    525    479    438    761    533    483    434
 1959    698    480    432    386    961    723    665    609
 1960    611    414    373    332    807    569    511    456
 1961    576    375    332    294    858    626    574    523
 1962    788    553    498    448    851    614    556    499
 1963    653    438    392    350    989    749    690    633
 1964    752    527    481    436    891    659    603    550
 1965    749    526    473    424    896    656    596    537
 1966    580    409    373    337    884    645    589    537
 1967    536    357    316    280    851    615    557    501
 1968    509    332    295    262    933    698    643    591
 1969    679    465    419    374    727    511    464    419
 1970    730    518    468    422    927    690    635    580
 1971    591    398    356    314    984    746    687    628
 1972    656    447    398    352    917    680    621    562
 1973    618    422    376    334    919    679    620    562
 1974    614    411    366    323    808    581    527    478
 1975    740    521    473    427    865    635    578    523
 1976    616    427    385    345    912    681    625    570
 1977    868    623    567    512    949    709    650    592
 1978    647    449    403    361    900    672    619    569
 1979    567    377    337    299    887    653    596    542
 1980    665    471    427    386    932    695    636    578
 1981    605    406    361    321    919    679    619    562
 1982    701    470    415    364    776    547    494    445
 1983    544    354    315    277    857    628    571    519
 1984    589    383    340    299    931    692    633    575
 1985    751    520    468    420    833    597    543    492
 1986    728    499    446    397    977    737    677    618
 1987    789    569    517    466    936    699    643    589
 1988    823    596    546    499   1006    770    711    652
 1989    648    454    412    373    834    606    555    506
 1990    576    375    332    292    918    683    627    572
 1991    740    524    475    426    989    750    691    632
 1992    662    465    421    379    835    600    547    494
 1993    580    374    329    286    794    561    505    452
 1994    662    465    421    379    899    659    601    544
 1995    438    265    229    198    830    601    546    494
 1996    465    276    237    199    852    618    563    508
 1997    424    258    226    196    890    650    590    533
 1998    730    513    462    412    742    516    462    411
 1999    600    395    351    309    786    550    495    443
     ****************************  *************************** 
 MEAN  645.8  441.2  396.0  353.5  883.0  648.4  592.1  537.6
 STDV   96.6   81.5   77.1   72.7   74.4   71.6   69.7   67.2
 
               JULY                        AUGUST 
     ****************************  *************************** 
 YEAR  40-86  48-86  50-86  52-86   40-86  48-86  50-86  52-86  
     ****************************  *************************** 
 1951    955    707    645    585    935    688    627    566
 1952   1012    764    703    645    950    702    641    582
 1953   1048    800    738    678    996    748    686    625
 1954   1075    827    765    703    987    739    677    615
 1955   1147    899    837    775   1099    853    792    731
 1956   1002    754    692    630    994    750    691    633
 1957   1138    890    828    766    984    737    676    615
 1958    945    697    636    576   1020    776    717    660
 1959   1011    763    701    640   1103    855    793    731
 1960   1019    771    710    652   1018    770    708    646
 1961    995    747    686    625    996    748    686    625
 1962    974    727    666    606    969    722    661    600
 1963   1090    842    780    718    990    742    681    621
 1964   1097    849    787    725    881    643    586    531
 1965   1021    773    711    650    947    699    638    579
 1966   1108    860    798    736    887    640    580    521
 1967    972    727    668    612    923    683    626    571
 1968   1009    762    701    641    991    743    683    625
 1969   1031    783    722    661    981    733    672    611
 1970   1040    794    733    673   1009    762    702    642
 1971    952    708    648    591    959    717    660    606
 1972    974    732    672    613    944    696    636    577
 1973   1039    791    729    667   1060    812    750    689
 1974   1102    855    794    734    865    620    561    505
 1975   1069    822    761    702   1035    787    725    663
 1976   1064    816    755    695   1018    771    711    652
 1977   1100    852    790    728    915    668    609    553
 1978   1020    772    710    649    993    748    688    630
 1979   1035    787    726    665    957    709    649    590
 1980   1063    815    753    691   1017    769    707    645
 1981   1026    778    716    654    957    709    648    590
 1982   1071    823    761    699   1008    762    701    640
 1983   1145    897    835    773   1144    896    834    772
 1984   1034    786    725    664   1049    804    744    685
 1985   1001    753    692    632    887    641    581    523
 1986   1106    858    796    734    870    631    575    521
 1987   1079    831    771    711    902    660    602    545
 1988   1049    801    740    679   1018    779    722    665
 1989   1069    821    759    697    974    728    668    609
 1990    968    723    666    610    993    747    687    628
 1991   1004    756    694    634    977    729    667    605
 1992    836    589    528    469    815    574    518    464
 1993    967    719    657    595    946    699    639    580
 1994    884    637    577    518    854    611    556    503
 1995    972    727    667    607   1030    782    721    661
 1996    900    653    592    531    900    652    591    531
 1997   1010    762    701    642    912    664    603    544
 1998   1003    755    693    632    972    724    662    600
 1999   1049    801    739    677    919    671    610    549
     ****************************  *************************** 
 MEAN 1026.4  778.9  717.7  657.2  970.6  724.6  664.4  605.4
 STDV   64.9   64.5   64.0   63.2   66.2   65.1   64.2   62.7
 
               SEPTEMBER                   OCTOBER
     ****************************  *************************** 
 YEAR  40-86  48-86  50-86  52-86   40-86  48-86  50-86  52-86  
     ****************************  *************************** 
 1951    513    335    296    258      0      0      0      0
 1952    736    533    487    444     61     41     37     33
 1953    713    507    463    422    497    350    320    291
 1954    737    511    459    414    350    194    160    131
 1955    754    552    505    460    291    203    182    163
 1956    716    512    469    430    477    337    305    276
 1957    641    425    380    339    260    146    124    106
 1958    795    583    533    484    198    134    120    109
 1959    694    488    442    401    105     62     54     46
 1960    706    493    447    402    326    227    205    184
 1961    620    429    386    347      0      0      0      0
 1962    612    405    365    326    399    271    243    216
 1963    795    565    511    457    643    441    398    359
 1964    675    464    417    374    117     74     65     56
 1965    446    282    247    212      0      0      0      0
 1966    654    453    410    369    248    166    149    133
 1967    655    456    409    368      0      0      0      0
 1968    697    479    431    389     53     33     28     25
 1969    677    466    422    380    119     78     69     60
 1970    688    479    433    392    151    106     95     86
 1971    687    490    445    403    493    324    289    255
 1972    643    448    403    360    220    145    129    113
 1973    654    438    390    345    483    314    278    243
 1974    435    298    268    240      0      0      0      0
 1975    595    395    351    310      0      0      0      0
 1976    736    531    482    435    109     79     72     66
 1977    734    510    459    410     61     35     30     25
 1978    826    605    554    504     91     57     50     44
 1979    744    540    493    449    170    110     97     85
 1980    741    530    480    435     36     21     18     15
 1981    715    508    464    422     11      5      4      3
 1982    684    470    419    373    269    155    136    120
 1983    547    392    355    319      0      0      0      0
 1984    586    406    365    328      0      0      0      0
 1985    666    457    408    362     86     50     42     34
 1986    677    451    398    349    146     85     74     63
 1987    685    475    431    391     41     29     27     25
 1988    734    517    467    420     38     25     22     19
 1989    525    370    333    298      0      0      0      0
 1990    802    586    539    492    160    108     96     85
 1991    530    393    360    327      0      0      0      0
 1992    673    468    421    378    207    131    118    105
 1993    510    312    273    237    143    100     91     82
 1994    719    509    462    417    352    215    184    156
 1995    443    305    273    242      0      0      0      0
 1996    582    391    348    309     44     33     31     29
 1997    691    486    442    402    376    263    239    217
 1998    802    577    525    478    417    256    223    193
 1999    625    444    404    366     13      9      8      7
     ****************************  *************************** 
 MEAN  663.9  463.9  419.1  377.1  168.8  110.7   98.4   87.1
 STDV   95.0   76.9   72.6   68.6  171.9  115.3  103.4   92.4
 
 DAILY RECORD HIGHS AND LOWS OCCURRING DURING 1951-1999 FOR STATION NUMBER 3718
     JAN     FEB    MARCH   APRIL    MAY     JUNE    JULY    AUG     SEPT    OCT     NOV     DEC
 DY MX  MN  MX  MN  MX  MN  MX  MN  MX  MN  MX  MN  MX  MN  MX  MN  MX  MN  MX  MN  MX  MN  MX  MN
  1  50 -25  55 -22  73 -13  86  12  93  25  89  38  96  44 103  49  95  38  91  23  72  16  63  -4
  2  55 -18  57 -27  75  -3  83  13  90  24  90  40  95  46 100  49  99  42  93  21  75   7  66 -10
  3  53 -20  58 -28  68  -7  72  -1  88  22  90  35 104  47 103  45  92  31  91  24  74   4  61 -10
  4  54 -22  54 -17  67 -16  79  17  93  25  96  37 102  43  99  45  93  39  85  24  75  -9  64 -10
  5  50 -21  59 -23  71 -20  87  15  88  25  95  44  99  40  99  44  94  36  96  22  70   4  60  -1
  6  48 -26  54 -18  77 -15  90   4  83  29  93  40  98  49  98  44 100  36  92  25  72   0  57 -15
  7  49 -24  66 -14  76 -10  87  10  91  29  95  42  99  49  98  46  98  32  89  19  73 -19  62 -20
  8  59 -17  61 -17  62 -11  87  10  90  25  98  36 100  49  96  46  96  37  87  27  71  -2  64 -21
  9  58 -28  59 -27  66 -11  88  10  92  28  97  42 104  48  97  48  95  37  86  22  80  12  63 -19
 10  57 -25  59 -25  72  -4  85  12  90  27  98  40 101  47  96  46  93  36  88  21  73   1  57 -11
 11  51 -15  63 -33  67 -10  87  18  89  28  97  39 100  50  95  44  91  31  88  16  74 -10  57 -11
 12  56 -28  59 -20  69 -12  78  13  87  28 100  42 100  49  96  42  94  33  88  22  67   2  50 -18
 13  60 -22  63  -6  69 -18  82  19  94  27 102  38 104  46 100  40  97  34  90  19  68  -7  57 -18
 14  53 -30  66  -5  69  -9  92  20  88  29  99  43 102  44 100  46  91  33  90  23  75 -19  51 -16
 15  54 -26  59 -17  73   4  83  18  86  29  97  37  96  48 103  43  99  31  92  22  75  10  57 -16
 16  54 -23  61 -28  77  -2  92  23  90  28  97  42  99  48 101  48  98  31  87  20  75  -2  61 -15
 17  52 -23  65 -26  72  -1  87  17  92  33  96  42 100  50 100  50  97  31  85  14  70  -4  57 -16
 18  48 -23  62 -20  75   0  91  18  94  33 100  47 100  48 101  48  90  32  82  19  66   1  56 -28
 19  48 -24  57 -22  76  -1  89  17  92  33 100  41  98  54 100  45  97  24  87   8  71   1  54 -28
 20  53 -23  67 -11  74   1  89  23  90  32 100  43  98  49  99  44  93  31  81  12  74   8  56 -26
 21  55 -28  63 -12  68  -8  93  23  92  34 107  41  98  49  97  46  90  29  78  15  67  -5  53 -25
 22  61 -23  68 -17  72  -2  93  25  91  26 102  45 104  48 100  46  90  27  83  18  66   4  55 -27
 23  57 -20  64 -16  75   0  86  23  92  31  96  48  99  48  98  43  86  26  82  18  60  -4  45 -29
 24  66 -22  60 -21  83  -4  86  20  93  35 103  40  95  52  99  47  86  29  84  19  67  -5  48 -21
 25  49 -14  62  -8  73   3  91  27 103  37  98  45  95  51 104  44  93  30  81  17  73  -7  51 -18
 26  48 -23  60 -21  80   0  91  28  95  34  98  45 102  47 102  45  92  22  84  18  63  -7  52 -19
 27  49 -18  61 -14  80   1  90  24  92  33  96  44 100  50  99  42  96  30  82  14  65  -9  55 -20
 28  43 -18  62 -30  78   6  89  25  91  33 101  49  97  47 100  36  86  26  80  13  69  -8  47 -10
 29  50 -26 *** ***  82   0  92  24  97  33  98  47 100  47  98  44  89  24  77  17  58  -4  49 -13
 30  60 -23 *** ***  88   2  91  24  94  40  99  47 104  40  94  44  89  26  78  14  60 -10  57 -17
 31  56 -23 *** ***  81  12 *** ***  89  37 *** *** 103  47  93  40 *** ***  76   7 *** ***  50 -20
 
 DAILY MAXIMUM PRECIPITATION OCCURRING DURING 1951-1999 FOR STATION NUMBER 3718
     JAN   FEB   MARCH APRIL MAY   JUNE  JULY  AUG   SEPT  OCT   NOV   DEC
 
  1  0.33  0.28  0.40  1.65  4.10  0.97  1.32  1.45  1.75  1.18  0.96  0.21
  2  0.40  0.40  1.53  0.99  0.75  0.90  1.56  1.37  3.02  0.62  0.93  0.31
  3  0.30  0.02  1.00  1.53  1.16  0.82  3.00  1.12  0.97  1.05  0.65  1.30
  4  0.14  0.97  0.51  1.12  1.25  1.55  1.28  1.07  2.00  0.80  0.40  0.24
  5  0.20  0.11  1.26  0.89  0.70  0.93  2.85  2.02  1.49  2.10  0.76  0.26
  6  0.32  0.67  1.77  1.55  1.57  1.34  3.85  0.72  1.39  1.46  0.33  0.31
  7  0.17  0.07  0.37  1.72  0.78  7.56  1.58  1.30  2.48  2.40  0.12  0.40
  8  0.18  1.10  0.24  1.13  0.70  0.97  1.65  1.55  2.00  1.74  0.93  0.52
  9  0.30  0.65  1.59  1.30  1.75  1.84  1.72  1.60  1.28  0.89  1.00  0.11
 10  0.40  0.60  0.37  0.70  1.27  0.98  1.41  0.94  0.76  2.20  2.56  0.80
 11  0.30  0.21  0.80  1.03  1.01  0.76  2.30  1.41  0.49  0.60  0.65  0.25
 12  0.24  0.21  0.71  1.32  1.80  2.00  1.86  3.07  2.20  0.72  0.60  0.39
 13  0.08  0.45  0.66  0.82  1.09  2.72  2.11  0.90  1.74  1.54  0.97  0.35
 14  0.23  0.38  0.74  1.05  1.37  0.87  1.35  1.53  2.45  0.45  0.04  0.42
 15  0.40  0.43  0.65  0.98  0.62  1.64  0.77  1.39  2.00  1.45  0.74  0.43
 16  0.11  0.15  0.23  0.50  1.93  1.60  0.40  1.15  3.33  2.97  1.92  0.52
 17  0.08  0.32  0.33  1.02  0.91  1.75  1.75  1.33  0.32  2.42  1.00  0.68
 18  0.52  1.23  1.50  0.75  0.90  2.00  1.14  1.18  1.44  0.85  0.35  0.11
 19  0.94  0.98  0.65  1.31  1.22  2.26  1.22  2.16  1.16  1.51  1.22  0.52
 20  0.61  1.24  1.38  0.72  1.01  2.89  3.30  3.71  2.50  0.86  1.50  0.16
 21  0.28  0.52  0.59  0.99  1.12  1.47  1.85  1.18  0.37  0.56  1.23  0.22
 22  0.57  0.13  1.84  2.22  1.27  3.47  2.46  4.01  0.73  0.40  0.37  0.41
 23  0.14  0.45  2.03  1.91  0.80  1.97  1.52  1.25  1.15  0.87  0.20  0.28
 24  0.15  0.25  0.67  1.25  1.10  1.27  0.60  1.60  0.75  0.49  0.19  0.66
 25  0.16  0.60  1.20  0.65  1.13  2.48  0.75  1.39  0.76  0.39  0.48  0.55
 26  0.31  0.50  1.00  1.47  0.70  2.68  2.69  1.63  1.35  0.72  0.61  0.35
 27  0.56  0.50  0.55  1.32  1.22  6.01  1.67  1.30  0.58  1.03  1.25  0.66
 28  0.10  1.29  0.80  0.93  2.00  1.10  0.86  3.10  1.56  0.47  0.60  0.96
 29  0.25******  1.05  1.22  2.00  3.34  1.65  4.78  2.00  1.16  1.05  0.45
 30  0.14******  0.35  0.84  1.31  0.84  1.29  3.40  0.90  2.41  0.75  1.50
 31  0.15******  0.76******  1.40******  0.95  0.71******  1.48******  0.32
 
 RECORD LARGEST AND SMALLEST DAILY RANGES (MAX-MIN) DURING 1951-1999 FOR STATION NUMBER 3718
     JAN     FEB    MARCH   APRIL    MAY     JUNE    JULY    AUG     SEPT    OCT     NOV     DEC
 DY MX  MN  MX  MN  MX  MN  MX  MN  MX  MN  MX  MN  MX  MN  MX  MN  MX  MN  MX  MN  MX  MN  MX  MN
  1 30   1  39   7  42   4  43   4  47   4  36  11  37   5  41  11  46   9  47   8  47   2  37   2
  2 37   4  40   4  43   7  50   5  42   5  40   7  30   9  32  12  48   4  43   4  45   5  34   3
  3 41   2  36   3  41   5  55   7  42  12  45   7  42   8  35  10  37  12  43   4  48   5  37   4
  4 36   4  41   4  45   5  48   8  47   5  40  11  38   6  36  11  39   7  45   5  44   4  51   4
  5 40   3  42   5  42   3  49   4  44   5  47  10  38   7  33   6  42  12  46  10  44   5  43   4
  6 38   4  49   5  40   6  50   6  40  10  36  12  38  11  35   6  39   9  43   6  41   4  33   3
  7 34   4  44   3  42   5  53   5  45   5  38   8  35  13  38   6  47   8  54   4  40   8  43   3
  8 47   6  36   4  40   4  46   4  40   5  39   9  31  13  36   5  39   7  48   3  46   3  45   5
  9 39   6  43   5  38   6  43   4  41   7  42   5  37  10  32   4  41   7  46   5  44   3  44   4
 10 40   8  42   6  42   6  50   5  43   6  43   9  39  13  37  10  41  10  51   5  39   4  43   3
 11 47   4  44   4  40   3  53   2  41   8  35   5  31  11  37   8  41   7  43   4  47   3  46   5
 12 44   4  41   4  36   4  43   3  45   6  39   8  34  10  34  10  43   6  43   2  47   2  35   5
 13 36   3  40   4  45   4  41   6  41   3  40  12  35   6  42   8  48   4  45   5  42   3  42   4
 14 36   6  37   6  44   5  46   6  42   3  39  12  37   8  37  11  43   4  41   7  42   5  46   4
 15 43   3  37   3  46   5  45   6  39   3  39  11  37  12  37  11  44   8  50   6  42   7  36   2
 16 41   5  41   4  47   4  47   9  47   5  43   9  37  14  39  12  40   5  44   5  43   5  42   7
 17 41   5  42   2  41   2  43   4  42  11  42   9  38  10  36   5  39  10  41   4  42   4  39   4
 18 41   5  42   3  42   3  46   6  41   6  43   6  35  13  36  11  44   5  49   7  33   4  38   3
 19 37   4  39   4  40   3  51   5  44   9  38   6  31  10  36  10  48   6  44   3  53   2  38   2
 20 49   5  42   4  40   5  51   7  42   9  34   9  30  10  40   7  43   4  54   4  44   2  33   4
 21 45   3  52   3  39   4  48   6  41  11  36  10  36   6  33   9  42   5  51   3  39   4  42   4
 22 42   5  40   7  41   6  40   6  42   7  41  12  36   7  43  14  41   6  40   4  45   4  33   4
 23 40   4  40   5  42   6  46   9  42   7  38  12  32   9  33  13  44   5  47   6  35   4  41   3
 24 46   5  46   6  50   2  45   6  37   6  33  12  36   8  47   7  46  10  51   6  40   4  37   4
 25 32   5  42   6  36   8  43  12  41   4  37  12  38   9  38   6  43   9  44   5  43   4  38   3
 26 39   3  42   4  52   3  44   6  40   7  41   3  39  11  35   9  49   8  51  12  32   3  45   4
 27 37   7  35   5  46   4  41   6  41   6  39   7  36  13  37   6  44  10  44   7  36   2  39   7
 28 35   4  46   5  47   5  51   5  41   6  36   5  32  11  41   5  48   3  48   6  40   2  31   4
 29 40   8  **  **  47   5  47   3  40   7  34   7  39   9  50  11  44   6  45   4  42   3  43   4
 30 41   6  **  **  48   5  49   5  42   9  38  10  37  12  39  11  49   7  44   3  38   4  37   2
 31 46   6  **  **  48   5  **  **  36   8  **  **  40   7  43   7  **  **  44   5  **  **  35   2
 
 DAILY  MEAN  HIGHS AND LOWS OCCURRING DURING 1951-1999 FOR STATION NUMBER 3718
     JAN     FEB    MARCH   APRIL    MAY     JUNE    JULY    AUG     SEPT    OCT     NOV     DEC
 DY MX  MN  MX  MN  MX  MN  MX  MN  MX  MN  MX  MN  MX  MN  MX  MN  MX  MN  MX  MN  MX  MN  MX  MN
  1 27   9  28   8  39  18  54  31  65  40  74  52  84  61  85  61  79  57  71  43  53  32  37  18
  2 29   8  27   7  37  19  54  31  68  42  76  51  85  62  85  62  81  57  70  43  51  29  37  18
  3 27   6  28   8  36  17  53  30  69  42  78  53  84  61  85  62  80  58  69  43  50  29  36  18
  4 25   5  29   9  37  18  52  29  70  44  78  55  85  63  83  61  79  56  68  41  49  26  38  17
  5 25   4  29   9  38  17  55  30  69  45  80  56  84  61  83  60  79  55  68  43  50  28  37  17
  6 26   6  29   9  38  17  58  31  69  43  80  56  85  62  83  61  80  55  66  42  49  27  33  15
  7 24   3  30   9  36  15  59  33  69  44  80  58  86  63  84  61  81  54  67  40  49  26  33  15
  8 24   3  29   9  37  18  56  33  69  45  80  56  85  63  83  61  79  55  66  40  50  27  32  13
  9 23   4  31   9  39  19  54  32  70  46  79  56  84  61  83  60  78  55  65  39  47  27  33  12
 10 23   2  31  12  42  20  58  32  71  46  80  56  85  62  84  59  79  52  66  39  49  24  32  12
 11 25   5  31   9  42  22  58  33  71  45  80  58  85  64  82  58  78  52  67  41  46  25  32  12
 12 27   7  32  11  41  22  56  34  70  44  81  58  85  64  83  60  76  52  67  41  46  23  31  11
 13 28   5  33  11  42  23  57  33  70  44  82  58  86  63  83  61  75  52  66  42  47  25  32  12
 14 27   6  32  13  43  22  60  35  73  47  83  59  85  63  83  59  73  49  65  40  45  24  30  11
 15 25   5  32  13  42  22  63  35  72  47  82  59  85  62  83  60  73  48  65  38  46  25  30  11
 16 27   4  32  12  44  22  63  37  74  48  81  57  87  62  84  61  72  49  64  38  45  24  31   9
 17 27   6  35  12  44  24  62  37  75  50  81  59  87  64  84  61  74  50  63  38  45  24  30  11
 18 27   7  34  16  45  25  63  37  73  50  82  59  88  65  83  61  75  51  60  36  43  24  31  10
 19 26   5  34  13  45  26  63  39  74  49  83  59  87  65  83  60  74  49  61  35  44  23  29   9
 20 25   5  35  15  46  25  63  39  75  49  82  59  86  64  83  59  72  48  61  35  43  24  27   8
 21 27   6  35  14  45  22  63  38  75  50  83  59  85  63  83  60  71  47  61  35  42  23  27   9
 22 29   8  35  14  47  24  63  39  75  52  82  60  85  63  84  60  69  43  62  39  41  22  30  11
 23 27   6  36  15  46  25  65  38  74  51  82  59  85  62  82  60  69  43  59  34  40  21  28  10
 24 28   9  35  14  47  25  65  38  74  51  83  59  85  63  82  59  71  44  60  35  41  20  29   9
 25 26   8  38  15  47  26  67  41  75  51  85  61  86  62  84  59  72  44  59  34  42  21  29  10
 26 24   5  39  17  48  26  67  42  73  52  84  60  86  63  84  61  73  45  60  34  38  20  30   9
 27 26   5  38  20  53  28  66  41  74  51  85  61  85  63  84  61  71  44  60  34  36  18  30  11
 28 26   6  38  18  51  30  65  39  75  52  86  62  84  62  83  60  70  44  56  31  35  16  30  12
 29 28   6  **  **  48  30  65  41  76  53  86  63  85  61  84  61  71  44  57  31  36  17  29   9
 30 28   6  **  **  52  29  65  40  77  53  84  61  85  62  83  61  72  43  56  33  36  17  28   7
 31 29   6  **  **  54  30  **  **  76  52  **  **  84  62  81  58  **  **  55  31  **  **  27   7
  
  # OF DAYS EACH YEAR WHERE MIN >=32 F  1951-1999 FOR STATION # 3718
   51  52  53  54  55  56  57  58  59  60  61  62  63  64  65  66  67  68  69  70
  199 189 207 207 210 196 202 205 204 208 198 203 218 210 206 204 198 212 195 204
 
   71  72  73  74  75  76  77  78  79  80  81  82  83  84  85  86  87  88  89  90
  204 197 211 208 202 199 222 205 194 197 220 216 210 204 207 211 214 199 193 207
 
   91  92  93  94  95  96  97  98  99
  204 204 187 207 191 184 186 213 197
  
 MEAN=204
 
 LENGTH OF SEASON FOR STATION NUMBER 3718   BASE TEMP=32
 LAST SPRING OCCURENCE FIRST FALL OCCURENCE  LENGTH OF SEASON
   YEAR MONTH DAY DOY         MONTH DAY DOY
   1951   4    26 116           9    28 271          155
   1952   5    12 133           9    23 267          134
   1953   5    14 134           9    22 265          131
   1954   5    10 130           9    22 265          135
   1955   5     8 128           9    11 254          126
   1956   5     4 125           9    30 274          149
   1957   5     5 125          10    18 291          166
   1958   4    29 119           9    28 271          152
   1959   5    15 135          10     8 281          146
   1960   5     8 129          10    16 290          161
   1961   5     9 129           9    28 271          142
   1962   4    19 109           9    20 263          154
   1963   5    23 143          10    28 301          158
   1964   4    22 113          10     9 283          170
   1965   4    27 117           9    24 267          150
   1966   5     9 129          10     5 278          149
   1967   5     9 129           9    28 271          142
   1968   5    12 133          10     4 278          145
   1969   5    12 132          10     8 281          149
   1970   5     2 122          10     9 282          160
   1971   5    12 132           9    19 262          130
   1972   4    25 116           9    30 274          158
   1973   5    16 136           9    18 261          125
   1974   5     3 123           9     3 246          123
   1975   5     1 121           9    22 265          144
   1976   5     6 127           9    28 272          145
   1977   4     8  98          10     3 276          178
   1978   5     3 123          10     7 280          157
   1979   5     4 124          10     9 282          158
   1980   5     9 130           9    26 270          140
   1981   5    11 131           9    17 260          129
   1982   4    21 111          10    16 289          178
   1983   5    15 135           9    21 264          129
   1984   5     8 129           9    26 270          141
   1985   4    11 101           9    24 267          166
   1986   5     2 122           9     7 250          128
   1987   4    23 113          10     3 276          163
   1988   4    28 119          10     4 278          159
   1989   5     7 127           9    23 266          139
   1990   5     1 121           9    23 266          145
   1991   5     7 127           9    19 262          135
   1992   4    27 118           9    29 273          155
   1993   5    20 140           9    15 258          118
   1994   5     1 121          10    25 298          177
   1995   5     3 123           9    22 265          142
   1996   5     1 122          10     3 277          155
   1997   5    16 136          10    20 293          157
   1998   4    22 112          10     1 274          162
   1999   4    19 109           9    21 264          155
             MEAN=124              MEAN=272     MEAN=148
 
 LENGTH OF SEASON FOR STATION NUMBER 3718   BASE TEMP=30
 LAST SPRING OCCURENCE FIRST FALL OCCURENCE  LENGTH OF SEASON
   YEAR MONTH DAY DOY         MONTH DAY DOY
   1951   4    23 113           9    28 271          158
   1952   4    11 102          10     4 278          176
   1953   5    14 134          10     4 277          143
   1954   5     9 129          10    16 289          160
   1955   3    28  87          10     8 281          194
   1956   5     1 122           9    30 274          152
   1957   4    14 104          10    18 291          187
   1958   4    29 119          10     1 274          155
   1959   5    15 135          10     9 282          147
   1960   5     1 122          10    19 293          171
   1961   5     9 129           9    28 271          142
   1962   4    19 109          10    20 293          184
   1963   5    22 142          10    29 302          160
   1964   4     9 100          10     9 283          183
   1965   4    27 117           9    26 269          152
   1966   5     9 129          10     5 278          149
   1967   5     4 124           9    28 271          147
   1968   5     5 126          10     4 278          152
   1969   5    12 132          10     8 281          149
   1970   5     2 122          10    10 283          161
   1971   5    12 132           9    19 262          130
   1972   4    25 116           9    30 274          158
   1973   5    16 136          10    29 302          166
   1974   4    23 113           9    22 265          152
   1975   4    20 110           9    25 268          158
   1976   5     3 124          10     6 280          156
   1977   4     8  98          10     3 276          178
   1978   5     3 123          10     7 280          157
   1979   5     4 124          10    13 286          162
   1980   5     9 130          10     3 277          147
   1981   5    11 131          10     2 275          144
   1982   4    21 111          10    16 289          178
   1983   5    15 135           9    21 264          129
   1984   5     1 122           9    26 270          148
   1985   4    10 100          10    10 283          183
   1986   4    22 112          10     6 279          167
   1987   4    23 113          10     3 276          163
   1988   4    28 119          10     4 278          159
   1989   5     7 127           9    23 266          139
   1990   5     1 121          10     9 282          161
   1991   5     7 127           9    19 262          135
   1992   4    27 118          10    17 291          173
   1993   4    26 116          10     9 282          166
   1994   5     1 121          10    25 298          177
   1995   4    24 114           9    22 265          151
   1996   5     1 122          10     3 277          155
   1997   5    15 135          10    20 293          158
   1998   4    19 109          10     1 274          165
   1999   4    18 108           9    21 264          156
             MEAN=119              MEAN=278     MEAN=159
 
 LENGTH OF SEASON FOR STATION NUMBER 3718   BASE TEMP=28
 LAST SPRING OCCURENCE FIRST FALL OCCURENCE  LENGTH OF SEASON
   YEAR MONTH DAY DOY         MONTH DAY DOY
   1951   4    23 113           9    28 271          158
   1952   4    11 102          10     5 279          177
   1953   4    20 110          10    26 299          189
   1954   5     5 125          10    30 303          178
   1955   3    28  87          10    15 288          201
   1956   4    30 121          10    23 297          176
   1957   4    14 104          10    18 291          187
   1958   4    29 119          10    11 284          165
   1959   4    13 103          10    11 284          181
   1960   5     1 122          10    19 293          171
   1961   5     2 122           9    28 271          149
   1962   4    17 107          10    20 293          186
   1963   5    22 142          10    29 302          160
   1964   4     9 100          10     9 283          183
   1965   4    27 117           9    26 269          152
   1966   5     9 129          10    16 289          160
   1967   5     4 124           9    28 271          147
   1968   5     5 126          10     4 278          152
   1969   5    12 132          10     8 281          149
   1970   5     2 122          10    10 283          161
   1971   5     3 123          10    31 304          181
   1972   4    15 106          10    15 289          183
   1973   5    16 136          10    29 302          166
   1974   4    16 106           9    22 265          159
   1975   4    20 110          10     1 274          164
   1976   5     3 124          10     6 280          156
   1977   4     6  96          10     6 279          183
   1978   5     2 122          10     7 280          158
   1979   5     4 124          10    13 286          162
   1980   5     8 129          10     3 277          148
   1981   5    11 131          10     2 275          144
   1982   4    21 111          10    20 293          182
   1983   4    24 114           9    23 266          152
   1984   4     6  97           9    26 270          173
   1985   4     9  99          10    10 283          184
   1986   4    22 112          10    13 286          174
   1987   4     7  97          10     3 276          179
   1988   4    19 110          10     4 278          168
   1989   4    19 109           9    23 266          157
   1990   4    17 107          10    10 283          176
   1991   4    10 100           9    19 262          162
   1992   4    27 118          10    17 291          173
   1993   4    21 111          10     9 282          171
   1994   5     1 121          10    25 298          177
   1995   4    13 103           9    22 265          162
   1996   5     1 122          10     3 277          155
   1997   5    13 133          10    20 293          160
   1998   4    18 108          11     4 308          200
   1999   4    18 108          10     2 275          167
             MEAN=114              MEAN=283     MEAN=168
 
 LENGTH OF SEASON FOR STATION NUMBER 3718   BASE TEMP=26
 LAST SPRING OCCURENCE FIRST FALL OCCURENCE  LENGTH OF SEASON
   YEAR MONTH DAY DOY         MONTH DAY DOY
   1951   4    19 109           9    28 271          162
   1952   4    10 101          10     5 279          178
   1953   4    20 110          10    28 301          191
   1954   5     5 125          10    31 304          179
   1955   3    28  87          10    15 288          201
   1956   4    30 121          10    23 297          176
   1957   4    14 104          10    25 298          194
   1958   4    29 119          10    26 299          180
   1959   4    13 103          10    12 285          182
   1960   4    10 101          10    19 293          192
   1961   5     2 122          10     1 274          152
   1962   4    15 105          10    25 298          193
   1963   5    22 142          10    29 302          160
   1964   4     8  99          10     9 283          184
   1965   3    30  89          10    24 297          208
   1966   4    21 111          10    16 289          178
   1967   5     4 124          10    11 284          160
   1968   4     6  97          10     4 278          181
   1969   4     6  96          10    14 287          191
   1970   4     4  94          10    10 283          189
   1971   4    14 104          10    31 304          200
   1972   4     8  99          10    15 289          190
   1973   4    12 102          10    29 302          200
   1974   4    16 106          10     1 274          168
   1975   4    12 102          10    29 302          200
   1976   4     4  95          10     6 280          185
   1977   4     6  96          10    16 289          193
   1978   5     2 122          10     7 280          158
   1979   4    28 118          10    13 286          168
   1980   5     8 129          10    12 286          157
   1981   3    23  82          10    22 295          213
   1982   4    11 101          10    21 294          193
   1983   4    15 105           9    23 266          161
   1984   4     5  96           9    26 270          174
   1985   4     9  99          10    30 303          204
   1986   4    22 112          10    13 286          174
   1987   4     5  95          10     3 276          181
   1988   4    19 110          10     5 279          169
   1989   4    15 105          10     7 280          175
   1990   4    17 107          10    10 283          176
   1991   4    10 100           9    19 262          162
   1992   4    27 118          10    17 291          173
   1993   4    21 111          10    10 283          172
   1994   5     1 121          10    26 299          178
   1995   4     5  95          11     2 306          211
   1996   5     1 122          10    28 302          180
   1997   5     1 121          10    21 294          173
   1998   4     4  94          11     4 308          214
   1999   4    18 108          10    20 293          185
             MEAN=106              MEAN=288     MEAN=182
 
 LENGTH OF SEASON FOR STATION NUMBER 3718   BASE TEMP=24
 LAST SPRING OCCURENCE FIRST FALL OCCURENCE  LENGTH OF SEASON
   YEAR MONTH DAY DOY         MONTH DAY DOY
   1951   4    19 109          10    27 300          191
   1952   4    10 101          10     7 281          180
   1953   4    20 110          11     4 308          198
   1954   4     4  94          10    31 304          210
   1955   3    28  87          10    24 297          210
   1956   4    24 115          11     8 313          198
   1957   4    14 104          10    25 298          194
   1958   4    29 119          10    28 301          182
   1959   4    13 103          10    17 290          187
   1960   4     9 100          10    19 293          193
   1961   5     2 122          10    26 299          177
   1962   4    15 105          10    25 298          193
   1963   4     4  94          10    29 302          208
   1964   3    31  91          10     9 283          192
   1965   3    30  89          11     4 308          219
   1966   4    21 111          11     1 305          194
   1967   5     3 123          10    11 284          161
   1968   4     6  97          10     4 278          181
   1969   3    31  90          10    17 290          200
   1970   4     4  94          10    10 283          189
   1971   4    14 104          10    31 304          200
   1972   4     8  99          10    18 292          193
   1973   4    12 102          10    29 302          200
   1974   4    16 106          10     1 274          168
   1975   4     3  93          10    29 302          209
   1976   4     1  92          10    16 290          198
   1977   4     6  96          10    16 289          193
   1978   4    21 111          10     7 280          169
   1979   4     6  96          10    13 286          190
   1980   4    14 105          10    12 286          181
   1981   3    23  82          10    22 295          213
   1982   4     9  99          10    21 294          195
   1983   4    15 105          10    14 287          182
   1984   3    24  84           9    26 270          186
   1985   4     9  99          10    30 303          204
   1986   4    14 104          10    13 286          182
   1987   4     5  95          10     3 276          181
   1988   4    19 110          10     5 279          169
   1989   4    15 105          10     7 280          175
   1990   4    17 107          10    10 283          176
   1991   4    10 100           9    19 262          162
   1992   4    27 118          10    18 292          174
   1993   4     4  94          10    30 303          209
   1994   4    29 119          10    26 299          180
   1995   4     5  95          11     2 306          211
   1996   4    30 121          10    30 304          183
   1997   4    18 108          10    26 299          191
   1998   3    22  81          11     4 308          227
   1999   4     5  95          10    20 293          198
             MEAN=101              MEAN=292     MEAN=190
 
 THESE ARE THE MONTHLY AVG. MAX TEMPS 1951-1999 FOR STATION #3718
 YEAR    JAN   FEB  MARCH APRIL  MAY  JUNE  JULY AUGUST SEPT   OCT   NOV   DEC   ANN
  
 1951   28.7  38.3  33.6  54.5  72.6  74.3  82.3  81.1  69.6  61.8  40.5  26.7  55.3
 1952   26.9  37.2  37.0  61.3  71.0  87.5  85.9  83.1  78.8  64.1  48.1  33.0  59.5
 1953   29.3  35.8  46.2  53.8  70.9  84.5  86.4  84.5  77.9  71.6  51.4  35.1  60.6
 1954   26.5  47.4  39.3  65.4  67.8  81.8  88.6  82.7  75.8  59.2  53.6  34.4  60.2
 1955   31.9  27.3  43.8  71.8  78.2  77.8  92.1  93.8  80.4  69.2  40.2  24.6  60.9
 1956   23.9  30.6  44.1  58.9  74.9  90.3  86.2  86.2  80.4  73.1  44.9  38.5  61.0
 1957   23.7  37.9  45.2  60.6  69.4  79.7  89.7  83.2  72.8  58.2  43.3  42.3  58.8
 1958   35.5  30.7  41.5  60.4  78.2  78.3  81.3  89.7  80.7  70.1  51.2  33.0  60.9
 1959   25.1  29.7  46.3  63.5  74.5  84.8  86.0  88.1  75.4  58.2  36.5  39.5  59.0
 1960   26.1  25.5  29.5  60.3  72.2  77.4  86.1  84.8  75.4  66.4  50.7  33.8  57.3
 1961   30.4  37.6  45.5  56.8  70.1  81.8  86.1  85.2  73.7  67.6  45.3  27.7  59.0
 1962   26.1  28.3  33.9  60.8  76.4  78.1  81.9  83.1  72.5  67.2  51.9  36.5  58.1
 1963   20.2  34.1  52.6  66.3  73.2  86.2  88.0  83.5  78.0  74.8  53.7  25.7  61.4
 1964   37.0  39.5  41.6  61.7  77.8  82.7  90.5  80.9  73.5  65.9  49.4  28.5  60.8
 1965   26.5  29.8  32.1  63.0  76.8  80.5  84.5  82.7  65.6  68.6  47.2  40.7  58.2
 1966   21.4  32.5  53.1  55.4  72.9  81.8  89.4  80.2  73.7  65.6  46.0  32.1  58.7
 1967   30.1  32.9  53.5  63.0  69.3  78.4  84.7  83.4  77.2  63.3  47.2  35.2  59.8
 1968   30.7  32.9  59.8  65.1  68.9  86.4  84.8  86.5  76.1  65.7  46.6  28.1  61.0
 1969   20.8  31.9  34.9  63.8  74.2  77.7  85.6  84.4  75.5  54.8  47.3  30.3  56.8
 1970   19.6  35.4  38.8  61.0  75.8  83.9  87.5  86.5  74.8  58.5  44.1  31.0  58.1
 1971   21.0  31.9  44.2  63.7  71.5  85.4  82.9  85.3  76.6  66.4  46.1  30.5  58.8
 1972   24.1  27.0  44.6  59.2  71.7  83.1  83.2  82.0  73.8  58.8  40.8  24.8  56.1
 1973   29.0  32.8  49.5  61.0  72.3  84.1  84.9  87.6  72.0  67.0  47.1  27.8  59.6
 1974   27.6  39.6  49.5  63.4  71.1  80.3  90.8  78.9  73.1  67.4  45.6  33.5  60.1
 1975   28.5  26.7  37.3  52.0  77.4  79.2  88.8  83.5  70.7  68.9  46.3  31.0  57.5
 1976   29.1  42.2  47.0  65.9  73.3  84.5  88.8  88.0  78.2  58.2  41.6  32.8  60.8
 1977   19.5  40.8  49.5  68.4  79.4  85.4  89.1  82.0  75.2  62.0  43.5  29.2  60.3
 1978   15.7  20.1  43.3  57.1  72.8  83.6  85.7  84.3  81.2  64.0  43.0  26.8  56.5
 1979   12.7  19.9  38.8  57.9  70.0  82.9  85.3  81.4  77.6  62.9  41.5  40.6  56.0
 1980   29.9  27.6  43.0  65.0  74.8  83.8  89.6  84.1  78.9  61.5  51.2  32.5  60.2
 1981   36.4  37.0  53.2  69.4  71.5  83.9  83.5  81.2  79.1  60.1  49.9  28.8  61.2
 1982   15.9  31.0  42.3  58.7  71.7  78.0  86.8  83.1  72.7  62.4  41.9  35.3  56.7
 1983   31.0  33.3  41.6  51.4  69.1  78.8  88.5  91.0  78.1  61.2  41.3  12.7  56.5
 1984   26.7  37.6  34.5  55.3  69.1  80.7  84.1  86.0  72.9  61.2  48.3  34.3  57.6
 1985   26.4  31.8  50.9  65.9  75.6  79.3  84.7  79.1  70.3  61.2  31.6  22.8  56.6
 1986   35.2  30.0  50.8  62.4  73.1  83.7  88.2  80.1  72.5  62.0  41.3  37.5  59.7
 1987   36.3  47.0  51.0  70.9  79.4  86.8  88.2  80.6  76.6  59.9  49.5  34.3  63.4
 1988   24.3  28.6  51.0  64.2  80.2  90.0  89.5  88.8  77.4  59.9  45.8  36.1  61.3
 1989   39.3  25.2  43.6  65.0  75.2  81.7  88.2  83.9  74.2  66.6  45.3  22.7  59.2
 1990   40.5  38.2  50.4  63.4  70.3  84.9  84.4  84.6  81.5  64.8  49.9  27.7  61.7
 1991   25.1  43.0  52.2  64.0  74.3  84.2  84.8  85.1  76.2  62.8  34.9  35.2  60.1
 1992   38.5  40.4  49.4  56.8  74.5  80.4  76.6  77.0  74.1  62.1  38.2  30.8  58.3
 1993   25.4  24.0  38.7  56.4  69.3  77.3  80.3  81.3  67.5  59.8  39.5  30.9  54.2
 1994   16.6  22.9  47.8  60.3  74.2  81.0  80.0  80.1  76.6  63.5  47.3  30.4  56.7
 1995   24.0  34.0  41.8  51.4  64.4  78.7  85.4  85.4  71.1  58.5  37.1  31.8  55.3
 1996   21.7  33.5  37.8  56.0  63.8  80.3  80.5  80.3  69.8  63.2  33.1  20.5  53.4
 1997   19.1  29.8  43.2  53.8  64.0  82.7  84.1  81.2  76.8  64.3  38.7  34.5  56.0
 1998   28.0  41.5  36.7  59.0  76.2  75.8  83.5  81.9  83.1  64.2  46.0  38.0  59.5
 1999   24.5  40.1  46.5  57.8  70.9  76.3  86.4  82.0  74.4  64.7  56.8  37.3  59.8
 MEANS  26.8  33.3  44.1  60.9  72.8  81.9  85.8  83.7  75.3  63.7  44.9  31.6  58.7
 
 THESE ARE THE MONTHLY AVG. MIN TEMPS 1951-1999 FOR STATION #3718
 YEAR    JAN   FEB  MARCH APRIL  MAY  JUNE  JULY AUGUST SEPT   OCT   NOV   DEC   ANN
  
 1951    5.2  16.0  14.7  33.8  48.9  54.0  60.7  60.0  46.9  38.8  20.3   8.1  34.0
 1952    6.1  21.4  21.3  38.1  46.9  61.5  61.5  59.1  50.6  30.4  23.6  15.3  36.3
 1953    9.5  17.9  26.0  32.7  47.2  61.4  63.5  61.7  49.5  41.3  27.5  14.6  37.7
 1954    3.6  25.8  22.3  38.3  42.0  61.5  64.6  61.5  53.1  40.3  28.1  17.5  38.2
 1955   11.3   6.4  19.8  43.1  49.5  56.2  68.3  65.5  51.9  38.7  16.6   7.4  36.2
 1956    5.2   6.9  21.5  30.9  49.6  63.3  60.7  60.8  48.1  44.1  25.2  16.5  36.1
 1957    1.4  15.9  23.5  35.5  47.9  56.9  68.0  61.9  49.8  39.8  27.4  21.3  37.4
 1958   14.9   6.4  24.1  36.5  48.4  53.7  60.4  61.5  52.6  39.5  24.6   8.8  35.9
 1959    3.0   5.7  26.7  35.4  50.5  61.4  61.1  66.5  51.7  35.7  16.6  23.7  36.5
 1960    9.4   8.8  10.1  37.8  45.8  56.5  62.0  62.6  52.8  37.4  26.8  12.7  35.2
 1961    6.1  14.8  28.1  33.0  45.5  57.1  60.0  61.2  50.0  39.1  23.8   7.3  35.5
 1962    3.9  11.1  18.1  34.4  54.4  58.8  61.8  60.5  47.6  41.4  29.8  14.3  36.3
 1963   -0.1  10.9  29.1  38.9  48.0  62.3  65.6  61.8  55.4  47.9  28.4   3.9  37.7
 1964   13.6  16.2  17.7  38.3  51.3  58.2  65.6  57.7  51.6  38.4  25.2   7.7  36.8
 1965    4.0   5.5  15.0  36.8  51.2  59.7  62.9  60.1  46.5  40.6  24.6  21.6  35.7
 1966    0.0  11.4  26.8  33.6  43.1  58.5  66.6  57.9  49.9  37.6  22.9  12.3  35.0
 1967    9.3   8.4  28.1  36.7  43.7  58.5  60.0  57.1  49.2  36.9  23.2  16.2  35.6
 1968    8.4  11.7  27.0  36.1  41.9  59.1  62.1  61.5  50.5  39.8  25.9  10.5  36.2
 1969    1.4  14.1  14.4  37.2  49.1  50.9  62.8  59.9  49.4  34.3  24.2  12.2  34.2
 1970   -2.3  12.6  20.5  35.9  51.1  60.1  62.9  61.6  51.8  38.8  26.5   7.7  35.6
 1971    3.7  13.3  22.3  37.5  44.9  62.1  59.2  58.5  49.3  43.1  25.1  12.7  36.0
 1972    2.6   2.8  23.4  34.7  50.8  59.5  60.5  60.9  48.8  35.9  27.3   7.3  34.5
 1973   11.0  15.0  32.5  35.9  46.2  59.0  63.8  63.5  51.4  43.0  27.3  11.0  38.3
 1974    5.4  15.9  25.8  38.2  47.8  55.2  65.8  57.2  44.9  39.6  26.0  14.4  36.4
 1975    7.8   9.7  18.5  35.5  50.5  58.8  64.3  64.2  47.8  40.2  22.6  16.2  36.3
 1976    8.6  20.6  25.0  41.2  45.2  57.9  63.9  61.7  51.1  32.9  17.4   5.8  35.9
 1977   -2.6  15.0  29.6  42.8  56.8  60.0  66.4  58.0  53.9  37.2  24.7  10.5  37.7
 1978   -4.9   0.2  21.0  38.1  47.9  58.1  62.8  61.4  55.4  37.6  22.0   7.3  33.9
 1979   -8.2   0.1  20.3  33.2  45.1  57.8  63.3  61.5  51.8  37.5  22.8  19.0  33.7
 1980   10.5  11.2  22.4  36.0  47.0  59.8  63.9  63.4  50.7  36.0  26.4  11.6  36.6
 1981   11.1  14.3  26.0  41.9  46.1  59.1  64.4  60.8  48.9  38.7  30.9  11.2  37.8
 1982   -5.4   9.0  24.0  34.9  53.4  54.0  64.8  63.4  52.7  40.7  23.7  17.2  36.0
 1983   13.3  20.6  27.2  33.9  44.9  59.1  68.9  68.3  53.4  40.9  30.5  -4.7  38.0
 1984   10.0  20.9  18.8  36.6  48.1  61.5  63.7  64.2  47.0  41.0  27.4  12.4  37.6
 1985    3.9  10.4  28.6  41.5  53.0  57.4  61.4  58.4  53.3  38.5  16.3   0.0  35.2
 1986   14.6  13.1  29.6  38.7  53.5  62.8  66.3  56.4  52.4  39.2  19.5  16.1  38.5
 1987   14.5  21.5  29.5  37.7  52.8  59.0  64.9  58.6  49.2  32.0  29.9  19.7  39.1
 1988    1.0   6.9  26.0  34.1  53.3  62.4  63.1  61.9  51.7  33.5  26.7  14.3  36.2
 1989   16.8   2.7  21.6  35.8  45.2  55.0  64.9  59.8  48.6  35.5  19.2   2.3  33.9
 1990   17.0  15.4  28.7  34.6  45.9  58.8  60.5  61.3  53.6  35.9  26.4   7.5  37.1
 1991    4.7  19.6  26.4  39.6  53.2  63.8  62.0  60.5  50.9  34.2  17.7  18.0  37.5
 1992   18.5  24.2  27.3  33.9  47.2  55.4  57.3  55.8  50.0  37.7  25.6  13.2  37.2
 1993    5.8   8.8  21.1  34.0  47.3  56.1  62.4  60.4  44.7  34.9  19.4  13.4  34.0
 1994   -2.1   0.6  23.7  31.3  47.8  59.7  57.2  55.6  51.4  39.4  26.0  12.8  33.6
 1995    9.4  14.6  23.3  31.7  42.9  57.9  60.3  63.5  46.3  36.8  18.7  16.0  35.1
 1996    2.9  11.9  14.1  28.7  45.5  57.7  57.8  58.0  48.5  35.0  17.5   4.9  31.9
 1997    0.2  11.5  22.1  28.7  40.3  57.3  62.9  58.7  49.3  38.0  20.4  18.6  34.0
 1998   12.8  24.3  20.8  34.9  51.2  54.2  62.4  61.6  52.0  39.9  28.3  14.7  38.1
 1999    6.7  19.9  23.1  37.5  47.6  56.8  64.3  58.1  45.6  33.0  27.7  14.2  36.2
 MEANS   6.2  12.7  23.2  36.0  48.1  58.5  62.9  60.7  50.3  38.1  24.2  12.2  36.1
 
 THESE ARE THE MONTHLY AVG. MEAN TEMPS 1951-1999 FOR STATION #3718
 YEAR    JAN   FEB  MARCH APRIL  MAY  JUNE  JULY AUGUST SEPT   OCT   NOV   DEC   ANN
  
 1951   17.0  27.1  24.2  44.2  60.8  64.2  71.5  70.5  58.3  50.3  30.4  17.4  44.6
 1952   16.5  29.3  29.1  49.7  59.0  74.5  73.7  71.1  64.7  47.2  35.8  24.1  47.9
 1953   19.4  26.8  36.1  43.2  59.0  72.9  74.9  73.1  63.7  56.5  39.4  24.9  49.2
 1954   15.0  36.6  30.8  51.8  54.9  71.7  76.6  72.1  64.5  49.7  40.8  26.0  49.2
 1955   21.6  16.8  31.8  57.5  63.9  67.0  80.2  79.6  66.2  54.0  28.4  16.0  48.6
 1956   14.5  18.7  32.8  44.9  62.3  76.8  73.4  73.5  64.3  58.6  35.0  27.5  48.5
 1957   12.5  26.9  34.3  48.1  58.6  68.3  78.8  72.5  61.3  49.0  35.3  31.8  48.1
 1958   25.2  18.6  32.8  48.4  63.3  66.0  70.8  75.6  66.7  54.8  37.9  20.9  48.4
 1959   14.1  17.7  36.5  49.4  62.5  73.1  73.5  77.3  63.5  47.0  26.5  31.6  47.7
 1960   17.8  17.1  19.8  49.1  59.0  66.9  74.0  73.7  64.1  51.9  38.8  23.3  46.3
 1961   18.3  26.2  36.8  44.9  57.8  69.4  73.1  73.2  61.9  53.4  34.6  17.5  47.3
 1962   15.0  19.7  26.0  47.6  65.4  68.4  71.9  71.8  60.1  54.3  40.8  25.4  47.2
 1963   10.1  22.5  40.8  52.6  60.6  74.3  76.8  72.7  66.7  61.4  41.0  14.8  49.5
 1964   25.3  27.9  29.6  50.0  64.5  70.4  78.1  69.3  62.6  52.2  37.3  18.1  48.8
 1965   15.2  17.7  23.5  49.9  64.0  70.1  73.7  71.4  56.0  54.6  35.9  31.1  46.9
 1966   10.7  21.9  40.0  44.5  58.0  70.2  78.0  69.1  61.8  51.6  34.5  22.2  46.9
 1967   19.7  20.7  40.8  49.8  56.5  68.5  72.3  70.2  63.2  50.1  35.2  25.7  47.7
 1968   19.5  22.3  43.4  50.6  55.4  72.7  73.4  74.0  63.3  52.7  36.3  19.3  48.6
 1969   11.1  23.0  24.7  50.5  61.7  64.3  74.2  72.1  62.4  44.6  35.8  21.2  45.5
 1970    8.6  24.0  29.6  48.5  63.4  72.0  75.2  74.1  63.3  48.7  35.3  19.4  46.8
 1971   12.3  22.6  33.2  50.6  58.2  73.8  71.0  71.9  63.0  54.7  35.6  21.6  47.4
 1972   13.4  14.9  34.0  46.9  61.2  71.3  71.8  71.5  61.3  47.3  34.0  16.0  45.3
 1973   20.0  23.9  41.0  48.5  59.2  71.6  74.4  75.5  61.7  55.0  37.2  19.4  48.9
 1974   16.5  27.8  37.6  50.8  59.4  67.8  78.3  68.1  59.0  53.5  35.8  23.9  48.2
 1975   18.1  18.2  27.9  43.8  63.9  69.0  76.5  73.9  59.3  54.5  34.4  23.6  46.9
 1976   18.9  31.4  36.0  53.5  59.2  71.2  76.4  74.9  64.6  45.6  29.5  19.3  48.4
 1977    8.4  27.9  39.6  55.6  68.1  72.7  77.7  70.0  64.6  49.6  34.1  19.8  49.0
 1978    5.4  10.1  32.1  47.6  60.4  70.9  74.3  72.8  68.3  50.8  32.5  17.0  45.2
 1979    2.3  10.0  29.5  45.6  57.5  70.3  74.3  71.4  64.7  50.2  32.2  29.8  44.8
 1980   20.2  19.4  32.7  50.5  60.9  71.8  76.8  73.8  64.8  48.8  38.8  22.0  48.4
 1981   23.7  25.7  39.6  55.6  58.8  71.5  74.0  71.0  64.0  49.4  40.4  20.0  49.5
 1982    5.3  20.0  33.1  46.8  62.6  66.0  75.8  73.2  62.7  51.5  32.8  26.2  46.3
 1983   22.1  27.0  34.4  42.7  57.0  68.9  78.7  79.6  65.7  51.0  35.9   4.0  47.3
 1984   18.4  29.2  26.7  45.9  58.6  71.1  73.9  75.1  59.9  51.1  37.9  23.3  47.6
 1985   15.2  21.1  39.7  53.7  64.3  68.3  73.0  68.8  61.8  49.8  24.0  11.4  45.9
 1986   24.9  21.6  40.2  50.5  63.3  73.3  77.3  68.3  62.4  50.6  30.4  26.8  49.1
 1987   25.4  34.3  40.3  54.3  66.1  72.9  76.5  69.6  62.9  46.0  39.7  27.0  51.2
 1988   12.7  17.8  38.5  49.2  66.7  76.2  76.3  75.4  64.6  46.7  36.3  25.2  48.8
 1989   28.0  13.9  32.6  50.4  60.2  68.3  76.5  71.9  61.4  51.1  32.2  12.5  46.6
 1990   28.8  26.8  39.6  49.0  58.1  71.8  72.5  72.9  67.5  50.4  38.2  17.6  49.4
 1991   14.9  31.3  39.3  51.8  63.7  74.0  73.4  72.8  63.5  48.5  26.3  26.6  48.8
 1992   28.5  32.3  38.4  45.4  60.8  67.9  67.0  66.4  62.0  49.9  31.9  22.0  47.7
 1993   15.6  16.4  29.9  45.2  58.3  66.7  71.4  70.8  56.1  47.4  29.5  22.1  44.1
 1994    7.3  11.8  35.7  45.8  61.0  70.4  68.6  67.9  64.0  51.5  36.7  21.6  45.2
 1995   16.7  24.3  32.5  41.5  53.7  68.3  72.8  74.4  58.7  47.7  27.9  23.9  45.2
 1996   12.3  22.7  25.9  42.4  54.7  69.0  69.2  69.1  59.2  49.1  25.3  12.7  42.6
 1997    9.6  20.6  32.6  41.2  52.2  70.0  73.5  70.0  63.0  51.2  29.5  26.5  45.0
 1998   20.4  32.9  28.8  47.0  63.7  65.0  72.9  71.7  67.5  52.0  37.2  26.3  48.8
 1999   15.6  30.0  34.8  47.7  59.3  66.6  75.3  70.1  60.0  48.8  42.3  25.7  48.0
 MEANS  16.5  23.0  33.7  48.5  60.4  70.2  74.4  72.2  62.8  50.9  34.6  21.9  47.4
 
 THESE ARE THE MONTHLY PRECIP TOTALS AND NUMBER OF MISSING DAYS 1951-1999 FOR STATION #3718
 YEAR    JAN   FEB  MARCH APRIL  MAY  JUNE  JULY AUGUST SEPT   OCT   NOV   DEC   ANN
  
 1951   0.08  2.56  2.16  3.52  4.98  5.40  4.29  8.26  4.24  2.23  0.39  1.10 39.21
           0     0     0     0     0     0     0     0     0     0     0     0     0
 1952   0.81  0.79  2.01  0.95  2.60  2.22  6.26  5.60  0.53  0.00  0.55  0.73 23.05
           0     0     0     0     0     0     0     0     0     0     0     0     0
 1953   0.71  0.00  1.72  3.61  3.47  9.25  5.33  4.33  1.84  0.56  1.34  1.76 33.92
           0    28     0     0     0     0     0     0     0     0     0     0    28
 1954   0.25  2.12  1.47  2.54  2.66  8.30  2.17  1.92  2.48  1.97  0.38  0.27 26.53
           0     0     0     0     0     0     0     0     0     0     0     0     0
 1955   0.18  1.06  0.64  2.89  1.36  5.15  2.21  0.70  0.75  0.39  0.12  0.86 16.31
           0     0     0     0     0     0     0     0     0     0     0     0     0
 1956   0.52  0.34  0.55  1.55  3.09  1.85  3.34  2.36  0.57  0.47  0.95  0.37 15.96
           0     0     0     0     0     0     0     0     0     0     0     0     0
 1957   0.45  0.35  1.41  1.21  3.25  5.55  5.74  2.86  4.26  1.48  1.94  0.13 28.63
           0     0     0     0     0     0     0     0     0     0     0     0     0
 1958   0.21  1.13  0.51  3.05  1.05  1.32  3.82  1.35  0.98  0.00  0.87  0.25 14.54
           0     0     0     0     0     0     0     0     0     0     0     0     0
 1959   0.29  1.21  1.27  1.19  8.81  2.70  0.79  4.60  1.85  3.08  2.09  1.37 29.25
           0     0     0     0     0     0     0     0     0     0     0     0     0
 1960   0.47  0.24  1.58  4.60  6.46  2.23  1.29  6.57  3.30  1.19  0.95  0.51 29.39
           0     0     0     0     0     0     0     0     0     0     0     0     0
 1961   0.20  1.04  1.36  0.79  3.69  2.65  1.95  4.59  2.70  2.57  1.22  1.08 23.84
           0     0     0     0     0     0     0     0     0     0     0     0     0
 1962   0.23  3.02  1.76  2.67  4.39  7.29  5.87  5.60  1.82  1.07  0.12  0.32 34.16
           0     0     0     0     0     0     0     0     0     0     0     0     0
 1963   0.62  0.41  0.95  0.77  1.18  2.51  3.39  2.95  2.95  1.12  0.23  0.22 17.30
           0     0     0     0     0     0     0     0     0     0     0     0     0
 1964   0.22  0.18  1.65  3.67  4.26  3.97  3.10  2.65  4.20  0.28  0.28  0.78 25.24
           0     0     0     0     0     0     0     0     0     0     0     0     0
 1965   0.25  1.19  0.98  3.84  5.02  8.87  2.54  2.49  9.98  0.99  0.56  0.30 37.01
           0     0     0     0     0     0     0     0     0     0     0     0     0
 1966   0.55  1.28  0.49  1.12  0.73  3.15  5.34  6.11  3.16  1.99  0.16  0.82 24.90
           0     0     0     0     0     0     0     0     0     0     0     0     0
 1967   0.71  0.28  0.11  1.41  2.17  7.24  2.12  2.82  0.67  0.69  0.05  0.85 19.12
           0     0     0     0     0     0     0     0     0     0     0     0     0
 1968   0.38  0.10  0.73  4.35  1.52  2.89  4.19  1.26  3.55  6.18  0.44  1.67 27.26
           0     0     0     0     0     0     0     0     0     0     0     0     0
 1969   1.39  1.39  1.71  0.31  3.30  5.79  4.35  6.28  1.37  2.69  0.21  1.35 30.14
           0     0     0     0     0     0     0     0     0     0     0     0     0
 1970   0.28  0.39  1.96  2.76  4.91  2.52  2.27  0.81  6.02  4.02  1.67  0.96 28.57
           0     0     0     0     0     0     0     0     0     0     0     0     0
 1971   0.22  1.94  1.50  1.34  1.14  6.80  1.78  1.23  1.00  3.66  1.64  0.94 23.19
           0     0     0     0     0     0     0     0     0     0     0     0     0
 1972   0.14  0.53  0.79  2.92  8.18  3.80  7.26  1.25  1.33  1.86  1.26  2.18 31.50
           0     0     0     0     0     0     0     0     0     0     0     0     0
 1973   1.04  0.69  3.12  1.04  2.32  2.57  4.08  0.82  4.56  1.42  0.00  0.60 22.26
           0     0     0     0     0     0     0     0     0     0    30     0    30
 1974   0.20  0.03  0.83  1.30  3.38  5.69  1.12  3.97  1.06  1.07  0.36  0.42 19.43
           0     0     0     0     0     0     0     0     0     0     0     0     0
 1975   1.02  0.44  1.47  2.44  1.70  4.61  0.74  6.40  2.12  0.34  3.89  0.12 25.29
           0     0     0     0     0     0     0     0     0     0     0     0     0
 1976   0.14  0.67  2.49  1.89  1.83  0.97  1.66  1.20  1.68  0.91  0.03  0.38 13.85
           0     0     0     0     0     0     0     0     0     0     0     0     0
 1977   0.10  0.36  3.95  3.13  3.78  1.66  2.84  1.92  4.87  2.63  1.03  0.95 27.22
           0     0     0     0     0     0     0     0     0     0     0     0     0
 1978   0.23  0.56  0.29  4.10  3.70  1.91  9.38  4.08  1.06  0.24  0.61  0.57 26.73
           0     0     0     0     0     0     0     0     0     0     0     0     0
 1979   0.94  0.00  3.30  2.54  4.32  2.57  2.25  6.24  4.15  4.94  2.33  0.28 33.86
           0    28     0     0     0     0     0     0     0     0     0     0    28
 1980   0.23  0.73  0.37  1.35  4.32  1.60  2.52  5.60  3.09  1.19  0.07  0.60 21.67
           0     0     0     0     0     0     0     0     0     0     0     0     0
 1981   0.15  0.00  1.74  0.42  1.78  4.91  5.10  2.56  1.72  1.46  1.13  0.65 21.62
           0    28     0     0     0     0     0     0     0     0     0     0    28
 1982   1.10  0.10  0.72  0.98  5.69  1.35  2.96  2.71  3.51  5.65  2.36  2.27 29.40
           0     1     0     0     0     0     0     0     0     0     0     0     1
 1983   0.65  0.74  3.66  3.13  3.03 15.79  3.68  0.97  2.23  1.44  4.45  0.29 40.06
           0     0     0     0     0     0     0     0     0     0     0     0     0
 1984   0.00  1.29  2.74  8.79  4.24  7.16  3.64  1.12  1.01  4.81  0.53  1.19 36.52
           1     0     0     0     0     0     0     0     0     0     0     0     1
 1985   0.29  0.00  2.71  6.41  4.53  3.55  0.45  8.61  6.92  0.47  1.70  0.56 36.20
           0     1     0     0     0     0     0     0     0     0     0     0     1
 1986   0.34  0.00  2.18  4.89  3.48  2.63  1.97  3.18  6.24  2.17  1.24  0.20 28.52
           0     0     0     0     0     0     0     0     0     0     0     0     0
 1987   0.18  0.25  4.47  0.65  4.16  0.82  4.75  3.08  4.02  0.40  1.22  0.86 24.86
           1     0     0     0     0     0     0     0     0     0     0     0     1
 1988   1.22  0.56  0.20  3.38  2.06  1.20  0.96  6.63  4.42  0.31  1.93  0.40 23.27
           0     0     0     0     0     0     0     0     0     0     0     0     0
 1989   0.22  0.28  1.40  1.62  0.85  2.36  5.47  1.88  2.63  0.03  0.28  0.49 17.51
           0     0     0     0     0     0     0     0     0     0     0     0     0
 1990   0.67  0.30  2.05  0.96  4.84  3.18  2.13  2.35  1.54  1.91  1.11  0.52 21.56
           0     0     0     0     0     0     0     0     0     0     0     1     1
 1991   0.24  0.53  1.29  2.44  3.14  3.27  5.18  1.90  2.16  1.30  2.88  0.43 24.76
           0     0     0     0     0     0     0     0     0     0     0     0     0
 1992   0.63  1.12  3.02  2.40  3.43  2.80  6.32  4.16  4.30  4.98  1.27  0.93 35.36
           0     0     0     0     0     0     0     0     0     0     0     0     0
 1993   0.57  1.09  2.49  3.13  4.63  4.15  7.10  3.63  1.81  1.10  1.73  0.68 32.11
           0     0     0     0     0     0     0     0     0     0     0     0     0
 1994   1.18  0.46  0.00  3.83  1.41  4.13  2.02  2.22  2.62  1.08  1.71  0.76 21.42
           0     0     0     0     0     0     0     0     0     0     0     0     0
 1995   0.03  0.10  4.65  5.50  6.37  2.04  3.14  3.74  2.34  3.78  0.98  0.28 32.95
           0     0     0     0     0     0     0     0     0     0     0     0     0
 1996   0.90  0.04  1.25  0.79  4.01  3.26  3.31  2.94  2.95  1.77  4.33  1.29 26.84
           0     0     0     0     0     0     0     0     0     0     0     0     0
 1997   0.87  1.14  0.59  2.85  3.66  4.33  1.09  1.72  2.67  1.96  0.40  0.15 21.43
           0     0     0     0     0     0     0     0     0     0     0     0     0
 1998   0.47  0.57  3.29  4.43  1.96  3.40  2.92  2.72  0.25  4.81  2.91  0.24 27.97
           0     0     0     0     0     0     0     0     0     0     0     0     0
 1999   0.77  0.38  0.78  4.50  3.82  6.32  8.40  1.92  0.49  0.84  0.22  0.17 28.61
           0     0     0     0     0     0     0     0     0     0     0     0     0
 
 MEANS  0.48  0.69  1.68  2.65  3.48  4.08  3.56  3.36  2.77  1.87  1.19  0.72 26.54
 PRECIPITATION MEANS AND TOTALS ARE BASED ON DATA AVAILABLE
 NO ATTEMPT WAS MADE TO ESTIMATE MISSING PRECIPITATION DATA
 *****************************************************************************************
 *****************************************************************************************
 
 THESE ARE THE MONTHLY HEATING DEGREE DAYS 1951-1999 FOR STATION #3718
 YEAR    JAN    FEB   MARCH  APRIL   MAY    JUNE   JULY  AUGUST  SEPT   OCT   NOV   DEC
 
 1951  1489.0 1061.0 1266.0  630.5  149.5   83.5   20.0   13.0  211.0  471.0 1038.5 1476.5
 1952  1503.5 1035.5 1112.0  468.0  217.5    6.0    4.0    1.0  118.5  550.5  874.5 1267.0
 1953  1414.5 1069.0  896.0  653.5  227.5   22.0    3.0    3.5  113.0  289.5  767.0 1244.0
 1954  1548.5  796.0 1060.5  407.0  340.0   46.5    0.0    2.5   88.5  473.5  724.5 1210.5
 1955  1345.5 1348.5 1029.0  239.5   98.0   60.0    0.0    3.0  120.0  361.0 1097.0 1519.0
 1956  1564.0 1342.5  997.5  603.0  175.5   13.0    0.0   13.0  109.0  230.0  898.5 1164.0
 1957  1627.0 1066.0  950.5  512.0  230.5   26.0    0.0    7.5  147.0  496.0  889.5 1029.0
 1958  1234.5 1300.0  998.5  498.0  120.0   69.5    7.0   13.0   78.0  345.5  813.5 1367.0
 1959  1579.0 1324.5  883.5  467.5  149.5   23.0    4.0    0.0  159.0  559.0 1154.0 1034.5
 1960  1464.0 1388.0 1401.5  489.5  199.5   23.5    2.5    0.5  141.5  413.0  787.5 1294.0
 1961  1449.0 1086.0  873.0  603.5  248.5   30.0    0.0    3.5  173.0  363.5  912.5 1472.5
 1962  1550.5 1267.5 1208.5  539.5   71.0   35.0   12.0    3.5  173.0  367.0  725.0 1227.5
 1963  1703.0 1190.5  749.0  383.5  172.5    4.0    0.0   10.5   48.5  151.5  718.5 1556.0
 1964  1230.5 1076.5 1096.0  456.0  111.0   29.0    0.0   45.5  147.0  399.5  831.0 1454.5
 1965  1543.0 1325.5 1285.0  461.0  104.5    5.0    0.0   17.0  287.0  332.5  873.0 1049.5
 1966  1683.5 1206.5  775.5  619.0  243.5   33.5    0.0   25.5  149.0  419.0  916.0 1327.5
 1967  1404.5 1241.5  754.5  458.0  329.5   23.5   19.0   25.5  100.0  476.0  893.0 1218.0
 1968  1409.5 1239.0  668.5  433.0  306.5   19.0    6.5    6.5   96.0  395.5  862.5 1416.0
 1969  1670.0 1175.5 1250.5  435.0  169.5   82.5    0.5    2.0  112.0  637.0  877.5 1356.5
 1970  1747.0 1147.0 1096.5  511.5  145.5   27.0    3.0    0.0  167.5  515.5  892.0 1414.5
 1971  1632.5 1187.0  985.5  438.5  218.5    8.0   16.0   15.5  154.0  330.0  882.0 1344.5
 1972  1600.5 1452.0  961.0  542.0  198.5   10.0   18.5   21.0  171.5  548.0  928.5 1518.0
 1973  1395.0 1151.0  743.5  496.5  202.5    6.0    0.0    1.5  140.5  318.0  834.0 1413.0
 1974  1502.5 1042.0  848.5  434.0  210.0   65.5    0.5   24.5  212.0  359.5  876.5 1273.0
 1975  1452.5 1311.0 1150.5  637.0  113.5   36.0    3.5    0.5  216.0  349.0  917.0 1283.0
 1976  1430.5  974.5  900.0  356.0  203.0   16.0    2.0    0.0  116.5  609.0 1066.0 1416.5
 1977  1754.0 1039.0  788.5  297.5   19.5    0.5    0.0   11.0   79.5  478.0  928.0 1400.0
 1978  1847.0 1536.5 1021.0  521.5  198.5   36.0    2.5   12.5   66.5  441.0  975.5 1486.5
 1979  1944.0 1540.0 1099.0  583.5  270.0   27.5    0.0   19.0  103.5  458.5  984.5 1091.0
 1980  1389.5 1322.5 1002.5  452.0  189.5   11.0    0.0    0.0   99.0  507.0  785.0 1332.0
 1981  1279.5 1101.0  786.5  305.5  215.5    4.5    8.0    9.5   97.0  483.0  738.0 1394.5
 1982  1851.5 1260.5  987.5  546.0  122.0   50.0    0.0   12.5  141.5  420.0  965.5 1201.5
 1983  1329.5 1065.0  948.5  670.5  272.5   38.5    0.0    0.0  128.5  439.5  873.5 1891.5
 1984  1446.0 1037.0 1188.0  573.5  235.0   11.0    2.0    8.0  207.0  434.5  814.0 1291.5
 1985  1545.0 1229.5  783.5  357.5   95.5   59.0    2.0   22.5  213.5  470.0 1231.5 1660.5
 1986  1242.0 1216.0  770.0  433.5  118.0    1.0    0.0   37.0  115.0  446.5 1038.5 1184.0
 1987  1227.0  860.0  767.0  349.0   91.0   10.0    3.0   51.5   98.0  589.5  759.0 1178.0
 1988  1622.5 1369.5  822.0  481.0   50.5    3.5    0.0   16.5   80.0  568.0  862.5 1233.0
 1989  1146.0 1429.5 1004.5  465.0  198.0   39.0    0.0    5.0  174.5  445.5  983.5 1627.5
 1990  1122.5 1070.0  788.5  515.0  229.5   26.5   12.5    4.0   81.5  464.0  805.5 1469.5
 1991  1552.5  944.0  798.0  416.0  172.0    5.5    3.5    1.0  164.0  516.0 1161.5 1190.0
 1992  1131.5  948.0  826.0  590.0  176.0   26.0   24.0   59.5  135.5  472.0  992.5 1332.0
 1993  1531.5 1361.5 1088.5  593.0  220.0   61.5    0.0   21.0  278.5  554.5 1066.0 1328.5
 1994  1789.0 1490.5  907.0  587.5  202.0   15.5   15.0   28.5  121.5  419.5  849.5 1345.0
 1995  1498.0 1139.0 1006.5  704.5  351.5   69.0   15.5   11.0  227.5  543.0 1113.0 1273.5
 1996  1633.5 1227.5 1211.0  679.0  346.0   41.0    8.0    4.0  230.0  493.0 1191.0 1621.0
 1997  1716.0 1242.0 1003.0  713.0  402.0    1.0   14.0   23.0  127.5  464.5 1064.0 1192.5
 1998  1383.5  898.5 1124.5  541.5  112.5  104.5    1.0    0.0   56.5  402.0  835.5 1198.5
 1999  1530.5  980.5  937.0  520.0  200.5   81.5    2.5    4.5  203.0  504.5  682.5 1217.0
 *****************************************************************************************
 MEANS 1533.2 1209.1  990.0  512.9  196.1   31.6    4.9   12.9  144.8  452.7  930.7 1362.3
 
 THESE ARE THE MONTHLY COOLING DEGREE DAYS 1951-1999 FOR STATION #3718
 YEAR    JAN   FEB  MARCH APRIL  MAY  JUNE  JULY AUGUST SEPT   OCT   NOV   DEC   ANN
 
 1951    0.0   0.0   0.0   5.5  18.5  59.0 222.0 185.0   8.5  16.0   0.0   0.0
 1952    0.0   0.0   0.0   8.5  30.5 291.5 273.0 190.0 110.0   0.0   0.0   0.0
 1953    0.0   0.0   0.0   0.0  43.0 260.0 311.0 255.0  75.0  24.5   0.0   0.0
 1954    0.0   0.0   0.0  11.5  27.5 246.5 360.0 223.5  72.5   0.0   0.0   0.0
 1955    0.0   0.0   0.0  13.0  63.0 120.5 471.5 456.5 154.5  18.5   0.0   0.0
 1956    0.0   0.0   0.0   0.0  90.5 367.5 261.0 277.0  87.5  31.5   0.0   0.0
 1957    0.0   0.0   0.0   4.0  33.0 125.0 429.0 241.5  36.5   0.0   0.0   0.0
 1958    0.0   0.0   0.0   1.0  67.0 100.0 187.0 341.5 127.5  29.5   0.0   0.0
 1959    0.0   0.0   0.0   0.5  71.5 266.0 268.5 381.5 115.5   0.0   0.0   0.0
 1960    0.0   0.0   0.0  11.5  14.0  82.0 282.0 270.5 114.0   6.0   0.0   0.0
 1961    0.0   0.0   0.0   0.0  25.0 163.0 250.0 258.0  79.5   2.5   0.0   0.0
 1962    0.0   0.0   0.0  17.5  83.0 138.5 225.5 213.5  25.0  34.0   0.0   0.0
 1963    0.0   0.0   0.0  10.5  35.5 281.5 366.5 248.0  99.5  39.0   0.0   0.0
 1964    0.0   0.0   0.0   6.0  97.0 192.5 405.5 178.5  74.0   2.0   0.0   0.0
 1965    0.0   0.0   0.0   8.0  74.0 157.5 270.0 215.5  18.5   9.5   0.0   0.0
 1966    0.0   0.0   0.0   4.5  26.5 188.0 403.5 151.5  52.0   3.5   0.0   0.0
 1967    0.0   0.0   3.5   3.0  65.0 127.5 246.5 187.5  45.5  13.5   0.0   0.0
 1968    0.0   0.0   0.0   1.5   9.0 250.5 268.0 284.5  44.5  15.5   0.0   0.0
 1969    0.0   0.0   0.0   0.0  66.5  61.0 285.0 223.5  35.0   3.5   0.0   0.0
 1970    0.0   0.0   0.0  15.0  96.5 236.5 318.0 282.0 117.0  10.0   0.0   0.0
 1971    0.0   0.0   0.0   5.5   7.5 270.5 203.5 229.5  93.0  11.5   0.0   0.0
 1972    0.0   0.0   0.0   0.0  81.5 198.0 230.0 221.0  60.5   0.0   0.0   0.0
 1973    0.0   0.0   0.0   0.0  23.5 202.5 290.0 328.5  41.5   7.5   0.0   0.0
 1974    0.0   0.0   0.0   8.5  37.0 149.0 413.5 120.0  32.5   3.0   0.0   0.0
 1975    0.0   0.0   0.0   0.0  80.0 156.5 361.0 275.5  43.5  24.0   0.0   0.0
 1976    0.0   0.0   0.0  12.5  24.0 202.0 354.0 305.5 105.5   6.5   0.0   0.0
 1977    0.0   0.0   0.0  15.5 115.0 232.5 394.5 165.5  66.0   0.0   0.0   0.0
 1978    0.0   0.0   2.5   0.0  54.5 212.5 290.5 254.5 165.0   1.5   0.0   0.0
 1979    0.0   0.0   0.0   1.0  38.5 187.5 288.5 218.5  95.0   0.0   0.0   0.0
 1980    0.0   0.0   0.0  16.0  63.0 215.5 365.0 271.5  93.0   3.5   0.0   0.0
 1981    0.0   0.0   0.0  24.0  23.5 200.0 286.0 196.0  67.0   0.0   0.0   0.0
 1982    0.0   0.0   0.0   1.0  46.5  80.0 335.0 268.0  73.0   2.0   0.0   0.0
 1983    0.0   0.0   0.0   0.0  24.0 156.5 425.0 454.0 150.5   6.0   0.0   0.0
 1984    0.0   0.0   0.0   1.5  36.0 194.0 279.0 321.0  55.0   4.0   0.0   0.0
 1985    0.0   0.0   0.0  19.0  74.5 159.5 250.5 139.0 118.0   0.0   0.0   0.0
 1986    0.0   0.0   1.5   0.0  64.0 248.5 380.0 138.0  38.0   0.0   0.0   0.0
 1987    0.0   0.0   0.0  28.0 126.0 247.0 360.0 195.0  34.0   0.0   0.0   0.0
 1988    0.0   0.0   0.0   5.5 104.0 339.0 350.5 337.5  67.5   0.0   0.0   0.0
 1989    0.0   0.0   1.5  26.5  50.0 138.5 357.5 218.0  67.0  14.0   0.0   0.0
 1990    0.0   0.0   0.0  35.0  16.5 231.5 244.0 249.5 157.0  10.5   0.0   0.0
 1991    0.0   0.0   0.0  19.5 132.0 276.5 264.5 242.0 120.0   3.5   0.0   0.0
 1992    0.0   0.0   0.0   1.5  46.5 113.0  85.5 103.5  47.0   5.0   0.0   0.0
 1993    0.0   0.0   0.0   0.0  12.0 112.5 197.5 202.0  11.0   7.5   0.0   0.0
 1994    0.0   0.0   0.0  11.5  78.0 176.5 126.0 118.0  91.0   0.0   0.0   0.0
 1995    0.0   0.0   0.0   0.0   0.0 167.0 258.5 303.0  38.5   5.5   0.0   0.0
 1996    0.0   0.0   0.0   0.0  25.5 160.0 138.0 132.0  55.0   0.0   0.0   0.0
 1997    0.0   0.0   0.0   0.0   4.0 151.5 277.0 177.0  68.5  36.0   0.0   0.0
 1998    0.0   0.0   1.0   0.0  72.0 105.5 247.0 209.0 132.5   0.0   0.0   0.0
 1999    0.0   0.0   0.0   0.0  22.5 128.0 323.0 161.5  54.0   3.0   0.0   0.0
 *****************************************************************************************
 MEANS   0.0   0.0   0.2   7.4  52.6 190.4 301.9 242.2  78.0   8.7   0.0   0.0
 
 THESE ARE THE HEAT STRESS VARIABLES 1951-1999 FOR STATION #3718
             # OF DAYS MAXT >86                           HEAT INDEX
 YEAR   MAY  JUNE  JULY   AUG  SEPT  TOTAL     MAY    JUNE   JULY   AUG    SEPT  TOTAL
 1951   0.0   0.0  14.0   7.0   0.0   21.0      0.0    0.0   44.0   24.0    0.0   68.0
 1952   2.0  17.0  17.0   6.0   9.0   51.0      9.0  116.0   64.0   27.0   24.0  240.0
 1953   2.0  15.0  16.0  12.0   4.0   49.0      7.0   79.0   70.0   61.0   21.0  238.0
 1954   1.0   8.0  21.0   9.0   1.0   40.0      3.0   35.0  119.0   17.0    2.0  176.0
 1955   3.0   4.0  25.0  26.0  10.0   68.0      8.0   15.0  198.0  258.0   72.0  551.0
 1956   6.0  19.0  15.0  16.0   8.0   64.0     13.0  176.0   68.0   89.0   43.0  389.0
 1957   1.0   6.0  22.0   9.0   2.0   40.0      1.0   17.0  132.0   49.0    4.0  203.0
 1958   3.0   5.0   7.0  23.0   5.0   43.0      7.0   39.0   20.0  167.0   25.0  258.0
 1959   4.0  14.0  13.0  20.0   6.0   57.0     12.0   64.0   57.0  107.0   38.0  278.0
 1960   0.0   2.0  12.0  10.0   7.0   31.0      0.0    2.0   70.0   54.0   39.0  165.0
 1961   0.0   9.0  12.0  15.0   4.0   40.0      0.0   49.0   60.0   66.0   10.0  185.0
 1962   2.0   2.0   8.0  10.0   1.0   23.0      3.0    4.0   28.0   32.0    1.0   68.0
 1963   2.0  16.0  20.0  12.0   3.0   53.0      3.0   77.0  103.0   45.0   15.0  243.0
 1964   5.0  11.0  23.0   8.0   3.0   50.0     26.0   44.0  167.0   53.0   12.0  302.0
 1965   4.0   5.0  11.0  10.0   0.0   30.0     10.0   13.0   47.0   53.0    0.0  123.0
 1966   4.0  11.0  20.0   9.0   0.0   44.0     11.0   41.0  140.0   27.0    0.0  219.0
 1967   5.0   1.0  10.0   9.0   3.0   28.0     37.0    5.0   60.0   27.0   10.0  139.0
 1968   2.0  16.0  12.0  15.0   1.0   46.0      3.0   96.0   54.0  124.0    2.0  279.0
 1969   3.0   1.0  13.0  10.0   0.0   27.0      9.0    9.0   56.0   30.0    0.0  104.0
 1970   4.0  12.0  18.0  16.0   6.0   56.0     19.0   64.0   99.0   96.0   31.0  309.0
 1971   0.0  15.0   6.0  14.0   6.0   41.0      0.0   57.0   21.0   60.0   36.0  174.0
 1972   5.0   9.0   8.0  13.0   3.0   38.0      8.0   42.0   25.0   61.0    7.0  143.0
 1973   2.0  13.0  12.0  17.0   1.0   45.0      7.0   55.0   51.0   84.0    1.0  198.0
 1974   0.0   8.0  22.0   3.0   2.0   35.0      0.0   50.0  172.0   10.0    2.0  234.0
 1975   4.0   3.0  21.0   9.0   3.0   40.0     15.0   11.0  126.0   30.0    8.0  190.0
 1976   2.0  11.0  21.0  21.0   5.0   60.0      5.0   47.0  125.0  125.0   29.0  331.0
 1977   3.0  12.0  17.0   7.0   2.0   41.0      5.0   66.0  139.0   29.0    5.0  244.0
 1978   2.0  13.0  19.0  12.0  10.0   56.0      4.0   56.0   86.0   47.0   48.0  241.0
 1979   2.0  10.0  14.0   9.0   1.0   36.0      7.0   45.0   57.0   34.0    1.0  144.0
 1980   4.0  10.0  21.0  14.0   6.0   55.0      9.0   44.0  153.0   58.0   28.0  292.0
 1981   0.0  10.0  10.0   6.0   7.0   33.0      0.0   53.0   54.0    9.0   27.0  143.0
 1982   0.0   3.0  16.0  10.0   2.0   31.0      0.0    7.0   77.0   45.0    2.0  131.0
 1983   1.0   7.0  19.0  25.0   8.0   60.0      4.0   22.0  110.0  170.0   52.0  358.0
 1984   0.0   3.0   9.0  14.0   3.0   29.0      0.0    4.0   35.0   77.0   16.0  132.0
 1985   3.0   8.0  12.0   3.0   3.0   29.0      6.0   35.0   45.0    8.0   12.0  106.0
 1986   0.0  11.0  20.0   4.0   0.0   35.0      0.0   40.0   98.0   16.0    0.0  154.0
 1987   9.0  15.0  18.0   7.0   1.0   50.0     42.0  102.0  106.0   32.0    2.0  284.0
 1988   5.0  18.0  21.0  19.0   4.0   67.0     11.0  159.0  152.0  156.0   10.0  488.0
 1989   3.0   8.0  17.0   6.0   1.0   35.0     21.0   33.0  127.0   28.0    4.0  213.0
 1990   2.0  12.0   9.0  14.0  13.0   50.0      9.0   77.0   77.0   54.0   55.0  272.0
 1991   3.0  12.0  13.0  14.0   2.0   44.0     11.0   63.0   63.0   78.0   12.0  227.0
 1992   1.0   3.0   0.0   3.0   0.0    7.0      3.0    4.0    0.0    7.0    0.0   14.0
 1993   0.0   6.0   4.0   7.0   1.0   18.0      0.0   14.0   10.0   20.0    3.0   47.0
 1994   4.0   6.0   3.0   5.0   3.0   21.0     10.0   24.0    4.0   21.0   12.0   71.0
 1995   0.0  10.0  14.0  17.0   1.0   42.0      0.0   36.0   92.0   74.0    1.0  203.0
 1996   2.0   9.0   3.0   3.0   0.0   17.0     11.0   34.0    9.0    5.0    0.0   59.0
 1997   1.0   5.0  10.0   9.0   2.0   27.0      2.0   21.0   56.0   33.0    7.0  119.0
 1998   3.0   6.0   8.0   8.0   9.0   34.0      9.0   17.0   35.0   24.0   55.0  140.0
 1999   0.0   7.0  16.0   7.0   2.0   32.0      0.0   21.0   92.0   26.0    3.0  142.0
 *****************************************************************************************
 MEANS  2.4   9.1  14.4  11.5   3.6   41.0      7.9   45.5   80.3   58.7   16.4  208.8
