 
 THIS IS FOR STATION NUMBER 6103 1951-> 1999
                                 # OF PRECIPITATION EVENTS - % IN PARENS
 CL                   MAX   MEAN  0.01-  0.26-  0.51-  1.01-          # OF DAYS
 WK    TIME PERIOD    VAL   RAIN    0.25   0.51   1.00   2.00  >2.01 MISSING TOTAL
  1 3/1-->3/7        0.98   0.40  43(61) 10(14) 17(24)  0( 0)  0( 0)    7       70
  2 3/8-->3/14       1.31   0.49  49(63) 10(12) 15(19)  3( 3)  0( 0)    7       77
  3 3/15-->3/21      1.32   0.38  53(68)  9(11) 12(15)  3( 3)  0( 0)    9       77
  4 3/22-->3/28      2.06   0.56  46(58) 15(19) 10(12)  6( 7)  1( 1)    7       78
  5 3/29-->4/4       1.43   0.56  49(53) 23(25) 15(16)  4( 4)  0( 0)    4       91
  6 4/5-->4/11       2.00   0.50  59(64) 19(20)  8( 8)  4( 4)  1( 1)    0       91
  7 4/12-->4/18      1.47   0.76  49(49) 20(20) 23(23)  7( 7)  0( 0)    1       99
  8 4/19-->4/25      2.80   0.88  52(48) 26(24) 21(19)  6( 5)  2( 1)    0      107
  9 4/26-->5/2       2.74   0.91  52(47) 25(22) 21(19) 10( 9)  1( 0)    0      109
 10 5/3-->5/9        1.60   0.74  54(52) 19(18) 22(21)  8( 7)  0( 0)    0      103
 11 5/10-->5/16      1.94   0.91  63(52) 26(21) 23(19)  9( 7)  0( 0)    0      121
 12 5/17-->5/23      1.92   0.79  48(47) 26(25) 17(16) 10( 9)  0( 0)    0      101
 13 5/24-->5/30      3.00   1.29  69(52) 19(14) 23(17) 16(12)  5( 3)    0      132
 14 5/31-->6/6       2.96   0.73  47(52) 19(21) 16(17)  6( 6)  2( 2)    2       90
 15 6/7-->6/13       2.47   1.00  67(53) 26(20) 20(15) 11( 8)  2( 1)    1      126
 16 6/14-->6/20      5.06   1.33  54(45) 26(21) 20(16) 13(10)  7( 5)    1      120
 17 6/21-->6/27      3.70   1.17  41(38) 23(21) 25(23) 14(13)  3( 2)    0      106
 18 6/28-->7/4       2.21   0.83  44(48) 19(20) 14(15) 12(13)  2( 2)    4       91
 19 7/5-->7/11       3.28   1.05  34(40) 17(20) 16(18) 12(14)  6( 7)    8       85
 20 7/12-->7/18      2.98   0.95  44(47) 17(18) 17(18) 11(11)  3( 3)    8       92
 21 7/19-->7/25      3.14   1.11  52(50) 17(16) 16(15) 11(10)  7( 6)    7      103
 22 7/26-->8/1       3.56   0.92  51(52) 23(23) 12(12)  7( 7)  5( 5)    7       98
 23 8/2-->8/8        2.79   1.09  61(54) 15(13) 19(17) 11( 9)  5( 4)    8      111
 24 8/9-->8/15       3.05   0.71  44(57) 11(14) 10(12)  8(10)  4( 5)    7       77
 25 8/16-->8/22      6.65   0.97  40(45) 17(19) 21(24)  5( 5)  4( 4)    8       87
 26 8/23-->8/29      3.02   1.12  44(43) 19(18) 22(21) 11(10)  5( 4)   14      101
 27 8/30-->9/5       4.47   0.75  56(58) 14(14) 17(17)  8( 8)  1( 1)    4       96
 28 9/6-->9/12       2.79   0.66  49(56) 17(19) 13(15)  5( 5)  2( 2)    0       86
 29 9/13-->9/19      3.70   0.89  57(61) 10(10) 13(13)  9( 9)  4( 4)    0       93
 30 9/20-->9/26      2.07   0.82  58(53) 22(20) 20(18)  7( 6)  1( 0)    6      108
 31 9/27-->10/3      2.58   0.64  43(53) 12(14) 20(24)  4( 4)  2( 2)    5       81
 32 10/4-->10/10     1.63   0.57  51(58) 15(17) 17(19)  4( 4)  0( 0)    0       87
 33 10/11-->10/17    2.13   0.47  36(59)  9(14) 10(16)  5( 8)  1( 1)    0       61
 34 10/18-->10/24    2.30   0.44  40(58) 14(20) 10(14)  3( 4)  1( 1)    0       68
 35 10/25-->10/31    1.66   0.42  41(62) 10(15) 11(16)  4( 6)  0( 0)    0       66
 36 11/1-->11/7      1.95   0.34  39(63) 11(18)  8(13)  3( 4)  0( 0)    0       61
 37 11/8-->11/14     1.92   0.30  40(71)  7(12)  7(12)  2( 3)  0( 0)    0       56
 38 11/15-->11/21    1.76   0.49  34(52) 13(20) 10(15)  8(12)  0( 0)    1       65
 39 11/22-->11/28    1.38   0.35  44(63) 16(23)  8(11)  1( 1)  0( 0)    0       69
 40 11/29-->12/5     1.62   0.28  46(77)  3( 5)  7(11)  3( 5)  0( 0)    6       59
 41 12/6-->12/12     1.00   0.23  48(77)  7(11)  6( 9)  1( 1)  0( 0)    7       62
 42 12/13-->12/19    0.98   0.22  38(69) 13(23)  4( 7)  0( 0)  0( 0)    8       55
 43 12/20-->12/26    0.77   0.20  50(81)  7(11)  4( 6)  0( 0)  0( 0)    8       61
 44 12/27-->1/2      1.27   0.24  45(75)  8(13)  5( 8)  2( 3)  0( 0)    5       60
 45 1/3-->1/9        1.80   0.19  50(84)  5( 8)  3( 5)  1( 1)  0( 0)    2       59
 46 1/10-->1/16      0.94   0.18  48(84)  5( 8)  4( 7)  0( 0)  0( 0)    0       57
 47 1/17-->1/23      0.92   0.25  46(74)  7(11)  9(14)  0( 0)  0( 0)    3       62
 48 1/24-->1/30      0.94   0.23  50(76) 11(16)  4( 6)  0( 0)  0( 0)    1       65
 49 1/31-->2/6       0.80   0.15  40(83)  6(12)  2( 4)  0( 0)  0( 0)   12       48
 50 2/7-->2/13       0.92   0.13  36(81)  4( 9)  4( 9)  0( 0)  0( 0)   14       44
 51 2/14-->2/20      1.00   0.22  31(68)  6(13)  7(15)  1( 2)  0( 0)   14       45
 52 2/21-->2/27      0.91   0.19  40(74)  9(16)  5( 9)  0( 0)  0( 0)   15       54
 53 2/28-->2/29      0.16   0.01   8(**)  0( 0)  0( 0)  0( 0)  0( 0)    3        8
 ANNUAL TOTALS       6.65   2473(57)757(17)683(15)289( 6) 77( 1)  224     4279
 
 THESE ARE THE MONTHLY AVERAGES FOR 1951-->1999 FOR STATION NUMBER 6103
   JAN  FEB  MAR  APR  MAY  JUN  JUL  AUG  SPT  OCT  NOV  DEC  ANNUAL
   0.90 0.70 2.03 3.16 4.05 4.64 4.27 4.24 3.33 2.09 1.59 1.01 32.00  <-- PRECIP
  
   13.8 20.3 31.5 47.2 60.3 70.2 73.9 71.6 62.4 50.8 34.0 20.3  50.9  <-- TEMP
 
 TWELVE SIGNIFICANT RAINFALL EVENTS  
 MONTH  DAY  YEAR   AMOUNT
   8     19  1990     6.65
   6     15  1978     5.06
   8     31  1962     4.47
   8     22  1959     4.00
   6     26  1969     3.70
   9     13  1978     3.70
   7     29  1990     3.56
   9     19  1983     3.45
   7      5  1955     3.28
   6     19  1954     3.17
   7     19  1963     3.14
   8     22  1975     3.15
 
 GROWING DEGREE DAYS FOR 4 BASE TEMPS FOR STATION NUMBER  6103
               MARCH                       APRIL  
     ****************************  *************************** 
 YEAR  40-86  48-86  50-86  52-86   40-86  48-86  50-86  52-86  
     ****************************  *************************** 
 1951      1      0      0      0    147     75     64     54
 1952     21      9      6      4    339    224    200    178
 1953     96     35     24     15    148     59     47     37
 1954     29      5      2      1    365    226    197    171
 1955     66     23     15     11    430    272    241    213
 1956     21      2      0      0    237    135    112     92
 1957     66     15      8      4    333    207    184    165
 1958     55     14     10      6    312    181    151    126
 1959     44     11      7      5    313    182    157    134
 1960     24      5      2      1    332    199    177    156
 1961     36      6      3      0    167     72     56     42
 1962     14      4      3      2    263    156    137    122
 1963    142     91     81     71    358    206    173    146
 1964     49     15     11      7    290    164    140    120
 1965      0      0      0      0    198    104     87     73
 1966    158     73     59     46    182     82     66     53
 1967    135     78     66     54    301    168    139    111
 1968    244    151    131    115    367    228    199    170
 1969     18      1      0      0    325    187    159    134
 1970     14      2      1      0    318    196    171    150
 1971     35     15     12     10    355    228    201    175
 1972     60     17     12      9    227    115     95     76
 1973    130     55     41     29    249    136    114     94
 1974     53     17     12      8    350    204    178    153
 1975     12      0      0      0    159     70     54     40
 1976    118     64     54     45    408    257    223    190
 1977    180     88     70     55    505    348    313    282
 1978    102     58     49     41    259    135    109     84
 1979     13      0      0      0    212    108     91     75
 1980     51     16     11      7    343    212    187    166
 1981    182     86     70     57    409    249    217    190
 1982     50     17     12      8    252    156    135    114
 1983     72     28     21     16    176     98     85     73
 1984     21      1      0      0    252    123     96     73
 1985    141     65     51     38    458    304    274    245
 1986    151     92     82     72    392    240    206    174
 1987    151     74     62     51    477    324    293    264
 1988    109     40     27     17    315    184    157    134
 1989     69     35     29     24    262    142    121    102
 1990    135     58     44     33    304    182    158    135
 1991     76     30     24     18    303    172    146    123
 1992     85     28     21     14    167     84     69     55
 1993     12      1      0      0    175     83     68     55
 1994     87     39     31     24    283    180    156    134
 1995    102     43     33     26    168     86     68     53
 1996     57     15     11      9    181    100     85     72
 1997     55     19     16     14    226    132    110     89
 1998     74     38     33     28    291    162    138    114
 1999     81     30     22     17    228    114     92     72
     ****************************  *************************** 
 MEAN   75.8   33.0   26.3   20.8  288.3  168.7  145.1  123.8
 STDV   55.7   33.1   28.5   24.4   90.5   68.8   63.5   58.5
 
               MAY                         JUNE   
     ****************************  *************************** 
 YEAR  40-86  48-86  50-86  52-86   40-86  48-86  50-86  52-86  
     ****************************  *************************** 
 1951    670    454    404    357    706    477    424    373
 1952    523    332    291    254    921    685    627    570
 1953    560    372    333    296    914    677    620    566
 1954    466    301    263    229    879    647    592    537
 1955    684    467    423    384    765    535    482    433
 1956    615    415    371    333    950    715    658    602
 1957    556    353    311    273    824    587    528    473
 1958    653    452    408    366    711    480    432    387
 1959    656    449    404    360    888    648    591    537
 1960    607    399    350    306    792    557    502    451
 1961    526    337    299    263    861    625    570    519
 1962    728    500    447    395    850    611    555    500
 1963    591    388    345    304    932    693    635    580
 1964    741    513    464    417    865    634    579    526
 1965    677    455    403    358    851    611    554    500
 1966    507    337    303    270    859    623    566    512
 1967    484    309    271    236    836    598    542    487
 1968    468    293    257    225    846    611    555    502
 1969    624    424    381    338    642    424    374    329
 1970    656    451    404    360    883    646    590    534
 1971    523    344    307    273    974    734    675    616
 1972    668    455    407    362    821    596    544    494
 1973    528    330    289    253    917    677    617    558
 1974    514    323    284    249    802    566    512    461
 1975    702    475    427    383    865    626    569    516
 1976    595    393    349    307    901    662    604    548
 1977    870    632    576    523    908    669    610    552
 1978    654    450    406    364    880    646    588    532
 1979    577    387    348    310    851    615    558    502
 1980    692    482    436    393    882    646    589    535
 1981    572    368    325    286    875    635    575    517
 1982    670    446    394    345    720    487    437    388
 1983    471    298    263    229    861    626    570    516
 1984    564    360    318    279    901    661    601    543
 1985    769    532    477    429    774    541    486    433
 1986    651    433    383    336    935    697    639    582
 1987    797    571    519    472    966    729    671    613
 1988    776    552    504    458    975    738    681    624
 1989    565    373    332    294    788    560    507    455
 1990    465    274    236    204    843    613    558    504
 1991    651    446    401    357    944    704    644    584
 1992    587    392    351    312    759    530    479    429
 1993    487    286    245    208    729    500    446    392
 1994    601    404    363    325    875    635    577    521
 1995    470    281    243    209    860    627    571    516
 1996    428    241    204    169    791    554    498    446
 1997    364    210    181    153    866    626    569    515
 1998    705    474    422    379    718    491    438    386
 1999    564    346    302    259    780    546    492    439
     ****************************  *************************** 
 MEAN  601.7  399.4  355.9  315.5  847.9  613.0  557.1  503.0
 STDV  105.0   88.4   83.2   78.3   76.4   73.0   70.8   68.2
 
               JULY                        AUGUST 
     ****************************  *************************** 
 YEAR  40-86  48-86  50-86  52-86   40-86  48-86  50-86  52-86  
     ****************************  *************************** 
 1951    929    681    621    561    842    595    535    479
 1952    958    710    649    593    773    539    488    438
 1953    964    717    658    600    926    679    619    559
 1954   1021    773    711    649    919    672    611    551
 1955   1110    862    800    738   1047    800    739    679
 1956    894    646    584    523    927    684    626    570
 1957   1094    846    784    722    942    694    632    572
 1958    913    665    604    544    964    720    660    604
 1959    966    718    656    597   1057    809    747    685
 1960    963    715    653    594    984    736    674    613
 1961    949    701    639    577    976    728    666    607
 1962    924    676    615    556    929    681    621    562
 1963    998    750    688    626    902    657    600    544
 1964   1056    808    746    685    876    639    583    529
 1965    968    720    658    596    883    638    578    520
 1966   1047    799    737    675    860    614    556    500
 1967    911    666    607    552    825    590    536    483
 1968    947    699    638    578    917    670    610    554
 1969    995    748    687    626    974    726    664    602
 1970    994    748    687    628    948    701    641    582
 1971    906    660    601    544    915    670    612    555
 1972    939    692    632    574    928    682    623    565
 1973   1018    770    708    646    996    748    686    625
 1974   1074    826    764    703    872    628    569    511
 1975   1027    780    719    661   1004    756    694    633
 1976   1042    794    732    672    950    702    642    584
 1977   1066    818    756    694    867    622    562    504
 1978    976    728    666    605    965    717    657    598
 1979    989    741    679    617    921    675    616    559
 1980   1039    791    729    668    967    719    657    595
 1981   1014    766    704    643    925    677    616    558
 1982   1027    779    717    655    907    662    604    549
 1983   1066    818    756    694   1046    798    736    675
 1984    965    718    657    596   1016    768    707    648
 1985    999    751    689    628    863    617    558    499
 1986   1059    811    749    688    848    607    548    490
 1987   1081    833    772    711    850    618    562    506
 1988   1042    794    733    673   1018    774    715    656
 1989   1006    758    696    634    909    661    601    541
 1990    922    674    612    551    915    667    606    545
 1991    942    694    633    572    904    656    595    536
 1992    763    517    457    400    744    506    452    401
 1993    902    654    592    530    886    638    576    518
 1994    859    611    549    488    802    556    498    443
 1995    960    713    653    593   1024    776    714    653
 1996    881    633    572    511    842    594    532    471
 1997    921    674    614    558    791    544    484    424
 1998    920    672    610    548    899    651    589    527
 1999   1015    767    705    643    841    594    533    472
     ****************************  *************************** 
 MEAN  980.3  732.6  671.2  610.8  916.3  670.8  611.0  552.8
 STDV   68.6   68.3   68.0   67.2   72.1   70.2   68.8   67.1
 
               SEPTEMBER                   OCTOBER
     ****************************  *************************** 
 YEAR  40-86  48-86  50-86  52-86   40-86  48-86  50-86  52-86  
     ****************************  *************************** 
 1951    514    335    294    257      0      0      0      0
 1952    599    423    383    344     22     11      9      8
 1953    649    461    421    383    115     82     74     67
 1954    684    460    407    357    217    120     98     78
 1955    721    508    459    416    261    169    150    132
 1956    591    400    360    324    133     95     87     79
 1957    593    387    344    307    241    139    118     99
 1958    697    481    433    391      0      0      0      0
 1959    656    451    408    368    102     49     39     29
 1960    675    463    416    372    303    209    187    166
 1961    630    433    386    343    321    210    187    167
 1962    566    369    328    288    398    247    215    184
 1963    716    496    445    398    624    424    381    342
 1964    635    435    391    348    100     60     52     44
 1965    491    295    255    219    352    221    192    164
 1966    630    429    389    352    317    199    174    149
 1967    584    395    354    317      0      0      0      0
 1968    632    424    380    337     53     34     30     27
 1969    671    465    422    380    215    143    128    115
 1970    644    434    390    349    156    105     95     86
 1971    708    500    452    407    493    311    272    235
 1972    645    430    381    336    218    132    116    101
 1973    653    434    387    342    516    331    292    255
 1974    419    284    254    226      0      0      0      0
 1975    584    389    347    306    464    317    283    250
 1976    667    479    437    398    119     81     72     65
 1977    700    467    415    367    128     72     59     46
 1978    784    560    507    458    271    155    130    109
 1979    701    493    448    404    127     72     60     48
 1980    721    496    446    401    164    102     91     80
 1981    623    414    369    329      7      3      2      1
 1982    640    430    380    332    271    161    138    118
 1983    678    475    430    385    364    201    170    143
 1984    596    417    375    337      0      0      0      0
 1985    654    455    409    366    355    193    160    127
 1986    690    460    407    357    365    203    168    139
 1987    633    436    396    357     34     26     24     22
 1988    727    510    463    418     48     28     23     19
 1989    483    331    296    262      0      0      0      0
 1990    708    496    450    407    136     87     77     68
 1991    582    393    350    311     66     39     34     30
 1992    547    362    319    278    206    121    107     95
 1993    437    248    211    179     13      9      8      7
 1994    682    458    410    365    325    182    155    129
 1995    542    357    318    284    211    127    111     97
 1996    563    363    322    282     47     31     29     27
 1997    606    398    355    315    333    223    201    180
 1998    723    505    455    409    209    105     84     65
 1999    563    375    336    300     16      8      7      6
     ****************************  *************************** 
 MEAN  629.5  428.0  383.7  342.4  192.8  119.4  104.1   90.0
 STDV   77.4   63.5   59.9   56.4  158.7  101.6   89.7   78.8
 
 DAILY RECORD HIGHS AND LOWS OCCURRING DURING 1951-1999 FOR STATION NUMBER 6103
     JAN     FEB    MARCH   APRIL    MAY     JUNE    JULY    AUG     SEPT    OCT     NOV     DEC
 DY MX  MN  MX  MN  MX  MN  MX  MN  MX  MN  MX  MN  MX  MN  MX  MN  MX  MN  MX  MN  MX  MN  MX  MN
  1  45 -24  50 -24  54 -27  73  11  87  26  91  38  98  46  99  50  94  40  90  28  72  15  62   0
  2  47 -21  51 -33  60  -9  81  15  91  26  90  38  96  49  98  51  92  39  91  22  75   6  66 -10
  3  46 -17  46 -33  65  -4  75   8  86  21  90  38  94  45  96  48  91  35  86  24  74  10  60 -14
  4  45 -18  52 -29  63  -9  75   7  89  28  95  38 100  48  94  48  94  38  92  25  73  -1  57 -11
  5  48 -23  52 -25  58 -19  72   7  87  29  93  38  98  45  98  43  93  38  93  18  68  -1  55 -11
  6  42 -27  49 -16  64 -13  83   6  86  25  93  39  96  49  96  45  93  38  92  27  71   6  59 -16
  7  42 -25  57 -18  72 -12  88  15  87  26  96  45  99  46  96  45  97  37  89  24  67  -5  48 -20
  8  50 -21  49 -24  64  -9  81   9  86  28 102  40 100  47  94  49  95  37  85  24  69  -4  45 -13
  9  48 -27  51 -23  62 -11  82   9  91  26  96  42  98  48  92  47  95  39  81  23  79   2  49 -18
 10  41 -28  55 -22  67  -5  85  16  92  26  94  40  98  47  92  45  92  39  82  24  71   9  55 -16
 11  46 -23  56 -21  60  -6  84  19  87  24  93  44  96  50  92  46  88  34  83  15  67  -5  53 -12
 12  47 -25  58 -21  63 -12  82  17  86  27  93  44  95  49  92  43  88  36  87  23  64   0  57 -15
 13  51 -18  57 -13  70  -9  78  16  88  27 100  38  98  47  97  41  90  31  90  26  66  -4  48 -20
 14  49 -23  55 -19  63  -9  84  22  89  28 100  45 101  50  95  41  90  34  87  27  74  -6  54 -17
 15  46 -29  52 -12  65  -9  81  19  89  29  96  38  94  48 100  45  94  35  88  26  69   3  53 -17
 16  54 -27  60 -22  71  -9  87  20  91  31  92  44  93  48 101  47  93  34  83  24  70   3  53 -16
 17  45 -22  65 -17  67  -3  86  19  93  34  91  41  95  52 101  47  93  35  83  15  65  -7  48 -19
 18  46 -32  62 -16  62  -2  92  18  91  35 100  47  97  53  98  44  92  37  81  20  65   1  53 -23
 19  46 -29  56 -20  68  -4  90  21  91  35  97  45  97  52  97  40  93  32  81  15  71   1  47 -27
 20  46 -26  59 -13  62  -7  88  25  91  32  98  42  98  44  95  42  89  30  82  16  64   6  50 -23
 21  46 -30  53 -15  63  -7  93  23  91  32 101  37  97  46  99  47  85  31  79  18  63  -6  49 -24
 22  46 -18  51  -9  66   3  92  24  91  29 100  41  96  46  95  45  82  26  78  19  69   0  44 -25
 23  52 -24  57 -11  69  -1  86  26  89  32  94  44  97  51  93  40  80  28  82  19  58   0  44 -25
 24  57 -20  57 -16  75  -9  84  24  87  35  98  45  93  50  91  43  85  28  80  18  55  -5  42 -27
 25  53 -16  55 -18  72   2  85  27  94  38  96  43  93  52  90  39  88  31  79  20  68  -7  41 -16
 26  42 -21  56 -16  73  -3  85  30  91  33  98  47  96  49  96  40  89  27  81  18  56 -14  47 -22
 27  39 -20  54 -13  75   0  88  28  92  37  96  45  94  48  95  44  87  33  80  17  61 -12  50 -20
 28  42 -22  51 -23  80   7  91  27  93  34  97  48  99  51  97  41  86  28  72  14  67  -8  53 -20
 29  40 -29 *** ***  83  -2  89  23  91  33  99  47  98  48  94  43  85  27  69  12  59  -6  45 -20
 30  48 -26 *** ***  81   0  86  25  90  39  96  48  99  45  93  45  89  29  74  15  64 -11  47 -20
 31  46 -22 *** ***  82   5 *** ***  91  37 *** *** 102  47  93  39 *** ***  77  16 *** ***  52 -23
 
 DAILY MAXIMUM PRECIPITATION OCCURRING DURING 1951-1999 FOR STATION NUMBER 6103
     JAN   FEB   MARCH APRIL MAY   JUNE  JULY  AUG   SEPT  OCT   NOV   DEC
 
  1  0.52  0.23  0.94  1.41  1.15  1.45  1.44  1.08  1.00  0.52  1.95  0.62
  2  0.36  0.80  0.71  1.43  0.78  0.85  1.70  1.86  1.58  1.00  1.75  0.33
  3  0.38  0.15  0.98  0.86  0.72  2.52  0.92  2.79  1.43  0.85  0.80  0.50
  4  1.80  0.44  0.73  0.89  1.19  1.12  0.70  2.00  1.82  1.63  0.35  1.07
  5  0.54  0.56  0.70  1.08  1.15  1.23  3.28  1.02  1.52  0.53  1.23  1.02
  6  0.32  0.31  0.69  1.21  1.00  2.96  3.08  1.80  0.79  0.71  0.27  0.31
  7  0.60  0.03  0.70  1.12  1.60  1.89  1.34  2.18  1.37  0.85  0.46  0.70
  8  0.20  0.40  0.88  0.42  1.03  2.26  2.77  2.32  2.79  1.39  0.34  0.53
  9  0.25  0.40  1.31  1.48  0.72  2.47  2.41  2.25  1.44  1.31  1.92  0.30
 10  0.21  0.58  0.22  2.00  1.94  1.17  1.12  1.66  1.00  0.87  1.73  0.15
 11  0.94  0.92  1.18  0.46  1.53  0.82  2.15  1.01  1.39  2.13  0.69  1.00
 12  0.36  0.53  0.94  0.93  1.89  1.40  1.32  0.65  2.70  0.47  0.92  0.81
 13  0.37  0.07  0.88  0.91  1.73  1.58  1.37  2.14  3.70  1.66  0.92  0.41
 14  0.55  0.03  1.10  1.24  1.71  1.04  1.77  2.00  1.37  0.71  0.22  0.98
 15  0.50  0.73  1.32  0.88  0.73  5.06  2.98  3.05  1.37  1.63  1.00  0.70
 16  0.75  0.37  0.64  1.47  1.12  2.31  0.32  2.32  0.62  1.06  1.23  0.40
 17  0.85  0.54  1.12  0.84  1.92  2.03  1.58  0.97  0.95  0.73  1.27  0.35
 18  0.71  0.88  0.82  1.24  1.73  2.58  2.12  0.65  2.23  0.64  0.64  0.28
 19  0.52  1.00  1.02  1.15  1.20  3.17  3.14  6.65  3.45  0.41  1.76  0.46
 20  0.11  0.64  0.65  2.80  0.95  2.25  2.35  1.19  0.95  1.21  1.07  0.71
 21  0.60  0.50  0.55  1.27  1.60  1.67  2.35  1.84  2.07  0.82  1.21  0.39
 22  0.92  0.26  0.90  1.35  0.92  1.72  1.48  4.00  1.55  0.52  1.38  0.77
 23  0.55  0.61  2.06  1.13  1.08  2.35  2.64  3.00  0.97  2.30  0.75  0.75
 24  0.40  0.61  0.62  2.15  2.07  1.42  1.14  1.37  0.85  0.98  0.34  0.43
 25  0.94  0.21  1.88  0.94  0.73  1.63  1.01  2.64  1.44  0.52  0.35  0.56
 26  0.20  0.91  1.01  1.70  2.02  3.70  2.10  3.02  1.56  0.18  0.80  0.23
 27  0.56  0.40  1.52  1.50  0.73  0.90  2.69  0.90  0.52  1.17  0.41  1.27
 28  0.29  0.16  1.54  2.74  2.35  2.21  1.29  1.95  1.20  0.84  0.93  1.06
 29  0.92******  0.77  0.99  3.00  1.45  3.56  1.71  2.23  1.66  0.20  0.80
 30  0.14******  1.27  1.56  1.54  1.73  2.58  1.08  2.58  1.17  1.62  0.35
 31  0.15******  0.94******  1.65******  2.67  4.47******  0.79******  0.14
 
 RECORD LARGEST AND SMALLEST DAILY RANGES (MAX-MIN) DURING 1951-1999 FOR STATION NUMBER 6103
     JAN     FEB    MARCH   APRIL    MAY     JUNE    JULY    AUG     SEPT    OCT     NOV     DEC
 DY MX  MN  MX  MN  MX  MN  MX  MN  MX  MN  MX  MN  MX  MN  MX  MN  MX  MN  MX  MN  MX  MN  MX  MN
  1 35   3  42   8  38   5  38   3  40   7  37   9  32   9  34   7  39  11  43   7  38   3  31   2
  2 32   1  49   6  34   2  45   5  38   4  36   9  32  10  32   9  35  12  44   8  42   3  34   4
  3 40   3  35   5  35   3  45   4  42   3  40   6  31  11  31   4  36   3  41   4  35   4  33   4
  4 33   2  41   3  38   4  57   6  45   6  39   9  35  11  30   9  38  12  45   5  38   5  35   6
  5 34   4  38   5  36   4  40   6  38   8  38   9  30   9  37   5  36   2  46   6  34   3  27   5
  6 36   2  34   6  37   5  40   6  40   8  33  10  33   7  31   5  36  11  44   8  35   4  34   3
  7 33   2  33   4  39   8  42   5  42   4  33   8  33   8  36   6  40   8  40   7  37   6  32   2
  8 39   5  32   3  34   6  40   3  42   6  38   8  31  13  34   5  36   9  38   4  37   5  25   3
  9 33   7  38   5  35   2  46   5  40   6  36   9  32   7  33  12  37   5  38   7  43   4  32   4
 10 39   2  32   5  35   5  38   6  42   7  36  10  35   7  33   9  39   9  40   7  37   4  31   1
 11 42   3  36   2  35   5  47   4  38   9  36   5  30   9  32  11  37   8  37   7  39   1  38   5
 12 45   4  33   3  34   5  40   4  40   8  32   7  32  12  35   9  40   5  44   4  43   2  31   3
 13 41   4  37   3  35   3  42   3  45   6  36  15  35  11  32   9  35   6  44   6  40   4  39   4
 14 27   3  44   6  39   4  42   6  41   8  34   7  35   7  37   8  37   6  41   8  38   4  33   1
 15 40   5  36   4  38   6  45   2  36   9  35   6  32   6  33   6  39   6  43   5  42   6  35   2
 16 42   5  40   4  44   5  45   4  40   5  33  10  33  12  33  11  44   7  40   5  36   3  33   4
 17 38   5  33   4  38   3  48   4  39   5  35   4  32  14  32  13  36   4  38   5  30   4  35   5
 18 38   5  35   1  33   5  40   5  42   6  38   8  32  11  34   8  43   3  44   3  39   3  33   4
 19 33   2  35   4  32   3  50   5  38   4  32   4  35  15  30  11  45   6  40   4  43   6  26   3
 20 39   3  36   4  32   5  42   7  39  13  39  10  31   8  37   9  36   3  42   6  45   4  36   4
 21 37   3  42   5  31   3  44   8  38   9  34  10  31  10  34   8  37   9  39   5  30   3  43   5
 22 33   4  39   3  36   4  38   5  36   7  37  11  37   8  32   9  44   7  38   4  42   1  27   3
 23 44   5  38   1  37   3  45   8  37  10  34   8  32   5  32   7  40   3  36   6  32   4  34   4
 24 36   7  47   4  50   4  41   5  40   8  32   8  33   8  35   7  43   6  43   6  30   3  39   2
 25 36   3  38   4  37   4  45   5  37   5  31  12  31  10  34  11  42   9  41   4  42   2  32   1
 26 34   7  36   4  39   8  38   8  38   3  35   7  32  12  35   8  43  10  44   7  30   3  45   4
 27 36   4  43   4  38   4  36   6  32   6  35   4  33   4  37  10  42   8  45   5  36   4  38   5
 28 35   5  36   5  41   2  43   5  37   5  38  10  33  11  36   6  41   4  33   7  35   3  30   1
 29 36   5  **  **  44   3  43   6  37   6  38  13  31   7  37   9  44   6  43   4  33   3  41   2
 30 38   4  **  **  46   2  45   6  33   8  30   6  30  14  37   6  45   7  42   2  33   3  32   2
 31 40   5  **  **  40   4  **  **  34  12  **  **  33   8  35  11  **  **  39   3  **  **  32   2
 
 DAILY  MEAN  HIGHS AND LOWS OCCURRING DURING 1951-1999 FOR STATION NUMBER 6103
     JAN     FEB    MARCH   APRIL    MAY     JUNE    JULY    AUG     SEPT    OCT     NOV     DEC
 DY MX  MN  MX  MN  MX  MN  MX  MN  MX  MN  MX  MN  MX  MN  MX  MN  MX  MN  MX  MN  MX  MN  MX  MN
  1 23   7  24   5  34  15  48  30  64  40  74  51  83  60  83  59  78  55  69  43  50  33  33  18
  2 24   7  23   4  34  17  49  30  65  41  73  51  82  61  83  60  78  55  68  43  49  31  34  18
  3 23   5  24   4  33  17  49  29  66  42  76  51  82  60  83  61  78  56  67  42  48  30  34  18
  4 22   5  25   6  33  16  49  28  68  43  78  54  82  61  81  60  77  54  65  41  46  28  34  16
  5 22   2  25   5  34  16  50  29  68  45  79  55  82  60  81  59  77  53  65  41  46  27  32  16
  6 21   4  24   7  35  16  52  30  66  42  79  56  83  59  82  60  76  53  64  41  46  28  29  13
  7 19   1  25   5  33  13  53  31  65  42  78  57  83  60  81  59  79  53  64  41  46  27  29  14
  8 21   0  25   6  33  15  51  31  67  43  78  56  83  60  80  60  78  53  63  41  46  27  27  14
  9 20   3  26   6  35  17  51  30  66  44  77  56  83  60  80  59  75  54  61  39  44  27  28  12
 10 19   1  27  10  36  18  52  30  68  44  78  55  82  60  80  57  76  51  62  38  46  26  27  11
 11 21   2  26   9  38  21  54  32  69  45  78  57  83  61  80  57  75  50  62  39  44  26  28  11
 12 23   5  27   9  38  21  53  34  69  44  79  57  83  62  81  58  74  50  64  40  42  25  27  10
 13 24   6  29  11  38  22  53  33  70  45  82  57  83  62  81  59  73  50  63  40  43  26  27  10
 14 23   6  29  10  39  22  55  34  70  46  81  58  83  62  81  58  71  49  64  40  43  25  28  12
 15 22   3  29  11  38  20  58  34  71  47  79  58  82  60  81  58  70  48  62  39  44  25  27  11
 16 21   1  28  10  40  20  58  36  71  47  78  56  84  61  81  58  71  47  62  39  44  25  27  10
 17 23   5  31  11  40  22  60  36  72  48  79  57  85  63  82  59  72  49  61  38  43  26  26  10
 18 22   5  31  15  40  23  59  37  73  49  80  58  85  64  81  59  73  49  59  36  43  25  26  10
 19 22   4  31  13  39  24  61  38  72  48  81  58  85  63  81  59  71  49  57  35  40  24  26  10
 20 22   3  31  12  40  24  60  39  74  49  80  58  83  62  80  58  69  47  58  35  39  23  24   8
 21 23   5  31  12  40  22  60  38  74  49  80  58  83  62  79  58  68  46  59  36  38  22  24   8
 22 25   7  31  13  43  22  61  37  73  51  80  58  83  61  80  58  68  44  58  36  40  21  25  10
 23 24   4  32  14  43  24  60  37  73  49  80  58  82  62  79  58  66  42  57  36  37  21  25  10
 24 24   6  31  14  43  23  61  38  72  50  81  58  83  60  79  57  67  43  57  35  36  19  25   8
 25 22   5  32  12  43  25  64  39  71  50  82  59  84  61  80  57  69  44  56  35  37  21  24   8
 26 20   2  33  14  43  24  65  40  70  51  82  59  83  61  80  58  71  44  57  34  35  19  25   8
 27 20   2  33  17  47  26  63  40  72  51  82  60  82  61  81  59  68  44  57  34  33  17  25   8
 28 21   4  33  17  48  28  62  39  73  51  83  60  82  60  81  58  68  43  54  33  30  14  27  10
 29 22   3  **  **  45  28  63  40  73  52  83  61  82  60  81  58  67  44  54  33  31  15  26   9
 30 22   1  **  **  48  28  63  41  75  52  82  60  82  60  79  58  68  43  54  34  32  16  25   7
 31 23   2  **  **  50  29  **  **  75  53  **  **  82  60  79  56  **  **  52  34  **  **  24   8
  
  # OF DAYS EACH YEAR WHERE MIN >=32 F  1951-1999 FOR STATION # 6103
   51  52  53  54  55  56  57  58  59  60  61  62  63  64  65  66  67  68  69  70
  197 183 201 201 202 187 198 209 204 203 202 204 215 211 208 200 201 210 199 198
 
   71  72  73  74  75  76  77  78  79  80  81  82  83  84  85  86  87  88  89  90
  208 205 228 204 208 202 225 208 195 200 220 203 206 208 214 213 214 197 187 196
 
   91  92  93  94  95  96  97  98  99
  201 192 187 206 195 180 182 218 205
  
 MEAN=203
 
 LENGTH OF SEASON FOR STATION NUMBER 6103   BASE TEMP=32
 LAST SPRING OCCURENCE FIRST FALL OCCURENCE  LENGTH OF SEASON
   YEAR MONTH DAY DOY         MONTH DAY DOY
   1951   4    23 113           9    25 268          155
   1952   4    25 116           9    20 264          148
   1953   5    13 133           9    13 256          123
   1954   5    20 140          10    17 290          150
   1955   5     8 128          10    15 288          160
   1956   5    16 137           9    30 274          137
   1957   5     5 125          10    10 283          158
   1958   4    29 119          10     1 274          155
   1959   4    21 111          10     9 282          171
   1960   5    11 132          10    19 293          161
   1961   5     2 122           9    28 271          149
   1962   4    20 110          10    23 296          186
   1963   5    23 143          10    29 302          159
   1964   4    15 106           9    28 272          166
   1965   4    28 118           9    26 269          151
   1966   5    11 131          10     1 274          143
   1967   5     4 124           9    28 271          147
   1968   5    10 131          10     4 278          147
   1969   5    12 132          10    14 287          155
   1970   5     2 122          10     4 277          155
   1971   5    12 132          10    28 301          169
   1972   4    26 117           9    30 274          157
   1973   5     3 123          10    30 303          180
   1974   5     6 126           9    22 265          139
   1975   4    22 112          10     2 275          163
   1976   5     7 128          10     6 280          152
   1977   4     8  98          10     6 279          181
   1978   5     2 122          10     8 281          159
   1979   5    12 132          10     5 278          146
   1980   5     7 128          10     5 279          151
   1981   5    11 131           9    28 271          140
   1982   4    27 117          10    16 289          172
   1983   5    15 135           9    22 265          130
   1984   4    30 121           9    26 270          149
   1985   4     9  99          10     1 274          175
   1986   4    22 112          10     6 279          167
   1987   4     6  96          10     3 276          180
   1988   4    28 119          10     4 278          159
   1989   5     7 127           9    23 266          139
   1990   5     2 122          10    10 283          161
   1991   4    22 112           9    19 262          150
   1992   4    27 118           9    28 272          154
   1993   4    22 112           9    29 272          160
   1994   5     2 122          10    10 283          161
   1995   4    28 118           9    22 265          147
   1996   5     1 122          10     3 277          155
   1997   5    21 141          10    14 287          146
   1998   4    18 108          10     8 281          173
   1999   4    23 113           9    21 264          151
             MEAN=121              MEAN=277     MEAN=155
 
 LENGTH OF SEASON FOR STATION NUMBER 6103   BASE TEMP=30
 LAST SPRING OCCURENCE FIRST FALL OCCURENCE  LENGTH OF SEASON
   YEAR MONTH DAY DOY         MONTH DAY DOY
   1951   4    23 113           9    28 271          158
   1952   4    25 116          10     3 277          161
   1953   5    13 133           9    22 265          132
   1954   5     7 127          10    18 291          164
   1955   5     8 128          10    15 288          160
   1956   4    30 121           9    30 274          153
   1957   4    14 104          10    10 283          179
   1958   4    29 119          10     1 274          155
   1959   4    21 111          10    12 285          174
   1960   5     8 129          10    19 293          164
   1961   5     2 122           9    28 271          149
   1962   4    19 109          10    23 296          187
   1963   5    22 142          10    29 302          160
   1964   4     9 100          10     9 283          183
   1965   4    28 118          10    13 286          168
   1966   5    11 131          10    17 290          159
   1967   5     4 124           9    28 271          147
   1968   5     5 126          10     4 278          152
   1969   4    29 119          10    14 287          168
   1970   5     2 122          10    10 283          161
   1971   5    12 132          10    31 304          172
   1972   4    24 115           9    30 274          159
   1973   4    16 106          10    30 303          197
   1974   5     6 126           9    22 265          139
   1975   4    12 102          10     2 275          173
   1976   5     7 128          10     6 280          152
   1977   4     8  98          10    13 286          188
   1978   4    21 111          10     8 281          170
   1979   5    12 132          10     5 278          146
   1980   4    24 115          10    12 286          171
   1981   5    10 130          10     2 275          145
   1982   4    23 113          10    16 289          176
   1983   4    20 110           9    23 266          156
   1984   4    30 121           9    26 270          149
   1985   4     9  99          10    16 289          190
   1986   4    22 112          11     1 305          193
   1987   4     5  95          10     3 276          181
   1988   4    24 115          10     5 279          164
   1989   5     7 127           9    23 266          139
   1990   5     2 122          10    10 283          161
   1991   4    22 112           9    20 263          151
   1992   4    14 105           9    29 273          168
   1993   4    22 112          10     2 275          163
   1994   5     1 121          10    26 299          178
   1995   4    11 101          10    15 288          187
   1996   4    30 121          10     3 277          156
   1997   5    15 135          10    14 287          152
   1998   4    18 108          10    22 295          187
   1999   4    13 103          10     4 277          174
             MEAN=117              MEAN=281     MEAN=164
 
 LENGTH OF SEASON FOR STATION NUMBER 6103   BASE TEMP=28
 LAST SPRING OCCURENCE FIRST FALL OCCURENCE  LENGTH OF SEASON
   YEAR MONTH DAY DOY         MONTH DAY DOY
   1951   4    23 113           9    28 271          158
   1952   4    15 106          10     3 277          171
   1953   5    13 133          10     7 280          147
   1954   5     7 127          10    18 291          164
   1955   5     8 128          10    15 288          160
   1956   4    30 121          10     9 283          162
   1957   4    14 104          10    19 292          188
   1958   4    29 119          10     1 274          155
   1959   4    13 103          10    12 285          182
   1960   4    18 109          10    19 293          184
   1961   5     2 122          10    20 293          171
   1962   4    16 106          10    24 297          191
   1963   4     4  94          10    29 302          208
   1964   4     9 100          10     9 283          183
   1965   4    28 118          10    24 297          179
   1966   5    11 131          10    24 297          166
   1967   5     3 123           9    29 272          149
   1968   4    25 116          10     4 278          162
   1969   4    29 119          10    14 287          168
   1970   5     2 122          10    10 283          161
   1971   4    24 114          10    31 304          190
   1972   4     9 100          10    15 289          189
   1973   4    13 103          11     3 307          204
   1974   4     8  98           9    22 265          167
   1975   4    11 101          10    29 302          201
   1976   4    12 103          10     6 280          177
   1977   4     6  96          10    16 289          193
   1978   4    21 111          10    23 296          185
   1979   5    12 132          10    12 285          153
   1980   4    14 105          10    12 286          181
   1981   4    15 105          10     2 275          170
   1982   4    23 113          10    21 294          181
   1983   4    19 109          11    11 315          206
   1984   3    31  91           9    26 270          179
   1985   4     9  99          11     2 306          207
   1986   4    22 112          11     1 305          193
   1987   4     5  95          10     3 276          181
   1988   4    19 110          10     5 279          169
   1989   5     7 127           9    23 266          139
   1990   4    18 108          10    10 283          175
   1991   4    11 101          10     7 280          179
   1992   4    13 104          10    17 291          187
   1993   4    21 111          10     2 275          164
   1994   4     8  98          10    26 299          201
   1995   4    11 101          10    16 289          188
   1996   4    30 121          10     3 277          156
   1997   5    14 134          10    20 293          159
   1998   3    25  84          10    22 295          211
   1999   3    27  86          10     4 277          191
             MEAN=109              MEAN=287     MEAN=177
 
 LENGTH OF SEASON FOR STATION NUMBER 6103   BASE TEMP=26
 LAST SPRING OCCURENCE FIRST FALL OCCURENCE  LENGTH OF SEASON
   YEAR MONTH DAY DOY         MONTH DAY DOY
   1951   4    19 109          10    27 300          191
   1952   4    11 102          10     5 279          177
   1953   4    20 110          10    27 300          190
   1954   5     3 123          10    18 291          168
   1955   4     7  97          10    24 297          200
   1956   4    30 121          10     9 283          162
   1957   4    14 104          10    25 298          194
   1958   4    29 119          11     6 310          191
   1959   4    13 103          10    12 285          182
   1960   4    10 101          10    19 293          192
   1961   5     1 121          10    20 293          172
   1962   4    16 106          10    24 297          191
   1963   4     4  94          10    29 302          208
   1964   4     8  99          10     9 283          184
   1965   3    31  90          10    24 297          207
   1966   5    11 131          10    24 297          166
   1967   5     3 123          10    19 292          169
   1968   4    24 115          10    25 299          184
   1969   4     1  91          10    22 295          204
   1970   4    10 100          11    14 318          218
   1971   4    14 104          11     4 308          204
   1972   4     8  99          10    15 289          190
   1973   4    13 103          11     4 308          205
   1974   4     8  98           9    22 265          167
   1975   4    11 101          10    29 302          201
   1976   3    22  82          10     8 282          200
   1977   3    23  82          11    10 314          232
   1978   3    26  85          11     7 311          226
   1979   4    10 100          10    13 286          186
   1980   4    14 105          10    12 286          181
   1981   3    22  81          10     2 275          194
   1982   4    20 110          10    21 294          184
   1983   4    19 109          11    12 316          207
   1984   3    31  91          10    23 297          206
   1985   4     9  99          11     4 308          209
   1986   4    22 112          11     2 306          194
   1987   4     4  94          10     3 276          182
   1988   4    19 110          10     5 279          169
   1989   5     7 127          10     3 276          149
   1990   4    18 108          10    10 283          175
   1991   3    31  90          10    15 288          198
   1992   4    13 104          10    17 291          187
   1993   4     4  94          10    10 283          189
   1994   4     8  98          11     1 305          207
   1995   4    10 100          10    22 295          195
   1996   4    23 114          10    30 304          190
   1997   4    18 108          10    22 295          187
   1998   3    24  83          11     4 308          225
   1999   3    27  86          10     4 277          191
             MEAN=102              MEAN=294     MEAN=191
 
 LENGTH OF SEASON FOR STATION NUMBER 6103   BASE TEMP=24
 LAST SPRING OCCURENCE FIRST FALL OCCURENCE  LENGTH OF SEASON
   YEAR MONTH DAY DOY         MONTH DAY DOY
   1951   4    17 107          10    27 300          193
   1952   4    11 102          10     5 279          177
   1953   4    18 108          10    27 300          192
   1954   4     8  98          10    30 303          205
   1955   3    28  87          11     2 306          219
   1956   4    24 115          11     9 314          199
   1957   4    14 104          10    25 298          194
   1958   4    29 119          11     6 310          191
   1959   3    28  87          10    12 285          198
   1960   4    10 101          10    20 294          193
   1961   4    16 106          10    26 299          193
   1962   4    15 105          10    24 297          192
   1963   3    22  81          11     2 306          225
   1964   4     8  99          10     9 283          184
   1965   3    30  89          10    24 297          208
   1966   5    11 131          11     1 305          174
   1967   5     3 123          10    26 299          176
   1968   4     5  96          11    12 317          221
   1969   4     1  91          10    22 295          204
   1970   4     4  94          11    14 318          224
   1971   4     6  96          11     4 308          212
   1972   4     8  99          10    18 292          193
   1973   4    13 103          11     5 309          206
   1974   4     8  98          10     2 275          177
   1975   4     5  95          10    29 302          207
   1976   3    22  82          10     8 282          200
   1977   3    23  82          11    11 315          233
   1978   3    26  85          11    15 319          234
   1979   4    10 100          11     7 311          211
   1980   4    13 104          10    28 302          198
   1981   3    20  79          10    19 292          213
   1982   4    11 101          10    21 294          193
   1983   4    19 109          11    23 327          218
   1984   3    24  84          11     1 306          222
   1985   4     9  99          11     4 308          209
   1986   3    27  86          11     2 306          220
   1987   4     3  93          10     3 276          183
   1988   4    19 110          10    24 298          188
   1989   4    13 103          10    18 291          188
   1990   4    17 107          10    25 298          191
   1991   3    31  90          10    19 292          202
   1992   4    13 104          10    17 291          187
   1993   4     4  94          10    31 304          210
   1994   4     7  97          11    15 319          222
   1995   4     5  95          10    22 295          200
   1996   4     9 100          10    31 305          205
   1997   4    18 108          10    22 295          187
   1998   3    24  83          11     4 308          225
   1999   3    26  85          10    24 297          212
             MEAN= 98              MEAN=300     MEAN=202
 
 THESE ARE THE MONTHLY AVG. MAX TEMPS 1951-1999 FOR STATION #6103
 YEAR    JAN   FEB  MARCH APRIL  MAY  JUNE  JULY AUGUST SEPT   OCT   NOV   DEC   ANN
  
 1951   20.5  26.8  29.8  47.2  72.4  73.1  80.2  77.3  69.4  60.2  35.2  24.9  51.4
 1952   25.1  33.2  34.5  59.5  67.6  83.4  83.4  76.7  74.5  58.3  47.3  29.7  56.1
 1953   27.0  29.5  40.8  48.8  69.7  82.4  82.5  82.5  76.2  70.4  48.3  31.7  57.5
 1954   24.9  43.0  36.7  61.4  65.3  79.9  85.8  80.7  73.2  58.3  48.1  29.0  57.2
 1955   24.3  27.5  38.6  65.9  75.7  77.8  88.5  89.0  78.4  63.1  36.8  24.3  57.5
 1956   22.5  28.8  35.8  55.0  71.8  85.9  80.4  81.1  73.0  69.4  42.3  33.7  56.6
 1957   21.1  34.1  40.7  59.1  68.5  77.9  87.4  81.3  71.0  57.6  39.5  34.7  56.1
 1958   28.6  25.6  40.0  59.5  74.4  75.4  80.6  84.1  75.7  66.8  48.3  26.1  57.1
 1959   21.6  25.4  39.3  59.9  72.2  81.8  83.4  86.3  73.0  54.6  34.2  36.7  55.7
 1960   27.1  28.4  30.6  59.5  70.5  78.0  83.7  83.0  73.5  63.3  47.3  28.8  56.1
 1961   25.4  34.3  39.2  50.1  68.5  81.5  81.6  83.6  71.6  64.8  42.5  25.9  55.7
 1962   21.2  23.9  33.6  55.2  73.5  79.9  79.9  81.4  69.4  62.7  47.5  31.0  54.9
 1963   14.6  26.8  46.1  61.2  69.8  83.9  82.9  80.8  75.4  73.5  50.0  20.4  57.1
 1964   33.1  38.8  38.0  57.9  76.4  82.1  88.4  81.9  71.9  61.9  45.6  25.3  58.4
 1965   22.6  25.0  28.1  51.7  73.0  79.6  83.1  80.8  65.4  64.3  44.6  37.1  54.6
 1966   15.2  28.8  47.7  51.4  68.3  80.8  86.3  80.2  73.8  63.7  42.0  29.1  55.6
 1967   27.0  25.5  44.8  58.2  66.4  78.1  81.0  78.9  73.3  59.5  41.4  32.3  55.5
 1968   25.5  27.7  54.0  62.7  66.5  80.1  81.8  81.9  72.7  62.5  41.7  26.5  57.0
 1969   18.8  28.3  33.1  60.3  72.3  72.1  83.6  85.2  75.0  56.5  43.7  26.6  54.6
 1970   15.3  29.1  36.1  58.9  72.8  81.6  85.2  82.5  72.3  59.7  40.5  27.7  55.1
 1971   17.5  25.3  36.5  61.7  69.1  84.7  80.7  82.8  75.9  65.1  43.0  28.5  55.9
 1972   18.8  23.8  39.8  54.1  73.1  79.7  80.3  80.8  71.4  55.9  38.1  20.9  53.1
 1973   26.5  30.6  47.7  54.3  67.6  81.7  83.4  82.8  71.1  66.2  43.4  24.3  56.6
 1974   22.8  29.1  39.8  60.5  66.5  79.0  89.2  79.4  71.5  63.7  42.2  30.0  56.1
 1975   24.8  25.8  32.9  48.0  74.1  79.8  86.6  84.0  70.4  68.4  47.0  29.6  56.0
 1976   26.3  39.9  43.3  64.0  70.9  83.1  87.9  85.1  77.2  56.3  38.7  25.3  58.1
 1977   12.6  35.6  49.2  67.7  80.9  83.2  87.5  78.5  73.6  58.3  41.2  22.5  57.6
 1978   15.2  20.2  40.4  56.3  73.0  80.9  82.0  83.6  79.4  60.6  40.6  23.1  54.6
 1979    9.4  18.4  35.1  52.4  71.3  80.7  83.4  80.3  76.4  59.8  40.3  35.8  53.6
 1980   24.3  25.3  38.5  60.9  75.6  83.0  86.7  82.0  76.1  56.2  47.7  29.5  57.2
 1981   30.7  35.1  50.7  64.2  69.5  81.6  83.7  80.4  72.6  56.9  46.5  25.6  58.1
 1982   12.6  22.2  36.5  54.6  71.8  75.1  85.7  80.7  71.0  61.5  40.4  33.4  53.8
 1983   27.6  33.0  40.0  51.0  66.5  80.0  88.6  88.9  74.9  60.1  41.5  13.3  55.5
 1984   22.9  35.3  33.9  55.8  69.2  81.1  82.8  86.0  74.2  61.2  43.8  29.9  56.3
 1985   22.5  25.8  47.5  65.6  77.4  78.0  84.4  79.1  71.3  59.9  33.0  18.8  55.3
 1986   27.0  25.2  46.6  63.1  72.0  83.2  85.6  78.8  72.2  60.1  38.2  30.2  56.8
 1987   31.1  42.3  48.1  68.1  79.6  87.0  88.7  79.5  74.7  57.1  46.5  31.6  61.2
 1988   18.9  23.0  44.9  60.0  79.8  89.4  88.5  87.3  77.6  56.5  42.1  27.7  58.0
 1989   31.8  21.4  35.0  55.4  69.6  78.1  85.1  81.1  71.6  63.1  38.3  19.6  54.2
 1990   35.2  31.4  45.8  56.7  64.7  78.6  80.1  79.5  75.0  59.6  47.8  23.7  56.5
 1991   18.0  31.7  41.8  57.9  68.9  82.2  81.4  80.0  69.0  57.4  31.2  29.7  54.1
 1992   27.9  32.3  41.2  49.9  71.0  77.0  73.9  74.8  69.3  58.9  35.7  26.5  53.2
 1993   20.6  22.5  32.8  50.6  64.3  73.9  77.5  77.5  63.6  57.4  39.0  27.3  50.6
 1994   13.1  19.1  42.8  57.2  71.2  79.2  77.4  76.5  73.7  60.6  45.4  30.5  53.9
 1995   22.4  29.0  41.0  50.0  65.3  79.5  81.9  83.3  69.3  57.5  32.9  27.4  53.3
 1996   19.3  26.0  35.0  51.4  62.0  75.8  78.8  77.7  68.8  60.5  31.4  21.4  50.7
 1997   17.8  27.3  38.3  52.8  61.3  81.1  79.5  75.0  71.1  60.5  33.9  30.8  52.5
 1998   24.7  35.7  36.0  57.8  74.3  72.3  79.4  77.4  76.9  59.0  44.2  35.0  56.1
 1999   18.8  34.4  41.5  54.5  67.4  75.1  83.6  76.6  70.7  59.8  52.7  32.7  55.7
 MEANS  22.5  28.9  39.8  57.1  70.7  80.0  83.3  81.2  72.8  61.0  41.9  27.9  55.6
 
 THESE ARE THE MONTHLY AVG. MIN TEMPS 1951-1999 FOR STATION #6103
 YEAR    JAN   FEB  MARCH APRIL  MAY  JUNE  JULY AUGUST SEPT   OCT   NOV   DEC   ANN
  
 1951    0.8  10.1  12.5  32.9  50.3  53.9  60.0  57.2  46.1  39.7  17.7   9.4  32.6
 1952    4.6  19.3  20.2  34.8  45.6  58.9  59.1  53.2  44.3  28.8  21.8  15.2  33.8
 1953    8.6  12.4  22.6  32.0  45.6  60.2  60.5  58.7  46.0  42.0  26.4  14.5  35.8
 1954    1.8  24.1  18.3  36.1  41.5  59.4  62.4  58.9  52.2  38.9  28.5  16.9  36.6
 1955    7.2   6.5  17.2  40.5  48.2  53.4  67.1  63.2  50.5  39.0  18.3   4.4  34.6
 1956    3.5   7.7  17.9  30.4  47.1  60.3  57.6  59.5  45.7  42.3  24.9  15.2  34.3
 1957    0.1  16.6  22.2  36.0  46.8  57.2  66.1  60.4  48.2  37.8  25.3  18.4  36.3
 1958   15.0   5.1  23.3  35.7  47.1  52.4  58.6  59.7  50.7  41.0  25.5   6.5  35.0
 1959    0.8   3.3  21.4  35.8  50.0  58.2  59.6  64.5  50.7  35.9  15.3  23.2  34.9
 1960   10.9  10.9   9.5  36.3  46.9  54.8  59.7  61.1  52.8  38.1  27.1   9.4  34.8
 1961    5.5  14.9  25.2  31.3  43.9  57.3  60.0  60.3  49.8  40.2  26.1   9.6  35.3
 1962    1.9   9.1  17.1  32.8  53.7  57.4  60.2  58.8  47.9  42.7  29.3  12.8  35.3
 1963   -2.2   5.6  25.8  37.9  47.3  59.8  62.3  57.7  52.1  48.0  29.7   3.0  35.6
 1964   13.7  14.2  17.5  36.5  51.9  57.3  63.9  56.6  50.0  36.5  27.0   9.4  36.2
 1965    1.6   3.1  10.7  35.4  50.2  57.3  60.5  57.8  46.8  40.5  25.0  22.7  34.3
 1966   -3.5   7.4  27.1  33.3  41.7  57.2  63.8  56.1  47.8  37.0  23.5  12.4  33.6
 1967    8.3   2.4  24.8  36.6  42.3  57.8  58.1  54.3  46.6  36.5  23.2  14.5  33.8
 1968    7.0   7.6  26.4  35.8  42.1  57.5  59.8  59.0  49.5  40.4  25.9  10.0  35.1
 1969    0.9  10.8  13.1  36.5  47.6  50.7  62.1  58.9  49.7  35.9  24.3  10.7  33.4
 1970   -3.6   4.7  18.5  35.2  49.1  58.5  60.8  59.5  50.6  39.7  25.8   9.1  34.0
 1971   -1.8   9.7  20.2  34.4  43.3  62.2  58.2  57.0  51.6  45.5  27.8  13.8  35.2
 1972   -0.2   4.8  21.7  33.5  50.4  55.6  60.9  61.2  50.9  36.7  27.0   5.5  34.0
 1973   10.2  14.3  33.2  35.3  45.3  60.3  63.5  62.5  52.3  45.5  28.8  10.1  38.4
 1974    5.6  11.1  24.5  37.9  46.0  54.8  64.7  57.1  45.6  39.9  27.0  16.7  35.9
 1975    7.0  10.0  15.9  32.6  51.4  58.6  62.6  62.0  47.6  40.6  28.7  15.9  36.1
 1976    5.6  20.3  25.0  39.3  46.1  57.8  62.3  58.2  46.9  33.9  17.5   1.7  34.5
 1977   -7.5  14.0  31.1  42.4  55.8  58.9  64.4  57.5  53.1  38.1  24.8   9.5  36.8
 1978   -3.9   1.8  20.4  37.3  48.7  58.4  61.9  59.6  54.4  38.7  23.2   6.5  33.9
 1979   -6.6  -0.5  19.6  33.5  44.9  56.6  61.0  59.7  50.1  38.2  24.5  17.0  33.2
 1980    7.9   6.8  17.5  35.7  48.5  57.3  62.8  61.3  51.8  36.4  27.6  13.7  35.6
 1981    9.7  16.0  27.4  40.3  46.5  57.4  63.2  59.4  48.5  36.1  28.4   8.2  36.8
 1982   -7.3   6.7  21.5  30.3  51.3  53.0  62.2  58.7  51.2  39.4  23.5  18.3  34.1
 1983   12.5  19.3  26.0  32.2  42.8  58.5  63.9  62.3  50.0  40.8  30.1  -2.6  36.3
 1984    7.0  20.3  18.0  36.6  46.7  59.4  60.1  61.9  47.6  43.2  26.6  12.6  36.7
 1985    2.5   9.3  29.8  41.4  52.4  54.9  60.9  57.1  52.0  40.0  18.1  -1.1  34.8
 1986   10.4  10.8  27.9  39.4  50.0  60.4  64.6  56.2  53.8  41.2  19.2  18.0  37.6
 1987   15.0  22.9  30.4  40.2  52.7  60.8  65.0  56.2  47.6  30.9  31.3  19.1  39.3
 1988   -0.5   4.9  25.1  34.4  50.7  60.3  62.5  62.8  51.3  32.7  26.0  10.6  35.1
 1989   13.7  -0.7  18.8  33.4  44.7  54.8  62.0  58.1  46.5  35.6  17.5   0.6  32.1
 1990   14.7  10.3  26.6  33.6  44.1  57.9  60.0  59.8  52.3  34.6  26.4   5.4  35.5
 1991   -0.7  13.5  24.0  37.1  52.5  62.1  60.7  58.7  47.6  34.4  17.0  14.2  35.1
 1992   12.7  20.5  23.5  32.1  46.4  53.7  55.4  53.4  45.9  35.0  24.8  12.3  34.6
 1993    1.7   6.3  17.6  32.3  46.9  54.7  60.8  59.8  44.5  34.1  22.1  13.7  32.9
 1994   -4.3   0.3  23.2  33.5  46.3  59.6  58.0  55.3  52.1  41.1  27.8  15.3  34.0
 1995    7.2   9.0  23.0  31.0  44.8  59.2  61.5  63.8  45.6  36.9  18.0  11.5  34.3
 1996    0.6   8.4  13.9  29.8  44.6  57.7  58.3  56.7  48.2  36.0  16.4   7.5  31.5
 1997    1.0  10.0  21.8  29.4  38.8  56.9  60.3  56.1  48.7  36.6  20.1  18.7  33.2
 1998   10.0  23.1  22.3  37.8  51.6  55.7  60.0  60.6  51.5  39.1  27.4  15.0  37.8
 1999    2.3  19.5  22.7  37.0  48.8  56.9  63.3  57.8  45.8  34.0  28.4  13.4  35.8
 MEANS   4.2  10.6  21.7  35.2  47.4  57.4  61.4  58.9  49.2  38.3  24.4  11.6  35.0
 
 THESE ARE THE MONTHLY AVG. MEAN TEMPS 1951-1999 FOR STATION #6103
 YEAR    JAN   FEB  MARCH APRIL  MAY  JUNE  JULY AUGUST SEPT   OCT   NOV   DEC   ANN
  
 1951   10.7  18.4  21.2  40.1  61.4  63.5  70.1  67.2  57.8  49.9  26.4  17.2  42.0
 1952   14.9  26.3  27.3  47.1  56.6  71.2  71.2  64.9  59.4  43.6  34.5  22.5  45.0
 1953   17.8  20.9  31.7  40.4  57.7  71.3  71.5  70.6  61.1  56.2  37.4  23.1  46.7
 1954   13.4  33.5  27.5  48.8  53.4  69.7  74.1  69.8  62.7  48.6  38.3  23.0  46.9
 1955   15.7  17.0  27.9  53.2  62.0  65.6  77.8  76.1  64.4  51.0  27.5  14.3  46.1
 1956   13.0  18.3  26.9  42.7  59.5  73.1  69.0  70.3  59.3  55.8  33.6  24.5  45.5
 1957   10.6  25.3  31.5  47.5  57.7  67.6  76.7  70.8  59.6  47.7  32.4  26.6  46.2
 1958   21.8  15.4  31.6  47.6  60.8  63.9  69.6  71.9  63.2  53.9  36.9  16.3  46.1
 1959   11.2  14.4  30.4  47.9  61.1  70.0  71.5  75.4  61.8  45.3  24.8  30.0  45.3
 1960   19.0  19.7  20.1  47.9  58.7  66.4  71.7  72.1  63.2  50.7  37.2  19.1  45.5
 1961   15.5  24.6  32.2  40.7  56.2  69.4  70.8  72.0  60.7  52.5  34.3  17.8  45.5
 1962   11.5  16.5  25.4  44.0  63.6  68.6  70.0  70.1  58.7  52.7  38.4  21.9  45.1
 1963    6.2  16.2  36.0  49.5  58.5  71.9  72.6  69.3  63.8  60.7  39.9  11.7  46.4
 1964   23.4  26.5  27.8  47.2  64.1  69.7  76.1  69.3  61.0  49.2  36.3  17.4  47.3
 1965   12.1  14.1  19.4  43.5  61.6  68.4  71.8  69.3  56.1  52.4  34.8  29.9  44.5
 1966    5.8  18.1  37.4  42.3  55.0  69.0  75.0  68.2  60.8  50.4  32.8  20.7  44.6
 1967   17.6  13.9  34.8  47.4  54.3  67.9  69.6  66.6  60.0  48.0  32.3  23.4  44.7
 1968   16.3  17.6  40.2  49.3  54.3  68.8  70.8  70.4  61.1  51.5  33.8  18.2  46.0
 1969    9.8  19.6  23.1  48.4  60.0  61.4  72.8  72.0  62.3  46.2  34.0  18.6  44.0
 1970    5.8  16.9  27.3  47.0  61.0  70.1  73.0  71.0  61.5  49.7  33.1  18.4  44.6
 1971    7.9  17.5  28.3  48.0  56.2  73.4  69.4  69.9  63.8  55.3  35.4  21.2  45.5
 1972    9.3  14.3  30.8  43.8  61.7  67.6  70.6  71.0  61.2  46.3  32.5  13.2  43.5
 1973   18.4  22.4  40.5  44.8  56.5  71.0  73.4  72.6  61.7  55.9  36.1  17.2  47.5
 1974   14.2  20.1  32.2  49.2  56.2  66.9  76.9  68.2  58.6  51.8  34.6  23.4  46.0
 1975   15.9  17.9  24.4  40.3  62.8  69.2  74.6  73.0  59.0  54.5  37.8  22.8  46.0
 1976   16.0  30.1  34.1  51.7  58.5  70.4  75.1  71.6  62.1  45.1  28.1  13.5  46.3
 1977    2.5  24.8  40.1  55.1  68.4  71.1  76.0  68.0  63.3  48.2  33.0  16.0  47.2
 1978    5.7  11.0  30.4  46.8  60.9  69.7  72.0  71.6  66.9  49.7  31.9  14.8  44.3
 1979    1.4   8.9  27.4  42.9  58.1  68.7  72.2  70.0  63.3  49.0  32.4  26.4  43.4
 1980   16.1  16.0  28.0  48.3  62.1  70.2  74.8  71.7  64.0  46.3  37.6  21.6  46.4
 1981   20.2  25.6  39.0  52.3  58.0  69.5  73.5  69.9  60.5  46.5  37.5  16.9  47.5
 1982    2.7  14.5  29.0  42.4  61.5  64.1  74.0  69.7  61.1  50.5  31.9  25.8  43.9
 1983   20.0  26.1  33.0  41.6  54.7  69.3  76.2  75.6  62.5  50.5  35.8   5.4  45.9
 1984   15.0  27.8  26.0  46.2  58.0  70.3  71.4  74.0  60.9  52.2  35.2  21.3  46.5
 1985   12.5  17.5  38.7  53.5  64.9  66.5  72.6  68.1  61.7  49.9  25.5   8.9  45.0
 1986   18.7  18.0  37.2  51.3  61.0  71.8  75.1  67.5  63.0  50.6  28.7  24.1  47.2
 1987   23.0  32.6  39.2  54.2  66.2  73.9  76.8  67.9  61.1  44.0  38.9  25.4  50.3
 1988    9.2  13.9  35.0  47.2  65.2  74.8  75.5  75.0  64.4  44.6  34.0  19.1  46.5
 1989   22.8  10.4  26.9  44.4  57.2  66.5  73.5  69.6  59.0  49.3  27.9  10.1  43.1
 1990   25.0  20.8  36.2  45.2  54.4  68.2  70.0  69.6  63.6  47.1  37.1  14.6  46.0
 1991    8.6  22.6  32.9  47.5  60.7  72.1  71.1  69.4  58.3  45.9  24.1  21.9  44.6
 1992   20.3  26.4  32.4  41.0  58.7  65.3  64.6  64.1  57.6  46.9  30.3  19.4  43.9
 1993   11.2  14.4  25.2  41.5  55.6  64.3  69.1  68.7  54.1  45.8  30.6  20.5  41.7
 1994    4.4   9.7  33.0  45.3  58.8  69.4  67.7  65.9  62.9  50.8  36.6  22.9  44.0
 1995   14.8  19.0  32.0  40.5  55.1  69.4  71.7  73.5  57.4  47.2  25.4  19.5  43.8
 1996    9.9  17.2  24.5  40.6  53.3  66.8  68.5  67.2  58.5  48.2  23.9  14.5  41.1
 1997    9.4  18.7  30.0  41.1  50.0  69.0  69.9  65.5  59.9  48.5  27.0  24.8  42.8
 1998   17.3  29.4  29.1  47.8  63.0  64.0  69.7  69.0  64.2  49.0  35.8  25.0  46.9
 1999   10.6  26.9  32.1  45.8  58.1  66.0  73.4  67.2  58.2  46.9  40.5  23.0  45.7
 MEANS  13.4  19.7  30.8  46.2  59.0  68.7  72.4  70.0  61.0  49.6  33.2  19.7  45.3
 
 THESE ARE THE MONTHLY PRECIP TOTALS AND NUMBER OF MISSING DAYS 1951-1999 FOR STATION #6103
 YEAR    JAN   FEB  MARCH APRIL  MAY  JUNE  JULY AUGUST SEPT   OCT   NOV   DEC   ANN
  
 1951   0.36  1.51  4.98  4.54  2.08  6.27  0.00  0.00  3.48  2.31  1.04  0.96 27.53
           0     0     0     0     0     3    31    31     0     0     0     0    65
 1952   2.17  0.38  1.99  1.28  3.77  4.69  3.78  4.99  0.42  0.00  1.15  0.90 25.52
           0     0     0     0     0     0     0     1     0     0     1     0     2
 1953   1.64  0.82  1.96  3.67  2.45  4.56  6.50  5.64  0.65  0.15  2.05  1.55 31.64
           1     0     0     0     0     0     1     0     0     0     0     0     2
 1954   0.65  0.57  0.00  3.96  5.10 11.01  3.12  4.34  3.02  3.25  0.46  0.00 35.48
           0     0    31     0     0     1     0     0     0     0     0    31    63
 1955   0.30  1.14  1.03  2.49  2.11  5.27  6.79  1.29  1.31  0.58  0.16  0.36 22.83
           0     0     0     0     0     0     0     0     0     0     0     0     0
 1956   1.42  0.00  2.86  3.18  3.71  2.57  5.30  3.35  1.10  0.91  0.88  0.48 25.76
           0    29     2     0     0     0     0     0     0     0     0     0    31
 1957   0.57  0.14  1.81  1.24 11.29  5.13  3.22  4.12  1.20  1.86  3.80  0.37 34.75
           0     1     0     0     0     0     0     0     0     0     0     0     1
 1958   0.49  0.12  0.86  3.78  0.96  2.47  3.65  2.23  2.77  0.27  0.95  0.16 18.71
           0     0     0     0     0     0     0     0     0     0     0     0     0
 1959   0.45  1.75  3.27  1.65  7.89  6.75  1.48  9.45  4.82  1.79  1.33  1.32 41.95
           0     0     0     0     0     0     0     0     0     0     0     0     0
 1960   0.25  0.59  1.00  2.25  6.34  6.50  2.51  3.35  3.07  0.63  0.60  1.14 28.23
           0     0     0     0     0     0     0     0     0     0     0     0     0
 1961   0.18  1.66  4.05  1.87  3.09  2.32  7.40  2.06  3.41  5.09  1.26  1.35 33.74
           0     0     0     0     0     0     0    10     0     0     0     0    10
 1962   0.13  1.93  1.06  3.34  3.49  3.19  5.08  7.08  2.95  2.34  0.00  0.22 30.81
           0     0     0     0     0     0     0     0     0     0     0     0     0
 1963   0.59  0.77  2.07  2.29  4.07  4.71  6.04  2.15  1.24  0.70  1.61  0.50 26.74
           0     0     0     0     0     0     0     0     0     0     0     0     0
 1964   0.39  0.03  1.15  5.96  3.84  1.90  1.46  3.41  5.88  0.09  1.41  0.95 26.47
           0     0     0     0     0     0     0     0     0     0     0     0     0
 1965   0.71  1.34  3.87  3.76  4.54  2.45  4.36  2.42 15.19  0.40  1.60  1.90 42.54
           0     0     0     0     0     0     0     0     0     0     0     0     0
 1966   0.70  1.00  3.04  2.16  1.58  4.71  2.73  2.23  1.32  2.10  0.27  0.84 22.68
           0     0     0     0     0     0     0     0     0     0     0     0     0
 1967   1.58  0.85  1.52  2.82  3.17  7.09  3.64  2.41  1.11  1.63  0.24  0.59 26.65
           0     0     0     0     0     0     0     0     0     0     0     0     0
 1968   0.74  0.11  0.70  5.39  3.56  5.90  5.72  3.41  7.15  2.68  0.24  1.94 37.54
           0     0     0     0     0     0     0     0     0     0     0     0     0
 1969   2.61  0.46  0.50  1.73  3.80  8.57  4.21  0.18  1.94  2.75  0.71  2.46 29.92
           0     0     0     0     0     0     0     0     0     0     0     0     0
 1970   0.14  0.15  1.41  2.21  6.62  1.90  4.84  1.03  4.68  4.84  2.08  1.20 31.10
           0     0     0     0     0     0     0     0     0     0     0     0     0
 1971   2.14  3.08  0.99  0.41  2.30  8.69  1.63  0.61  2.59  4.97  3.35  0.85 31.61
           0     0     0     0     0     0     0     0     9     1     0     0    10
 1972   0.60  0.35  0.81  2.09  4.27  3.06  5.89  2.58  9.13  3.20  1.15  2.08 35.21
           0     0     0     0     0     0     0     0     0     0     0     0     0
 1973   1.18  0.00  3.05  4.38  4.67  3.78  4.30  2.73  6.86  3.48  2.66  1.77 38.86
           0    28     0     0     0     0     0     0     0     0     0     0    28
 1974   0.29  0.47  2.35  2.19  5.93  3.40  3.16  4.52  1.08  2.14  1.28  0.59 27.40
           0     0     0     0     0     0     0     0     0     0     0     0     0
 1975   1.88  0.46  1.96  4.84  3.65  7.74  1.31  8.19  0.57  0.21  3.80  1.06 35.67
           0     0     0     0     0     0     0     0     0     0     0     0     0
 1976   0.27  0.79  3.58  2.54  2.77  1.60  0.83  1.59  0.92  1.03  0.04  0.51 16.47
           0     0     0     0     0     0     0     0     0     0     0     0     0
 1977   0.32  0.70  3.56  3.12  1.71  4.31  2.96  5.52  3.62  2.87  0.93  0.68 30.30
           0     0     0     0     0     0     0     0     0     0     0     0     0
 1978   0.85  0.47  0.25  2.80  4.89  8.98  7.46  2.03  5.26  1.44  1.90  0.65 36.98
           0     0     0     0     0     0     0     0     0     0     0     0     0
 1979   1.20  0.29  3.37  2.06  2.92  1.66  4.20  7.99  0.96  4.07  2.14  0.42 31.28
           0     0     0     0     0     0     0     0     0     0     0     0     0
 1980   1.51  0.59  0.60  1.09  4.75  4.35  3.88 12.51  2.72  1.38  0.02  0.35 33.75
           0     0     0     0     0     0     0     0     0     0     0     0     0
 1981   0.11  1.29  1.08  5.50  4.30  4.08  6.14  9.84  1.11  2.33  0.88  1.09 37.75
           0     0     0     0     0     0     0     0     1     0     0     0     1
 1982   1.98  0.41  1.54  2.90  6.76  2.47  3.56  7.70  5.55  2.49  3.29  2.70 41.35
           0     0     0     0     0     0     0     0     0     0     0     0     0
 1983   0.67  1.20  2.86  2.57  3.26  4.39  1.27  3.67  5.64  1.95  4.55  0.80 32.83
           0     0     0     0     0     0     0     0     0     0     0     0     0
 1984   0.34  1.64  1.44  3.92  4.12  7.88  3.30  1.36  1.15  5.76  1.01  1.55 33.47
           0     0     0     2     0     0     0     0     0     0     0     0     2
 1985   0.56  0.25  1.97  2.10  2.68  3.54  1.96  4.50  7.37  1.37  2.58  0.84 29.72
           0     0     0     0     0     0     0     0     0     0     0     0     0
 1986   0.20  0.21  2.62  4.29  4.83  3.13  5.15  5.45  4.20  3.81  0.98  0.39 35.26
           0     0     0     0     0     0     0     0     0     0     0     0     0
 1987   0.32  0.16  1.41  1.09  1.75  1.97  5.31  3.60  1.54  0.76  2.61  2.34 22.86
           0     0     0     0     0     0     0     0     0     0     0     0     0
 1988   1.32  0.08  0.90  3.45  1.04  1.30  2.24  3.79  5.66  0.33  3.01  1.31 24.43
           5     0     0     0     0     0     0     0     0     0     0     0     5
 1989   0.22  0.22  1.97  2.46  1.61  1.56  4.35  2.85  2.92  1.32  0.61  0.01 20.10
           0     0     0     0     0     0     0     0     0     0     0     2     2
 1990   0.86  0.60  4.45  4.74  4.19  3.86 11.58 12.92  1.86  2.01  0.56  2.40 50.03
           0     0     0     0     0     0     1     0     0     0     0     1     2
 1991   0.65  0.29  3.82  5.80  7.49  3.26  5.62  4.78  4.04  1.39  5.65  1.35 44.14
           0     0     0     0     0     0     0     0     0     0     0     0     0
 1992   1.29  0.89  2.79  2.75  4.12  2.27  2.97  2.18  3.57  1.79  3.98  1.68 30.28
           0     0     0     0     0     0     0     0     0     0     0     0     0
 1993   0.92  1.15  1.99  6.39  6.12  8.99  7.24  7.93  2.55  0.86  0.78  1.07 45.99
           0     0     0     0     0     0     0     0     0     0     0     0     0
 1994   1.38  1.08  0.00  3.55  2.56  5.74  6.85  3.18  4.29  2.85  1.35  0.91 33.74
           0     0     0     0     0     0     0     0     0     0     0     0     0
 1995   0.59  0.07  3.07  3.63  5.54  3.84  2.38  5.07  3.22  3.01  0.69  0.49 31.60
           0     0     0     0     0     0     0     0     0     0     0     0     0
 1996   2.11  0.00  2.76  1.24  3.53  5.21  1.65  4.67  1.40  2.99  4.33  1.15 31.04
           0     0     0     0     0     0     0     0     0     0     0     0     0
 1997   1.44  0.81  1.90  2.01  3.62  4.45  7.38  2.07  2.69  2.56  0.33  0.62 29.88
           0     0     0     0     0     0     0     0     0     0     0     0     0
 1998   1.70  0.43  2.21  4.74  3.34  7.60  1.87  6.99  2.62  4.22  0.89  0.22 36.83
           0     0     0     0     0     0     0     0     0     0     0     0     0
 1999   1.35  0.80  1.21  6.70  6.48  6.05 10.76  1.57  1.33  1.37  0.58  0.52 38.72
           0     0     0     0     0     0     0     0     0     0     0     0     0
 
 MEANS  0.90  0.70  2.03  3.16  4.05  4.64  4.27  4.24  3.33  2.09  1.59  1.01 32.00
 PRECIPITATION MEANS AND TOTALS ARE BASED ON DATA AVAILABLE
 NO ATTEMPT WAS MADE TO ESTIMATE MISSING PRECIPITATION DATA
 *****************************************************************************************
 *****************************************************************************************
 
 THESE ARE THE MONTHLY HEATING DEGREE DAYS 1951-1999 FOR STATION #6103
 YEAR    JAN    FEB   MARCH  APRIL   MAY    JUNE   JULY  AUGUST  SEPT   OCT   NOV   DEC
 
 1951  1684.5 1304.5 1359.0  749.5  150.0   86.0   20.5   31.5  221.5  477.5 1157.0 1483.0
 1952  1554.5 1123.5 1168.5  547.0  283.5   19.5   14.0   67.0  206.5  664.0  914.5 1319.0
 1953  1462.5 1233.5 1032.5  738.0  265.0   26.5    8.5    7.0  166.5  294.0  829.0 1298.5
 1954  1600.5  881.0 1161.5  487.5  368.5   51.5    1.5    5.5  118.0  512.5  800.5 1302.5
 1955  1528.0 1344.5 1149.5  354.0  140.5   60.5    0.0    9.0  109.0  438.5 1123.5 1571.0
 1956  1612.5 1355.5 1182.0  669.5  223.5   22.0    4.5   27.5  189.5  295.5  943.0 1256.0
 1957  1686.0 1110.5 1040.0  525.0  242.0   41.0    0.0   14.5  182.5  535.5  978.0 1191.0
 1958  1338.5 1390.0 1034.0  524.5  161.5   92.0   10.0   29.0   99.5  351.5  842.5 1510.5
 1959  1668.5 1418.0 1074.0  514.0  178.5   25.5    9.0    2.5  176.0  611.5 1206.5 1086.0
 1960  1426.5 1314.0 1393.0  526.5  206.0   38.0    4.0    3.0  169.0  449.0  834.0 1422.5
 1961  1535.5 1132.5 1016.5  730.0  298.5   26.0    0.5    4.0  207.5  387.0  921.0 1464.5
 1962  1657.5 1358.5 1228.0  638.5  137.5   42.0   15.0    3.0  215.0  396.0  799.0 1337.0
 1963  1823.0 1367.5  900.0  463.5  233.0   18.5    2.5   29.0   92.5  165.0  753.5 1653.5
 1964  1288.5 1117.0 1154.5  534.0  103.5   37.5    0.0   47.5  184.5  490.5  861.0 1477.0
 1965  1638.5 1426.5 1413.5  643.5  147.0   11.5    0.0   35.5  280.0  399.5  906.0 1088.0
 1966  1834.5 1313.0  856.0  679.5  333.5   32.5    0.5   35.5  168.0  459.0  967.5 1372.0
 1967  1469.0 1430.0  937.5  529.0  367.0   20.0   35.5   49.5  164.0  531.5  981.0 1291.0
 1968  1511.0 1374.0  768.5  475.0  339.0   45.5   12.0   31.0  140.0  439.5  936.0 1450.0
 1969  1710.5 1272.5 1300.0  498.0  213.5  139.5    7.0    0.0  127.5  592.5  929.0 1437.0
 1970  1835.0 1347.0 1168.0  563.0  196.5   31.0    7.5    4.5  183.5  480.0  956.5 1445.5
 1971  1770.5 1331.0 1136.5  509.0  280.5   10.0   27.0   16.5  145.5  315.0  888.5 1358.0
 1972  1726.5 1471.0 1061.5  636.5  191.0   59.5   22.0   40.0  153.5  579.5  973.5 1606.5
 1973  1445.5 1191.5  761.0  605.5  273.5    8.5    0.5    4.0  147.5  295.5  867.5 1482.5
 1974  1574.5 1257.5 1017.5  483.0  291.5   51.5    0.0   31.5  225.5  409.5  911.0 1290.0
 1975  1521.5 1319.5 1258.5  741.5  152.0   41.5   17.0    0.0  222.0  346.5  814.5 1309.0
 1976  1520.5 1012.0  956.5  410.5  221.5    7.5    0.0    8.5  146.5  629.5 1106.5 1597.5
 1977  1936.0 1126.0  771.0  320.5   44.0   10.0    0.0   30.5   91.5  520.5  961.0 1520.0
 1978  1839.5 1512.5 1075.0  546.0  196.0   24.0    3.5    7.0   74.0  475.5  993.0 1557.0
 1979  1971.0 1569.5 1166.0  662.0  248.5   29.5    2.0   30.5  108.0  499.0  977.5 1196.5
 1980  1515.5 1420.0 1146.0  515.0  173.0   18.0    0.0    4.5  106.0  579.0  821.0 1345.0
 1981  1388.0 1104.0  805.0  391.0  227.5    9.5   15.0    7.0  165.5  573.5  826.0 1490.5
 1982  1932.0 1415.0 1115.0  677.0  130.5   71.5    0.0   35.5  166.5  450.5  992.0 1214.0
 1983  1393.5 1089.0  992.0  702.0  319.5   36.5    0.0    0.0  172.0  460.0  876.0 1849.0
 1984  1551.5 1078.5 1210.0  564.0  234.5    6.5    5.0    6.0  186.5  397.5  894.0 1356.0
 1985  1627.5 1329.0  816.5  389.5   71.0   67.0    0.0   20.0  219.0  467.0 1184.0 1739.5
 1986  1435.5 1317.0  865.0  415.0  158.0    9.0    0.0   36.5  112.0  446.0 1089.0 1268.0
 1987  1301.5  907.5  798.5  341.5   82.0    8.0    1.0   60.5  143.5  651.5  782.0 1229.0
 1988  1729.5 1480.5  929.5  534.0   72.5    8.0    1.5   15.5   83.0  632.0  929.0 1421.5
 1989  1309.0 1530.0 1181.5  619.0  268.5   72.5    1.5   13.5  213.0  487.0 1113.0 1701.5
 1990  1240.5 1237.0  892.5  614.0  334.0   53.5    9.0    9.0  148.0  560.0  837.0 1563.5
 1991  1747.5 1187.0  995.0  535.0  235.5   12.5   14.5   25.5  253.0  591.5 1226.5 1335.5
 1992  1385.5 1119.0 1011.0  719.5  228.0   69.5   68.0   88.0  233.5  560.5 1042.5 1414.0
 1993  1669.0 1416.5 1234.0  706.5  296.0   85.5    6.5   26.0  332.5  603.5 1032.5 1379.5
 1994  1879.0 1549.0  992.5  600.0  237.0   27.5   16.5   54.0  134.5  439.0  852.0 1305.0
 1995  1557.0 1288.0 1022.0  734.5  309.5   51.5   15.0    0.0  251.0  557.5 1187.5 1412.0
 1996  1707.5 1386.5 1257.0  732.5  386.0   74.0   14.0   10.5  235.5  519.5 1232.0 1566.5
 1997  1723.5 1297.0 1083.5  717.0  464.0   12.0   37.5   51.0  174.0  539.5 1140.5 1247.5
 1998  1477.5  996.0 1111.5  517.0  132.5  119.0    6.5    3.0   96.5  495.5  875.5 1240.0
 1999  1687.0 1066.0 1019.5  577.5  234.0   82.0    2.0   20.0  238.0  561.0  733.5 1300.5
 *****************************************************************************************
 MEANS 1629.9 1300.9 1080.0  578.7  229.3   41.3    9.0   22.4  173.1  489.6  971.8 1428.6
 
 THESE ARE THE MONTHLY COOLING DEGREE DAYS 1951-1999 FOR STATION #6103
 YEAR    JAN   FEB  MARCH APRIL  MAY  JUNE  JULY AUGUST SEPT   OCT   NOV   DEC   ANN
 
 1951    0.0   0.0   0.0   1.5  37.0  40.5 178.0 101.0   4.0  10.5   0.0   0.0
 1952    0.0   0.0   0.0  11.0  23.5 204.5 207.5  65.0  39.0   0.0   0.0   0.0
 1953    0.0   0.0   0.0   0.0  38.5 216.0 211.0 180.5  50.0  21.5   0.0   0.0
 1954    0.0   0.0   0.0   0.0  10.0 191.0 284.5 153.5  48.5   3.0   0.0   0.0
 1955    0.0   0.0   0.0   0.0  46.5  79.0 396.0 353.5  92.0   5.0   0.0   0.0
 1956    0.0   0.0   0.0   0.5  51.5 265.5 129.5 192.0  20.0  10.5   0.0   0.0
 1957    0.0   0.0   0.0   1.5  14.5 117.5 363.5 195.0  20.5   0.0   0.0   0.0
 1958    0.0   0.0   0.0   3.0  30.5  59.5 153.0 243.0  45.0   7.5   0.0   0.0
 1959    0.0   0.0   0.0   0.0  57.0 176.0 211.5 324.0  81.5   0.0   0.0   0.0
 1960    0.0   0.0   0.0  13.0  11.0  80.5 211.5 222.0 114.5   5.5   0.0   0.0
 1961    0.0   0.0   0.0   0.0  25.5 157.5 180.0 219.5  79.0   0.5   0.0   0.0
 1962    0.0   0.0   0.0   8.0  95.0 150.5 171.0 161.0  25.0  15.0   0.0   0.0
 1963    0.0   0.0   0.0   0.0  33.0 224.5 238.5 161.0  56.0  32.5   0.0   0.0
 1964    0.0   0.0   0.0   0.0  77.0 177.5 344.5 179.5  63.0   0.0   0.0   0.0
 1965    0.0   0.0   0.0   0.0  42.5 114.5 209.5 168.5  12.0   8.0   0.0   0.0
 1966    0.0   0.0   0.0   0.0  23.5 153.0 311.5 133.5  42.0   5.0   0.0   0.0
 1967    0.0   0.0   1.5   2.0  35.5 108.0 177.0  99.5  13.0   5.0   0.0   0.0
 1968    0.0   0.0   0.0   2.5   7.0 159.5 192.0 199.0  22.5  20.0   0.0   0.0
 1969    0.0   0.0   0.0   0.0  57.0  31.0 250.0 217.5  48.0  10.5   0.0   0.0
 1970    0.0   0.0   0.0  24.0  71.0 183.5 255.0 190.5  78.0   5.5   0.0   0.0
 1971    0.0   0.0   0.0   0.5   7.0 263.0 164.0 169.0 108.5  15.5   0.0   0.0
 1972    0.0   0.0   0.0   0.0  89.5 138.0 196.5 227.0  38.0   0.0   0.0   0.0
 1973    0.0   0.0   0.0   0.0   9.5 188.5 262.0 240.5  48.5  12.0   0.0   0.0
 1974    0.0   0.0   0.0   9.5  19.5 109.0 369.5 131.5  32.5   0.0   0.0   0.0
 1975    0.0   0.0   0.0   0.0  82.5 166.5 316.0 247.5  41.0  21.0   0.0   0.0
 1976    0.0   0.0   0.0  10.5  19.5 170.0 312.0 214.0  59.0  11.5   0.0   0.0
 1977    0.0   0.0   0.0  22.5 149.0 192.5 340.5 123.5  42.0   0.0   0.0   0.0
 1978    0.0   0.0   2.0   0.0  68.5 164.5 219.5 211.5 130.0   0.0   0.0   0.0
 1979    0.0   0.0   0.0   0.0  34.0 139.0 226.0 185.5  56.0   2.5   0.0   0.0
 1980    0.0   0.0   0.0  14.0  82.5 173.0 303.5 211.0  75.0   0.0   0.0   0.0
 1981    0.0   0.0   0.0   9.0  11.0 144.0 278.0 158.5  32.0   0.0   0.0   0.0
 1982    0.0   0.0   0.0   0.0  22.5  43.5 278.0 182.0  50.0   0.0   0.0   0.0
 1983    0.0   0.0   0.0   0.0   0.0 164.5 348.5 329.0  96.0   9.0   0.0   0.0
 1984    0.0   0.0   0.0   0.5  16.5 164.5 204.5 283.5  62.5   1.0   0.0   0.0
 1985    0.0   0.0   0.0  44.0  68.0 111.0 237.0 115.5 118.5   0.0   0.0   0.0
 1986    0.0   0.0   4.5   3.5  33.0 212.5 313.5 113.5  53.0   0.0   0.0   0.0
 1987    0.0   0.0   0.0  16.0 118.5 275.5 368.0 150.0  27.5   0.0   0.0   0.0
 1988    0.0   0.0   0.0   0.0  79.5 302.5 327.0 326.0  66.5   0.0   0.0   0.0
 1989    0.0   0.0   0.0   0.0  26.0 117.0 266.0 156.0  34.0   1.5   0.0   0.0
 1990    0.0   0.0   0.0  18.5   5.5 150.5 165.5 152.5 106.5   5.5   0.0   0.0
 1991    0.0   0.0   0.0  10.0 101.5 226.5 203.0 160.5  53.0   0.0   0.0   0.0
 1992    0.0   0.0   0.0   0.0  32.5  80.0  56.5  59.5  12.5   0.5   0.0   0.0
 1993    0.0   0.0   0.0   0.0   4.5  64.0 134.5 139.5   4.5   7.5   0.0   0.0
 1994    0.0   0.0   0.0  10.0  43.5 159.0 101.0  83.0  71.0   0.0   0.0   0.0
 1995    0.0   0.0   0.0   0.0   1.5 183.0 221.5 265.0  24.0   6.5   0.0   0.0
 1996    0.0   0.0   0.0   0.0  23.0 126.5 124.0  79.5  40.5   0.0   0.0   0.0
 1997    0.0   0.0   0.0   0.0   0.0 132.5 190.0  67.5  21.5  29.5   0.0   0.0
 1998    0.0   0.0   0.0   0.0  69.0  90.0 151.5 127.0  72.0   0.0   0.0   0.0
 1999    0.0   0.0   0.0   0.0  20.0 112.0 263.5  88.5  35.0   0.0   0.0   0.0
 *****************************************************************************************
 MEANS   0.0   0.0   0.2   5.0  42.6 156.4 243.8 184.2  54.4   6.2   0.0   0.0
 
 THESE ARE THE HEAT STRESS VARIABLES 1951-1999 FOR STATION #6103
             # OF DAYS MAXT >86                           HEAT INDEX
 YEAR   MAY  JUNE  JULY   AUG  SEPT  TOTAL     MAY    JUNE   JULY   AUG    SEPT  TOTAL
 1951   0.0   0.0   5.0   1.0   0.0    6.0      0.0    0.0    6.0    5.0    0.0   11.0
 1952   2.0  10.0   9.0   0.0   3.0   24.0      4.0   27.0   21.0    0.0   10.0   62.0
 1953   2.0   7.0   7.0   9.0   2.0   27.0      9.0   50.0   26.0   44.0   14.0  143.0
 1954   1.0   7.0  16.0   2.0   0.0   26.0      3.0   20.0   73.0    7.0    0.0  103.0
 1955   3.0   2.0  21.0  21.0   6.0   53.0      5.0    7.0  122.0  144.0   39.0  317.0
 1956   2.0  15.0   5.0   7.0   1.0   30.0      5.0   86.0   11.0   25.0    2.0  129.0
 1957   0.0   2.0  19.0   6.0   1.0   28.0      0.0    4.0   88.0   27.0    1.0  120.0
 1958   0.0   4.0   2.0  14.0   1.0   21.0      0.0   13.0   10.0   51.0    2.0   76.0
 1959   3.0   9.0   9.0  17.0   3.0   41.0      6.0   25.0   23.0   78.0   10.0  142.0
 1960   0.0   0.0  12.0   6.0   7.0   25.0      0.0    0.0   39.0   19.0   44.0  102.0
 1961   1.0   9.0   5.0   8.0   3.0   26.0      4.0   40.0   11.0   29.0    8.0   92.0
 1962   5.0   7.0   6.0   5.0   1.0   24.0      9.0   17.0   14.0    8.0    1.0   49.0
 1963   0.0  12.0   8.0   6.0   0.0   26.0      0.0   47.0   25.0   10.0    0.0   82.0
 1964   4.0  11.0  20.0   9.0   2.0   46.0     15.0   49.0  126.0   61.0    5.0  256.0
 1965   1.0   2.0   7.0   8.0   0.0   18.0      2.0    3.0   33.0   50.0    0.0   88.0
 1966   2.0   8.0  17.0   9.0   1.0   37.0      6.0   23.0   78.0   25.0    1.0  133.0
 1967   3.0   1.0   7.0   0.0   0.0   11.0     15.0    4.0   11.0    0.0    0.0   30.0
 1968   0.0   8.0   5.0  10.0   0.0   23.0      0.0   35.0   16.0   52.0    0.0  103.0
 1969   3.0   1.0  11.0  14.0   1.0   30.0     12.0    4.0   45.0   37.0    3.0  101.0
 1970   6.0   8.0  16.0   7.0   3.0   40.0     13.0   39.0   57.0   25.0    7.0  141.0
 1971   0.0  13.0   5.0   6.0   5.0   29.0      0.0   57.0   12.0   24.0   24.0  117.0
 1972   7.0   4.0   6.0  13.0   0.0   30.0     21.0   14.0   20.0   68.0    0.0  123.0
 1973   0.0   7.0  11.0   9.0   0.0   27.0      0.0   25.0   37.0   30.0    0.0   92.0
 1974   0.0   6.0  21.0   2.0   0.0   29.0      0.0   11.0  140.0    5.0    0.0  156.0
 1975   6.0   7.0  20.0  12.0   0.0   45.0     13.0   20.0   93.0   37.0    0.0  163.0
 1976   0.0   8.0  16.0  15.0   4.0   43.0      0.0   23.0   89.0   61.0   15.0  188.0
 1977  10.0   9.0  18.0   1.0   0.0   38.0     19.0   49.0   99.0    1.0    0.0  168.0
 1978   3.0   6.0  10.0   9.0  10.0   38.0     13.0   20.0   29.0   29.0   44.0  135.0
 1979   4.0   8.0  10.0   6.0   0.0   28.0      8.0   17.0   20.0   18.0    0.0   63.0
 1980   6.0   9.0  17.0   8.0   4.0   44.0     19.0   46.0   79.0   28.0   10.0  182.0
 1981   0.0   5.0  13.0   1.0   1.0   20.0      0.0   18.0   48.0    2.0    2.0   70.0
 1982   1.0   1.0  12.0   6.0   0.0   20.0      1.0    3.0   51.0   28.0    0.0   83.0
 1983   0.0   8.0  19.0  20.0   5.0   52.0      0.0   34.0  115.0  115.0   19.0  283.0
 1984   0.0   5.0   5.0  18.0   4.0   32.0      0.0   13.0   19.0   73.0   13.0  118.0
 1985   3.0   5.0   7.0   5.0   5.0   25.0      6.0   40.0   26.0   14.0   19.0  105.0
 1986   1.0   9.0  13.0   3.0   1.0   27.0      3.0   37.0   59.0    8.0    3.0  110.0
 1987   7.0  17.0  19.0   6.0   1.0   50.0     30.0  103.0  122.0   28.0    3.0  286.0
 1988   5.0  20.0  19.0  15.0   4.0   63.0     18.0  139.0  116.0  135.0   13.0  421.0
 1989   0.0   4.0  13.0   5.0   0.0   22.0      0.0   15.0   67.0   16.0    0.0   98.0
 1990   0.0   4.0   4.0   2.0   4.0   14.0      0.0    9.0   18.0    6.0   11.0   44.0
 1991   2.0   7.0   8.0   4.0   0.0   21.0      3.0   39.0   42.0   11.0    0.0   95.0
 1992   2.0   3.0   0.0   1.0   0.0    6.0      6.0    6.0    0.0    4.0    0.0   16.0
 1993   0.0   0.0   1.0   3.0   0.0    4.0      0.0    0.0    1.0    5.0    0.0    6.0
 1994   1.0   4.0   0.0   2.0   2.0    9.0      3.0   13.0    0.0    4.0    9.0   29.0
 1995   0.0   8.0   7.0  10.0   0.0   25.0      0.0   43.0   42.0   31.0    0.0  116.0
 1996   2.0   6.0   2.0   1.0   0.0   11.0      6.0   22.0    7.0    3.0    0.0   38.0
 1997   0.0   4.0   5.0   0.0   0.0    9.0      0.0    8.0   13.0    0.0    0.0   21.0
 1998   5.0   2.0   0.0   0.0   4.0   11.0     13.0    5.0    0.0    0.0    8.0   26.0
 1999   0.0   0.0  13.0   2.0   0.0   15.0      0.0    0.0   42.0    4.0    0.0   46.0
 *****************************************************************************************
 MEANS  2.2   6.6  10.5   7.3   1.9   28.4      6.1   27.8   47.4   31.5    7.3  120.0
