 
 THIS IS FOR STATION NUMBER 6566 1951-> 1999
                                 # OF PRECIPITATION EVENTS - % IN PARENS
 CL                   MAX   MEAN  0.01-  0.26-  0.51-  1.01-          # OF DAYS
 WK    TIME PERIOD    VAL   RAIN    0.25   0.51   1.00   2.00  >2.01 MISSING TOTAL
  1 3/1-->3/7        1.08   0.39  63(69) 17(18) 10(10)  1( 1)  0( 0)    7       91
  2 3/8-->3/14       1.88   0.52  52(60) 14(16) 16(18)  4( 4)  0( 0)    7       86
  3 3/15-->3/21      1.50   0.36  54(68) 15(18)  8(10)  2( 2)  0( 0)    7       79
  4 3/22-->3/28      1.65   0.46  57(70)  6( 7) 12(14)  6( 7)  0( 0)   10       81
  5 3/29-->4/4       2.29   0.61  71(66) 19(17) 10( 9)  6( 5)  1( 0)   10      107
  6 4/5-->4/11       1.41   0.50  54(62) 17(19) 11(12)  5( 5)  0( 0)    0       87
  7 4/12-->4/18      2.92   0.78  63(54) 32(27) 15(12)  5( 4)  1( 0)    0      116
  8 4/19-->4/25      2.67   0.80  77(64) 18(15) 15(12)  9( 7)  1( 0)    0      120
  9 4/26-->5/2       2.39   0.94  72(58) 22(17) 18(14)  9( 7)  3( 2)    0      124
 10 5/3-->5/9        3.55   0.91  69(57) 24(19) 18(14)  8( 6)  2( 1)    0      121
 11 5/10-->5/16      2.50   0.76  57(53) 23(21) 21(19)  4( 3)  2( 1)    0      107
 12 5/17-->5/23      3.36   0.96  69(55) 23(18) 23(18)  8( 6)  2( 1)    0      125
 13 5/24-->5/30      2.90   1.28  65(48) 29(21) 23(17) 13( 9)  5( 3)    0      135
 14 5/31-->6/6       2.31   0.67  67(62) 19(17) 17(15)  3( 2)  2( 1)    7      108
 15 6/7-->6/13       4.05   1.21  50(43) 28(24) 20(17) 15(12)  3( 2)    7      116
 16 6/14-->6/20      3.13   1.26  62(47) 28(21) 25(19) 10( 7)  6( 4)    7      131
 17 6/21-->6/27      2.36   1.01  55(51) 16(15) 17(16) 16(15)  2( 1)    7      106
 18 6/28-->7/4       4.26   1.29  49(46) 13(12) 22(20) 14(13)  7( 6)    7      105
 19 7/5-->7/11       3.19   0.96  47(47) 21(21) 17(17) 10(10)  4( 4)    7       99
 20 7/12-->7/18      3.25   0.79  63(60) 16(15) 18(17)  5( 4)  3( 2)    7      105
 21 7/19-->7/25      2.52   0.81  48(51) 19(20) 18(19)  4( 4)  5( 5)    7       94
 22 7/26-->8/1       2.21   0.84  39(44) 18(20) 15(17) 14(16)  1( 1)    6       87
 23 8/2-->8/8        4.83   1.00  53(52) 17(17) 14(14) 11(11)  5( 5)    0      100
 24 8/9-->8/15       4.23   0.94  49(52) 16(17) 19(20)  4( 4)  6( 6)    0       94
 25 8/16-->8/22      3.15   0.92  59(58) 14(13)  9( 8) 16(15)  3( 2)    1      101
 26 8/23-->8/29      2.84   1.02  56(51) 24(22) 10( 9) 16(14)  3( 2)    0      109
 27 8/30-->9/5       1.92   0.83  41(44) 18(19) 22(23) 11(11)  0( 0)    0       92
 28 9/6-->9/12       1.85   0.75  42(48) 16(18) 17(19) 12(13)  0( 0)    0       87
 29 9/13-->9/19      3.21   0.72  56(56) 21(21) 16(16)  6( 6)  1( 1)    0      100
 30 9/20-->9/26      1.97   0.67  62(62) 16(16) 13(13)  8( 8)  0( 0)    0       99
 31 9/27-->10/3      2.77   0.53  47(61) 12(15) 12(15)  5( 6)  1( 1)    0       77
 32 10/4-->10/10     1.75   0.57  44(53) 17(20) 14(17)  7( 8)  0( 0)    0       82
 33 10/11-->10/17    2.23   0.46  47(65)  8(11) 12(16)  4( 5)  1( 1)    0       72
 34 10/18-->10/24    1.77   0.56  42(54) 11(14) 18(23)  6( 7)  0( 0)    0       77
 35 10/25-->10/31    2.06   0.46  48(65) 10(13)  9(12)  5( 6)  1( 1)    0       73
 36 11/1-->11/7      2.06   0.48  61(68) 12(13) 13(14)  2( 2)  1( 1)    1       89
 37 11/8-->11/14     1.08   0.32  50(68) 11(15) 10(13)  2( 2)  0( 0)    1       73
 38 11/15-->11/21    1.40   0.47  44(61) 10(13) 12(16)  6( 8)  0( 0)    0       72
 39 11/22-->11/28    1.12   0.24  62(80) 11(14)  3( 3)  1( 1)  0( 0)    1       77
 40 11/29-->12/5     1.07   0.21  55(78)  8(11)  6( 8)  1( 1)  0( 0)    3       70
 41 12/6-->12/12     1.26   0.24  53(76)  9(13)  6( 8)  1( 1)  0( 0)    0       69
 42 12/13-->12/19    1.24   0.21  56(82)  6( 8)  5( 7)  1( 1)  0( 0)    1       68
 43 12/20-->12/26    0.89   0.21  64(84)  7( 9)  5( 6)  0( 0)  0( 0)    0       76
 44 12/27-->1/2      1.77   0.25  61(78) 11(14)  4( 5)  2( 2)  0( 0)    0       78
 45 1/3-->1/9        1.37   0.19  47(79)  8(13)  3( 5)  1( 1)  0( 0)    0       59
 46 1/10-->1/16      0.64   0.17  59(85)  8(11)  2( 2)  0( 0)  0( 0)    0       69
 47 1/17-->1/23      0.60   0.20  61(80) 14(18)  1( 1)  0( 0)  0( 0)    0       76
 48 1/24-->1/30      0.65   0.15  64(90)  5( 7)  2( 2)  0( 0)  0( 0)    0       71
 49 1/31-->2/6       0.91   0.17  54(81)  8(12)  4( 6)  0( 0)  0( 0)    0       66
 50 2/7-->2/13       0.58   0.16  61(89)  6( 8)  1( 1)  0( 0)  0( 0)    0       68
 51 2/14-->2/20      0.96   0.26  55(75) 11(15)  7( 9)  0( 0)  0( 0)    2       73
 52 2/21-->2/27      1.13   0.24  57(76) 13(17)  4( 5)  1( 1)  0( 0)    7       75
 53 2/28-->2/29      0.88   0.03   5(71)  1(14)  1(14)  0( 0)  0( 0)    1        7
 ANNUAL TOTALS       4.83   2918(61)796(16)643(13)300( 6) 72( 1)  121     4729
 
 THESE ARE THE MONTHLY AVERAGES FOR 1951-->1999 FOR STATION NUMBER 6566
   JAN  FEB  MAR  APR  MAY  JUN  JUL  AUG  SPT  OCT  NOV  DEC  ANNUAL
   0.79 0.85 1.97 3.16 4.22 4.74 3.90 4.25 3.10 2.19 1.58 0.97 31.72  <-- PRECIP
  
   18.3 24.4 35.5 49.8 61.8 71.4 75.6 73.0 64.4 52.7 37.3 24.5  53.7  <-- TEMP
 
 TWELVE SIGNIFICANT RAINFALL EVENTS  
 MONTH  DAY  YEAR   AMOUNT
   8      6  1963     4.83
   6     30  1986     4.26
   8     14  1981     4.23
   6     10  1953     4.05
   7      1  1973     3.96
   7      2  1958     3.66
   5      6  1960     3.55
   5     18  1974     3.36
   7     17  1996     3.25
   7      7  1952     3.19
   8     22  1954     3.15
   9     13  1978     3.21
 
 GROWING DEGREE DAYS FOR 4 BASE TEMPS FOR STATION NUMBER  6566
               MARCH                       APRIL  
     ****************************  *************************** 
 YEAR  40-86  48-86  50-86  52-86   40-86  48-86  50-86  52-86  
     ****************************  *************************** 
 1951     41     11      7      4    238    127    108     91
 1952     81     39     33     28    378    246    218    194
 1953    167     83     66     51    233    116     93     74
 1954     90     27     18     11    486    315    280    246
 1955    151     80     67     54    511    339    305    273
 1956    147     66     54     45    350    229    205    182
 1957    138     66     52     42    375    240    212    187
 1958     81     32     22     15    372    223    191    162
 1959    118     55     43     35    342    205    177    151
 1960     17      4      2      1    417    265    233    203
 1961     97     37     27     20    252    137    117     97
 1962     65     30     26     22    356    216    189    164
 1963    194    118    105     93    430    268    232    200
 1964    108     53     42     32    366    224    196    171
 1965      8      2      1      0    310    183    158    134
 1966    241    142    119     99    275    147    123    102
 1967    213    139    123    108    382    231    198    168
 1968    267    167    147    129    371    224    195    169
 1969     32     12      7      3    347    205    177    149
 1970     43      6      4      2    393    256    224    195
 1971     69     30     25     20    401    264    235    206
 1972    124     62     51     42    305    173    147    124
 1973    160     60     46     34    309    182    156    132
 1974    150     69     56     46    377    234    201    170
 1975     42     13      8      5    253    131    110     92
 1976    151     82     70     59    418    259    224    193
 1977    209    111     94     77    506    344    307    273
 1978     85     44     36     29    295    161    135    110
 1979     66     25     19     15    246    131    108     88
 1980     86     33     24     17    344    217    192    168
 1981    214    113     94     77    484    317    281    249
 1982     87     29     22     16    285    173    148    127
 1983    115     64     53     44    180     99     85     72
 1984     25      2      1      0    250    122    100     79
 1985    188     91     72     56    455    292    261    232
 1986    206    119    105     92    401    251    221    192
 1987    205    118    102     87    428    286    258    233
 1988    196    113     95     79    325    205    177    152
 1989    135     78     66     55    391    253    221    192
 1990    176     93     79     65    366    229    199    171
 1991    207    119    101     85    388    235    205    177
 1992    193    102     85     70    256    137    115    100
 1993     64     29     23     17    240    131    111     95
 1994    183    101     87     74    376    248    222    197
 1995    168     90     74     60    241    136    114     93
 1996    113     52     42     33    294    181    158    137
 1997    157     76     62     50    264    160    138    116
 1998    115     65     57     49    325    187    158    131
 1999    155     77     61     49    319    177    150    124
     ****************************  *************************** 
 MEAN  129.7   66.2   54.8   45.1  345.3  210.7  183.3  158.2
 STDV   64.4   41.3   36.5   31.9   78.1   61.3   56.9   52.6
 
               MAY                         JUNE   
     ****************************  *************************** 
 YEAR  40-86  48-86  50-86  52-86   40-86  48-86  50-86  52-86  
     ****************************  *************************** 
 1951    697    479    427    378    765    531    474    419
 1952    599    390    345    305    987    749    691    633
 1953    639    430    385    344    978    739    680    621
 1954    546    368    327    288    968    730    673    616
 1955    728    491    442    398    813    580    525    474
 1956    707    496    452    408    993    757    699    641
 1957    596    383    340    299    853    615    557    500
 1958    722    516    470    425    795    558    503    451
 1959    719    490    438    387    931    691    631    573
 1960    650    435    384    336    826    588    530    473
 1961    577    382    340    301    867    629    573    523
 1962    850    611    556    501    877    638    579    524
 1963    658    435    384    336    971    731    672    615
 1964    781    549    497    450    853    621    566    511
 1965    805    582    529    476    882    642    583    526
 1966    596    407    369    334    881    643    585    529
 1967    533    353    316    283    857    621    563    507
 1968    521    338    300    264    904    665    607    552
 1969    649    436    389    346    738    512    462    415
 1970    744    525    477    430    899    659    599    543
 1971    537    344    302    262   1012    772    712    653
 1972    663    439    389    344    841    602    546    492
 1973    564    359    313    270    939    699    640    581
 1974    572    367    324    282    799    562    505    452
 1975    723    510    462    416    870    632    574    517
 1976    556    363    322    283    853    616    559    504
 1977    854    615    557    501    922    682    624    567
 1978    620    410    366    324    884    648    593    540
 1979    584    392    351    313    849    613    557    504
 1980    657    460    415    375    859    623    567    513
 1981    579    393    352    312    906    666    606    547
 1982    690    458    403    350    746    512    461    412
 1983    495    298    261    227    884    652    596    542
 1984    521    328    288    251    915    675    616    557
 1985    727    500    452    407    774    539    489    441
 1986    650    421    370    325    934    694    634    575
 1987    775    546    496    449    963    726    668    611
 1988    797    567    517    471    951    713    655    600
 1989    620    428    387    346    816    582    527    474
 1990    544    343    299    259    924    685    626    568
 1991    763    538    487    438    985    745    685    625
 1992    648    447    405    365    850    613    557    503
 1993    595    375    332    291    824    588    531    477
 1994    652    449    407    367    922    685    627    569
 1995    509    306    266    229    879    639    582    527
 1996    509    303    263    226    871    637    579    523
 1997    460    289    256    224    930    690    631    574
 1998    783    545    490    437    794    566    512    458
 1999    632    403    355    311    868    629    572    515
     ****************************  *************************** 
 MEAN  645.1  434.8  389.2  346.1  881.9  644.8  587.6  532.2
 STDV   98.5   84.7   80.2   75.6   66.9   65.0   63.4   61.1
 
               JULY                        AUGUST 
     ****************************  *************************** 
 YEAR  40-86  48-86  50-86  52-86   40-86  48-86  50-86  52-86  
     ****************************  *************************** 
 1951    976    728    666    606    955    707    646    585
 1952   1034    787    726    665    908    661    602    545
 1953   1045    797    735    675    970    722    662    604
 1954   1099    851    789    727    994    746    684    622
 1955   1134    886    824    762   1043    795    734    675
 1956    989    741    679    617    995    750    692    635
 1957   1104    856    794    732    996    749    689    632
 1958    926    678    616    555    973    729    670    612
 1959    982    734    672    611   1083    835    773    712
 1960    992    744    683    622   1015    767    705    643
 1961    996    748    686    624    956    708    646    586
 1962    980    733    674    615    974    727    667    608
 1963   1041    793    731    669    935    687    627    569
 1964   1043    795    733    671    864    622    565    510
 1965   1040    792    730    669    943    696    636    576
 1966   1096    848    786    724    874    629    572    518
 1967    927    683    627    572    877    645    591    538
 1968   1012    764    702    641    942    694    633    573
 1969   1032    784    722    660    985    737    675    613
 1970   1012    765    705    646    976    728    666    607
 1971    935    692    633    575    922    679    622    566
 1972    972    727    668    610    940    693    632    573
 1973   1031    783    721    659   1010    762    700    638
 1974   1083    835    773    712    830    586    529    477
 1975   1012    764    705    647   1001    753    691    630
 1976   1039    791    729    669    935    689    631    573
 1977   1085    837    775    713    874    628    568    512
 1978    992    744    682    620    954    709    650    591
 1979    992    744    682    620    933    685    623    562
 1980   1060    812    750    688    989    741    679    618
 1981   1031    783    721    659    917    670    612    555
 1982   1031    783    721    659    924    678    619    562
 1983   1102    854    792    730   1097    849    787    725
 1984    976    728    666    605    971    728    669    612
 1985    973    725    664    603    842    595    535    480
 1986   1072    824    762    700    846    606    548    491
 1987   1066    818    756    694    898    650    590    531
 1988   1015    767    705    644   1030    791    733    675
 1989   1039    791    729    667    940    694    635    577
 1990   1014    766    704    642    992    744    682    622
 1991   1020    772    711    650    971    723    661    601
 1992    884    636    574    515    809    566    509    458
 1993    996    748    686    624    993    745    683    622
 1994    941    693    631    571    889    643    588    534
 1995   1023    775    714    653   1093    845    783    721
 1996    948    700    639    579    931    683    621    560
 1997   1033    785    723    662    917    669    607    548
 1998   1055    807    745    683   1031    783    721    659
 1999   1112    864    802    740    928    680    618    557
     ****************************  *************************** 
 MEAN 1020.5  772.8  711.4  650.4  952.6  706.5  646.4  587.8
 STDV   53.5   53.1   52.6   51.8   64.9   63.7   62.5   60.5
 
               SEPTEMBER                   OCTOBER
     ****************************  *************************** 
 YEAR  40-86  48-86  50-86  52-86   40-86  48-86  50-86  52-86  
     ****************************  *************************** 
 1951    626    417    371    328    328    200    174    152
 1952    746    541    496    452     69     45     40     36
 1953    747    543    501    461    134    100     92     84
 1954    790    565    515    466    435    269    233    200
 1955    795    580    531    484    294    202    182    163
 1956    712    509    466    426    608    413    373    337
 1957    627    421    381    343    270    163    140    118
 1958    755    532    483    437    184    122    108     95
 1959    694    483    435    390    133     71     59     49
 1960    728    509    460    414    318    215    193    173
 1961    622    430    386    345      0      0      0      0
 1962    643    448    404    363    458    298    263    232
 1963    752    527    476    428    682    480    435    392
 1964    702    486    437    388    124     80     71     62
 1965    624    407    360    316    404    258    229    201
 1966    650    455    414    376      0      0      0      0
 1967    576    390    353    318      0      0      0      0
 1968    672    456    409    366     76     56     51     46
 1969    716    497    449    404    236    160    143    128
 1970    692    478    429    386    231    152    135    120
 1971    755    547    499    452    570    383    341    300
 1972    729    515    465    416    234    156    140    124
 1973    678    452    400    353    531    351    311    273
 1974    412    277    248    220      0      0      0      0
 1975    594    396    351    307    277    196    178    161
 1976    663    464    420    380    117     85     79     73
 1977    744    513    462    413    154     86     72     59
 1978    796    580    528    477    306    191    165    140
 1979    734    526    483    440    167    115    102     89
 1980    726    516    467    422     55     38     35     32
 1981    686    473    426    386     26     18     17     16
 1982    669    464    416    372    320    206    181    160
 1983    721    515    468    426    371    220    191    163
 1984    610    420    376    336      0      0      0      0
 1985    705    499    450    404      0      0      0      0
 1986    774    550    495    441    171     97     83     70
 1987    696    473    425    381     37     28     26     24
 1988    722    509    462    418     57     36     31     26
 1989    518    363    326    290      0      0      0      0
 1990    806    586    538    490    168    109     98     87
 1991    714    520    475    431     68     42     38     34
 1992    632    442    399    356    258    165    146    129
 1993    541    339    296    259    169    121    110     99
 1994    730    514    465    420    420    269    235    204
 1995    616    424    380    341    322    211    188    166
 1996    607    412    368    328    428    275    240    207
 1997    732    512    465    419    406    284    257    232
 1998    852    622    568    515    433    264    231    200
 1999    632    440    398    360     31     19     16     13
     ****************************  *************************** 
 MEAN  687.2  480.6  434.5  390.9  226.3  148.2  131.5  115.9
 STDV   80.8   67.4   64.1   60.6  181.6  120.8  107.7   95.6
 
 DAILY RECORD HIGHS AND LOWS OCCURRING DURING 1951-1999 FOR STATION NUMBER 6566
     JAN     FEB    MARCH   APRIL    MAY     JUNE    JULY    AUG     SEPT    OCT     NOV     DEC
 DY MX  MN  MX  MN  MX  MN  MX  MN  MX  MN  MX  MN  MX  MN  MX  MN  MX  MN  MX  MN  MX  MN  MX  MN
  1  54 -16  59 -23  62 -30  81  19  88  31  92  38 100  48 104  50  96  37  92  26  83  19  64  -2
  2  54 -16  55 -27  75 -12  85  18  90  27  89  43  96  50 100  51  95  44  93  20  77   9  66  -1
  3  54 -12  62 -29  72   1  85   9  90  28  90  37  97  47 100  49  93  34  91  26  77   8  64  -3
  4  50 -15  54 -27  77 -11  78   9  91  26  94  41 100  46 100  45  96  34  94  27  76   3  61   0
  5  65 -21  56 -25  67 -24  80  16  91  24  92  44  98  42  97  45  94  36  95  26  72   3  67  -4
  6  50 -23  60 -20  67 -15  85   6  87  29 100  40  99  46  92  48  96  38  94  22  68  10  64  -9
  7  47 -24  54 -19  71  -9  89  12  92  27  92  43  99  48  97  45  95  37  91  22  75 -13  51 -13
  8  58 -23  65 -22  74  -5  81  20  91  29  92  43  98  52 102  47  97  37  85  24  70 -13  62 -16
  9  51 -18  61 -33  73  -6  79  15  88  29 101  43  97  51  94  47 100  37  83  24  80  -3  56 -18
 10  46 -22  60 -30  71  -3  85  16  87  29  93  45  98  48  94  47  94  37  87  21  75  11  53 -10
 11  50 -19  66 -19  73  -2  83  19  89  28  98  45 102  50  96  44  91  37  85  18  73  -4  64 -10
 12  57 -32  61 -21  72 -11  85  17  94  32  97  45 101  48 100  45  90  32  88  20  69  -2  59 -13
 13  53 -24  68 -17  74 -10  79  19  91  29  96  42 101  48  98  42  92  35  88  25  69  -2  64 -20
 14  59 -31  65 -20  71  -8  86  19  88  32  98  48 100  47  94  46  92  35  87  25  81  -3  58 -18
 15  48 -20  65  -9  71  -9  81  22  93  32  98  43  99  47 104  47  98  34  88  24  74   5  56 -15
 16  58 -20  61 -21  76  -4  85  23  87  33  93  43  99  48 106  48  95  32  85  25  72   0  58 -17
 17  60 -18  64 -28  74   6  86  21  89  36  90  44  99  50 105  47  94  33  83  17  71  -5  55 -10
 18  57 -19  67 -21  70   4  85  15  92  38  96  48  98  52 105  46  95  33  85  20  72   4  59 -19
 19  50 -28  67 -18  70   2  92  19  92  36  95  42  98  52  99  45  90  29  81  15  75   6  65 -21
 20  51 -28  60  -9  78   5  86  24  92  33  99  42  99  51  97  42  92  29  83  15  66   8  54 -19
 21  55 -29  64  -8  74  -4  87  21  91  36 100  43 100  48  98  46  89  30  82  23  69   1  59 -22
 22  59 -27  63 -10  69   8  89  24  90  31 101  48 104  51  94  49  88  28  83  16  73   4  55 -22
 23  56 -21  64 -15  81   5  95  21  92  32  95  46 101  51  95  43  85  29  82  16  65   4  58 -28
 24  59 -15  59 -13  84   3  86  18  90  39  95  47  95  54  95  44  88  28  80  21  59   4  51 -25
 25  62 -14  63  -9  85   2  88  27  96  37 101  45  98  51  95  38  90  29  79  21  71  -3  52 -20
 26  56 -19  64 -21  80   0  89  31  98  36  92  48 104  49  99  45  92  29  84  20  63  -1  56 -15
 27  45 -19  61 -10  84   6  91  31  93  36  96  46 101  48 100  41  92  29  82  16  69   2  55 -17
 28  56 -19  64 -18  79   9  88  30  92  38  98  51 101  49  97  37  98  28  82  15  70  -5  60 -10
 29  55 -23 *** ***  81   5  90  26  92  36  99  49  99  47  98  38  91  26  72  15  61  -2  69  -8
 30  54 -20 *** ***  89   8  88  30  92  40  99  51 103  43  98  42  91  29  80  14  70  -4  60  -9
 31  53 -21 *** ***  84  11 *** ***  94  39 *** *** 102  44  96  39 *** ***  74  19 *** ***  61 -16
 
 DAILY MAXIMUM PRECIPITATION OCCURRING DURING 1951-1999 FOR STATION NUMBER 6566
     JAN   FEB   MARCH APRIL MAY   JUNE  JULY  AUG   SEPT  OCT   NOV   DEC
 
  1  0.30  0.91  0.75  1.08  1.38  0.95  3.96  1.65  0.83  0.40  1.73  1.07
  2  1.01  0.53  0.85  2.29  1.04  2.31  3.66  1.00  1.45  0.65  2.06  0.33
  3  0.41  0.14  0.57  1.01  1.26  0.77  2.30  1.04  1.49  1.24  0.45  0.45
  4  1.37  0.53  0.71  1.65  0.80  1.75  2.21  0.98  1.92  0.77  0.98  0.52
  5  0.90  0.57  0.64  1.15  0.80  2.21  1.08  2.24  1.05  0.81  0.70  0.50
  6  0.79  0.29  1.08  1.17  3.55  1.45  2.02  4.83  1.62  0.90  0.55  1.26
  7  0.13  0.17  0.46  0.67  1.93  1.79  3.19  1.83  1.06  0.63  0.59  0.97
  8  0.18  0.58  1.88  0.61  1.18  2.21  1.05  2.48  1.11  1.05  0.29  0.23
  9  0.32  0.30  0.50  1.21  2.88  2.30  3.04  0.82  1.46  1.53  0.71  0.40
 10  0.25  0.30  0.60  0.59  2.50  4.05  1.35  2.27  0.34  1.75  0.64  0.65
 11  0.40  0.41  0.89  1.41  1.47  1.96  1.45  0.99  1.77  2.23  0.67  0.69
 12  0.55  0.19  1.15  1.38  0.65  1.93  1.88  3.19  1.85  1.92  1.08  0.64
 13  0.22  0.28  1.09  0.71  0.90  1.27  2.00  1.64  3.21  1.05  1.07  0.36
 14  0.45  0.25  0.90  0.80  2.06  2.74  0.96  4.23  1.12  0.35  0.50  0.79
 15  0.45  0.62  0.54  0.89  1.21  2.00  0.77  2.65  1.58  0.96  0.30  0.52
 16  0.64  0.30  0.73  1.69  1.35  1.34  1.80  1.89  0.82  1.12  1.06  0.22
 17  0.20  0.50  1.50  0.86  0.79  2.10  3.25  1.70  0.97  0.82  1.29  0.46
 18  0.49  0.96  0.95  2.92  3.36  3.13  2.14  2.05  0.74  1.77  1.40  0.31
 19  0.28  0.68  1.20  0.97  1.26  1.34  2.52  1.22  1.11  1.04  1.07  1.24
 20  0.30  0.47  0.50  1.13  0.38  1.17  1.72  1.90  1.85  0.58  1.30  0.26
 21  0.42  1.13  0.40  2.67  1.49  1.84  1.12  2.40  1.16  0.51  0.69  0.52
 22  0.47  0.43  0.67  1.68  1.11  1.75  1.45  3.15  1.15  1.30  0.46  0.60
 23  0.60  0.74  0.96  1.75  2.39  1.95  2.30  2.10  1.03  1.44  0.90  0.26
 24  0.24  0.23  0.73  1.30  2.40  1.49  0.90  1.62  1.17  0.97  0.25  0.89
 25  0.65  0.80  1.15  1.00  2.90  1.34  2.06  1.05  1.97  0.53  0.42  0.72
 26  0.19  0.40  1.65  1.73  1.41  1.24  2.21  2.84  1.55  0.65  0.37  0.35
 27  0.54  0.27  1.12  1.53  1.62  2.36  1.67  1.81  1.40  0.67  0.35  0.72
 28  0.15  0.88  1.14  2.29  2.33  1.55  1.72  2.18  1.12  0.25  1.12  1.77
 29  0.42******  0.74  2.39  2.39  1.97  1.66  1.33  1.37  1.05  0.60  0.50
 30  0.16******  1.41  2.07  1.56  4.26  1.45  1.78  2.77  1.38  0.76  0.64
 31  0.30******  0.68******  0.90******  1.15  1.15******  2.06******  0.30
 
 RECORD LARGEST AND SMALLEST DAILY RANGES (MAX-MIN) DURING 1951-1999 FOR STATION NUMBER 6566
     JAN     FEB    MARCH   APRIL    MAY     JUNE    JULY    AUG     SEPT    OCT     NOV     DEC
 DY MX  MN  MX  MN  MX  MN  MX  MN  MX  MN  MX  MN  MX  MN  MX  MN  MX  MN  MX  MN  MX  MN  MX  MN
  1 33   3  51   6  39   4  44   5  48   9  34   8  32   5  34  10  41   9  49   6  45   2  34   2
  2 30   2  54   3  42   4  40   5  41   7  36   7  34  12  35  11  39   7  51  10  41   4  36   2
  3 34   3  41   4  41   2  57   5  42   4  36   6  38  12  34   4  40  10  44   3  45   4  35   5
  4 35   5  44   3  33   4  51   5  46   6  33  10  36  10  35   8  46  11  45   4  39   3  38   4
  5 46   1  45   3  40   5  45   6  38   8  38  12  34  13  36   8  38  10  44   8  40   2  37   2
  6 43   1  36   3  38   4  45   5  47   8  38   5  33   6  34   4  38   6  47   5  36   4  48   4
  7 43   2  38   3  43   4  57  10  47   4  36   8  34   3  33   5  39  10  42   7  44   4  32   1
  8 41   4  38   4  40   4  43   7  44   3  40   8  37  10  36   6  41   9  44   6  36   2  43   4
  9 36   3  38   3  39   4  42   5  44   5  41   5  39  10  31   9  42   6  44   6  41   1  39   3
 10 33   4  44   3  43   2  44   3  38  11  39   9  39  12  41   9  39   9  45   4  42   8  33   2
 11 43   3  41   4  45   3  43   3  41   4  36  11  33   9  35  12  43   8  48   8  35   3  33   5
 12 36   5  41   5  42   3  45   5  38   5  33   5  33   7  35   6  47   6  44   5  47   4  36   5
 13 41   3  44   0  42   4  50   6  41   7  32  14  39  10  35   9  40   7  43   5  42   3  54   4
 14 37   4  40   3  40   2  45   4  39   9  35  11  34   9  43   8  39   6  44   5  44   5  36   3
 15 42   6  35   0  38   6  43   4  41   7  35   3  35   7  36   9  37   8  44   8  42   4  42   3
 16 41   5  44   4  41   2  41   3  48   6  29   5  35   9  38  11  44   5  37   4  44   7  55   4
 17 50   5  39   6  40   6  48   5  38   7  38  10  33   8  38  11  37   6  42   5  36   3  32   4
 18 48   3  37   2  32   2  42   8  51   6  31  10  33  12  36  10  39   9  51   4  38   4  36   2
 19 37   5  36   4  38   3  50   3  45   7  36   6  31  13  36  11  37   6  44   7  42   4  41   2
 20 38   4  39   5  36   5  45   6  41  11  39   7  31   9  34  11  44   6  46   2  46   5  33   4
 21 42   5  41   4  40   7  47   4  37   7  34   8  29   5  32   3  44   4  44   5  42   5  42   5
 22 44   3  41   5  36   6  37   2  35  10  35  11  33   4  33  10  40   7  42   5  42   2  36   4
 23 42   3  36   3  56   3  46   5  39   4  35   7  36   5  38   9  44   4  40   4  35   2  34   5
 24 40   3  49   4  53   4  39  12  40   8  33   7  33   7  36   8  43   6  46   2  39   2  43   2
 25 41   4  40   5  59   6  41   7  40   8  33  12  34  12  38   8  42  10  48   5  44   3  40   2
 26 41   5  38   6  46   4  38   7  33   4  35   6  41  10  40   2  45   6  49   8  33   6  39   5
 27 37   5  44   3  40   6  44   9  35   4  33   7  37  10  38   5  44  12  42   6  39   2  35   4
 28 46   4  36   4  41   5  42   8  37   5  35  11  34   6  37   9  49   5  41   6  43   3  49   2
 29 46   5  **  **  43   3  47   5  38   5  42   7  38  12  39   6  42   5  45   8  34   3  48   3
 30 39   9  **  **  46   6  54   6  33   7  37  11  31  11  44   8  45   7  42   6  42   5  39   1
 31 44   5  **  **  49   5  **  **  36   4  **  **  35  11  37   8  **  **  44   5  **  **  39   1
 
 DAILY  MEAN  HIGHS AND LOWS OCCURRING DURING 1951-1999 FOR STATION NUMBER 6566
     JAN     FEB    MARCH   APRIL    MAY     JUNE    JULY    AUG     SEPT    OCT     NOV     DEC
 DY MX  MN  MX  MN  MX  MN  MX  MN  MX  MN  MX  MN  MX  MN  MX  MN  MX  MN  MX  MN  MX  MN  MX  MN
  1 28  11  30  10  39  19  54  32  66  42  76  53  83  61  84  60  80  56  73  44  55  34  39  21
  2 28  12  28   9  41  20  53  33  68  42  76  53  84  62  84  61  81  57  72  44  52  33  39  22
  3 28  10  28   8  39  20  54  32  67  43  76  52  83  61  84  62  80  57  70  43  52  32  40  21
  4 26   8  30  10  38  20  53  30  67  44  78  54  83  62  83  61  79  56  68  42  50  30  38  20
  5 26   7  30  10  38  20  53  31  70  46  79  56  84  62  82  60  80  54  68  42  50  29  38  19
  6 27   7  28  11  38  19  55  32  69  44  80  57  84  61  82  61  79  54  67  43  49  29  37  17
  7 25   5  28   9  39  17  57  33  68  45  80  58  85  61  82  61  80  56  66  40  50  28  33  17
  8 25   4  29  10  38  19  58  35  68  45  80  57  85  63  83  61  81  54  67  41  50  28  33  16
  9 25   6  30  10  40  21  54  33  68  45  79  57  85  62  83  60  78  54  66  40  50  28  33  13
 10 24   5  31  13  41  22  55  32  70  45  79  57  84  61  83  60  77  52  64  39  51  27  33  15
 11 25   6  32  12  43  24  57  35  71  47  79  58  84  63  82  59  77  51  66  40  48  27  32  14
 12 27   9  30  12  43  24  57  35  71  46  80  58  85  64  81  58  77  51  67  40  49  27  31  14
 13 28   8  32  12  43  24  57  35  70  46  82  59  85  64  82  59  76  52  66  41  48  27  33  13
 14 29  10  34  14  43  24  59  36  71  48  81  59  85  63  82  59  74  51  66  41  47  27  32  13
 15 27   7  33  15  43  23  57  36  72  48  80  59  85  62  82  59  74  50  67  40  48  27  31  14
 16 25   6  33  12  44  23  61  37  72  48  79  58  85  62  83  59  73  49  65  40  48  27  32  13
 17 28   7  34  14  46  25  63  38  73  50  80  58  85  63  83  60  73  49  64  39  46  27  31  14
 18 28   9  36  18  44  26  63  38  73  51  81  60  86  65  83  61  75  50  63  37  48  28  30  12
 19 27   7  35  18  45  27  64  41  74  50  82  60  87  65  83  60  74  51  59  36  46  26  32  14
 20 26   7  37  16  46  26  63  41  75  50  82  60  86  65  82  59  74  49  60  35  46  26  29  13
 21 27   7  35  16  46  25  63  40  75  51  82  60  85  63  82  59  72  47  62  37  44  24  28  11
 22 30  10  36  16  46  25  63  39  75  52  82  59  84  63  82  59  71  46  64  38  44  23  29  13
 23 29   9  36  18  48  26  62  40  74  51  81  60  84  62  81  59  69  44  61  37  43  23  31  14
 24 29   8  36  16  48  26  65  40  73  51  82  59  85  62  81  58  69  44  60  36  41  22  31  11
 25 29  11  36  16  48  27  66  42  74  52  83  60  85  62  82  58  71  45  58  35  43  22  30  12
 26 26   9  38  17  48  26  66  42  72  53  83  61  86  62  83  59  73  45  59  34  41  22  29  12
 27 25   7  39  20  51  30  67  43  73  52  84  62  85  62  83  61  71  44  60  35  39  21  30  13
 28 27   7  38  21  53  31  64  41  74  53  84  61  84  62  82  58  72  45  58  34  35  18  31  14
 29 27   7  **  **  51  31  64  41  75  54  85  63  85  61  82  59  71  45  56  33  35  18  31  13
 30 28   7  **  **  51  31  66  42  76  54  84  62  84  62  83  59  71  44  58  35  37  19  29  12
 31 29   8  **  **  53  32  **  **  77  53  **  **  84  61  81  58  **  **  55  34  **  **  30  12
  
  # OF DAYS EACH YEAR WHERE MIN >=32 F  1951-1999 FOR STATION # 6566
   51  52  53  54  55  56  57  58  59  60  61  62  63  64  65  66  67  68  69  70
  203 199 214 222 214 213 215 212 211 211 209 209 229 216 231 212 204 210 210 209
 
   71  72  73  74  75  76  77  78  79  80  81  82  83  84  85  86  87  88  89  90
  214 211 240 210 206 201 228 210 207 204 217 211 214 211 215 214 217 195 190 206
 
   91  92  93  94  95  96  97  98  99
  208 213 208 214 218 193 200 235 218
  
 MEAN=212
 
 LENGTH OF SEASON FOR STATION NUMBER 6566   BASE TEMP=32
 LAST SPRING OCCURENCE FIRST FALL OCCURENCE  LENGTH OF SEASON
   YEAR MONTH DAY DOY         MONTH DAY DOY
   1951   4    26 116           9    28 271          155
   1952   4    16 107          10     5 279          172
   1953   5    13 133           9    22 265          132
   1954   5     8 128          10    18 291          163
   1955   4     7  97           9    12 255          158
   1956   4    26 117           9    30 274          157
   1957   4    14 104          10    18 291          187
   1958   4    29 119          10     1 274          155
   1959   4    22 112          10     9 282          170
   1960   4    30 121          10    16 290          169
   1961   5     2 122           9    28 271          149
   1962   4    19 109           9    20 263          154
   1963   5    23 143          10    28 301          158
   1964   4    10 101           9    28 272          171
   1965   4    19 109          10    12 285          176
   1966   5    10 130           9    16 259          129
   1967   5     4 124           9    28 271          147
   1968   5     9 130          10     4 278          148
   1969   4    29 119          10    14 287          168
   1970   5     2 122          10    10 283          161
   1971   5     3 123          10    10 283          160
   1972   4    25 116           9    30 274          158
   1973   4    28 118          10    30 303          185
   1974   4    24 114           9    22 265          151
   1975   4    20 110           9    25 268          158
   1976   5     8 129          10     6 280          151
   1977   4    26 116          10     7 280          164
   1978   5     3 123          10     8 281          158
   1979   5    12 132          10     5 278          146
   1980   5     9 130           9    26 270          140
   1981   5    11 131          10     2 275          144
   1982   4    22 112          10    16 289          177
   1983   5     8 128           9    23 266          138
   1984   4    19 110           9    26 270          160
   1985   4    15 105          10     1 274          169
   1986   4    23 113          10     6 279          166
   1987   4     6  96          10     3 276          180
   1988   4    25 116          10     4 278          162
   1989   5     7 127           9    23 266          139
   1990   5     3 123          10    10 283          160
   1991   4    25 115           9    19 262          147
   1992   5     6 127           9    29 273          146
   1993   4    22 112          10    10 283          171
   1994   5     2 122          10    10 283          161
   1995   4    19 109           9    22 265          156
   1996   4    30 121          10     3 277          156
   1997   5    15 135          10    18 291          156
   1998   4    11 101          10    22 295          194
   1999   4    18 108           9    21 264          156
             MEAN=118              MEAN=277     MEAN=158
 
 LENGTH OF SEASON FOR STATION NUMBER 6566   BASE TEMP=30
 LAST SPRING OCCURENCE FIRST FALL OCCURENCE  LENGTH OF SEASON
   YEAR MONTH DAY DOY         MONTH DAY DOY
   1951   4    23 113           9    28 271          158
   1952   4    16 107          10     6 280          173
   1953   4    20 110          10     5 278          168
   1954   5     7 127          10    18 291          164
   1955   4     7  97          10    15 288          191
   1956   4    24 115           9    30 274          159
   1957   4    14 104          10    19 292          188
   1958   4    29 119          10     1 274          155
   1959   4    22 112          10    12 285          173
   1960   4    18 109          10    19 293          184
   1961   5     2 122           9    28 271          149
   1962   4    17 107          10    24 297          190
   1963   4    24 114          10    28 301          187
   1964   4    10 101          10     9 283          182
   1965   4    16 106          10    12 285          179
   1966   5    10 130          10     1 274          144
   1967   5     3 123           9    28 271          148
   1968   5     9 130          10     4 278          148
   1969   4     1  91          10    14 287          196
   1970   5     2 122          10    15 288          166
   1971   5     3 123          10    31 304          181
   1972   4    25 116          10    15 289          173
   1973   4    28 118          10    30 303          185
   1974   4     9  99           9    22 265          166
   1975   4    12 102          10     2 275          173
   1976   4    12 103          10     6 280          177
   1977   4     7  97          10    16 289          192
   1978   5     2 122          10     8 281          159
   1979   4    15 105          10     5 278          173
   1980   5     9 130           9    26 270          140
   1981   5    11 131          10     2 275          144
   1982   4    21 111          10    16 289          178
   1983   4    20 110           9    23 266          156
   1984   4    19 110           9    26 270          160
   1985   4    10 100          10     1 274          174
   1986   4    22 112          10    14 287          175
   1987   4     6  96          10     3 276          180
   1988   4    25 116          10     4 278          162
   1989   5     7 127           9    23 266          139
   1990   5     2 122          10    10 283          161
   1991   4    10 100           9    19 262          162
   1992   4    22 113          10    17 291          178
   1993   4    21 111          10    10 283          172
   1994   4     8  98          10    26 299          201
   1995   4     6  96           9    22 265          169
   1996   4    24 115          10     3 277          162
   1997   5    13 133          10    20 293          160
   1998   4     5  95          11     5 309          214
   1999   4    18 108           9    21 264          156
             MEAN=111              MEAN=281     MEAN=169
 
 LENGTH OF SEASON FOR STATION NUMBER 6566   BASE TEMP=28
 LAST SPRING OCCURENCE FIRST FALL OCCURENCE  LENGTH OF SEASON
   YEAR MONTH DAY DOY         MONTH DAY DOY
   1951   4    23 113          10    24 297          184
   1952   4    16 107          10     6 280          173
   1953   4    20 110          10     7 280          170
   1954   4    12 102          10    31 304          202
   1955   3    28  87          10    15 288          201
   1956   4    24 115          11     8 313          198
   1957   4    14 104          10    19 292          188
   1958   4    29 119          10    11 284          165
   1959   4    21 111          10    12 285          174
   1960   4    10 101          10    19 293          192
   1961   5     2 122           9    28 271          149
   1962   4    17 107          10    24 297          190
   1963   4     4  94          10    29 302          208
   1964   4    10 101          10     9 283          182
   1965   3    30  89          10    24 297          208
   1966   4    21 111          10     1 274          163
   1967   5     2 122           9    29 272          150
   1968   5     5 126          10     4 278          152
   1969   4     1  91          10    14 287          196
   1970   4    10 100          10    16 289          189
   1971   5     3 123          11     4 308          185
   1972   4     9 100          10    15 289          189
   1973   4    13 103          11     5 309          206
   1974   4     9  99           9    22 265          166
   1975   4     5  95          10    16 289          194
   1976   4    12 103          10     6 280          177
   1977   4     7  97          10    16 289          192
   1978   3    28  87          10    28 301          214
   1979   4     7  97          10    13 286          189
   1980   4    13 104          10     4 278          174
   1981   5    11 131          10     2 275          144
   1982   4    11 101          10    21 294          193
   1983   4    20 110          11    16 320          210
   1984   4     6  97           9    29 273          176
   1985   4    10 100          10     1 274          174
   1986   4    22 112          10    14 287          175
   1987   4     5  95          10     3 276          181
   1988   4    25 116          10     5 279          163
   1989   5     7 127           9    24 267          140
   1990   4    18 108          10    11 284          176
   1991   3    31  90          10     7 280          190
   1992   4    13 104          10    17 291          187
   1993   4     6  96          10    10 283          187
   1994   4     8  98          10    26 299          201
   1995   4     5  95          10    22 295          200
   1996   4    24 115          10    30 304          189
   1997   4    18 108          10    21 294          186
   1998   4     5  95          11     5 309          214
   1999   3    27  86          10     4 277          191
             MEAN=104              MEAN=288     MEAN=183
 
 LENGTH OF SEASON FOR STATION NUMBER 6566   BASE TEMP=26
 LAST SPRING OCCURENCE FIRST FALL OCCURENCE  LENGTH OF SEASON
   YEAR MONTH DAY DOY         MONTH DAY DOY
   1951   4    23 113          10    24 297          184
   1952   4    11 102          10     6 280          178
   1953   4    20 110          10    27 300          190
   1954   4    12 102          10    31 304          202
   1955   3    28  87          10    15 288          201
   1956   4    24 115          11     9 314          199
   1957   4    14 104          10    19 292          188
   1958   4    29 119          10    30 303          184
   1959   4    13 103          11     5 309          206
   1960   4    10 101          10    20 294          193
   1961   4    18 108          10    20 293          185
   1962   4    17 107          10    24 297          190
   1963   3    21  80          10    29 302          222
   1964   4     9 100          10     9 283          183
   1965   3    30  89          11     9 313          224
   1966   4    21 111          10    17 290          179
   1967   4    24 114          10    11 284          170
   1968   5     5 126          10    25 299          173
   1969   4     1  91          10    27 300          209
   1970   4     4  94          10    16 289          195
   1971   4    14 104          11     4 308          204
   1972   4     9 100          10    19 293          193
   1973   4    13 103          11     5 309          206
   1974   4     9  99          10     1 274          175
   1975   4     5  95          10    19 292          197
   1976   3    22  82          10     8 282          200
   1977   4     7  97          11    11 315          218
   1978   3    26  85          11    14 318          233
   1979   4     7  97          10    13 286          189
   1980   3    18  78          10    12 286          208
   1981   4    15 105          10    23 296          191
   1982   4    11 101          10    21 294          193
   1983   4    19 109          11    17 321          212
   1984   4     1  92           9    29 273          181
   1985   4     9  99          11     4 308          209
   1986   4    22 112          11     5 309          197
   1987   4     4  94          10     3 276          182
   1988   4    24 115          10     5 279          164
   1989   4    15 105          10     7 280          175
   1990   4    17 107          10    25 298          191
   1991   3    30  89          10    16 289          200
   1992   4    13 104          10    17 291          187
   1993   4     6  96          10    29 302          206
   1994   4     7  97          10    26 299          202
   1995   4     5  95          11     3 307          212
   1996   4    10 101          10    31 305          204
   1997   4    18 108          10    22 295          187
   1998   3    24  83          11     6 310          227
   1999   3    26  85          10    20 293          208
             MEAN=100              MEAN=296     MEAN=196
 
 LENGTH OF SEASON FOR STATION NUMBER 6566   BASE TEMP=24
 LAST SPRING OCCURENCE FIRST FALL OCCURENCE  LENGTH OF SEASON
   YEAR MONTH DAY DOY         MONTH DAY DOY
   1951   4    17 107          10    31 304          197
   1952   4    10 101          10     6 280          179
   1953   4    18 108          10    28 301          193
   1954   4    12 102          10    31 304          202
   1955   3    28  87          10    31 304          217
   1956   4    24 115          11     9 314          199
   1957   4    14 104          10    25 298          194
   1958   3    28  87          10    31 304          217
   1959   3    22  81          11     5 309          228
   1960   4    10 101          10    20 294          193
   1961   4    16 106          10    20 293          187
   1962   4    15 105          11     5 309          204
   1963   3    21  80          10    29 302          222
   1964   3    30  90          10    10 284          194
   1965   3    30  89          11     9 313          224
   1966   4    21 111          10    17 290          179
   1967   4    24 114          10    11 284          170
   1968   5     5 126          10    29 303          177
   1969   3    31  90          10    27 300          210
   1970   4     4  94          11    15 319          225
   1971   4     6  96          11     4 308          212
   1972   4     9 100          10    19 293          193
   1973   4    11 101          11     5 309          208
   1974   3    25  84          10     2 275          191
   1975   4     5  95          10    29 302          207
   1976   3    22  82          10     8 282          200
   1977   4     6  96          11    12 316          220
   1978   3    25  84          11    14 318          234
   1979   4     7  97          11     3 307          210
   1980   3    15  75          10    12 286          211
   1981   3    23  82          10    23 296          214
   1982   4    10 100          10    22 295          195
   1983   4    19 109          11    24 328          219
   1984   3    23  83          10    24 298          215
   1985   4     9  99          11     4 308          209
   1986   4    22 112          11     5 309          197
   1987   4     4  94          10    11 284          190
   1988   4    19 110          10    26 300          190
   1989   4    12 102          10    20 293          191
   1990   4    17 107          10    25 298          191
   1991   3    30  89          10    19 292          203
   1992   4    13 104          10    18 292          188
   1993   4     6  96          10    31 304          208
   1994   4     7  97          10    26 299          202
   1995   4     5  95          11     3 307          212
   1996   4    10 101          10    31 305          204
   1997   4    18 108          10    22 295          187
   1998   3    24  83          11    20 324          241
   1999   3    26  85          10    24 297          212
             MEAN= 97              MEAN=300     MEAN=203
 
 THESE ARE THE MONTHLY AVG. MAX TEMPS 1951-1999 FOR STATION #6566
 YEAR    JAN   FEB  MARCH APRIL  MAY  JUNE  JULY AUGUST SEPT   OCT   NOV   DEC   ANN
  
 1951   28.8  34.4  36.4  53.7  73.8  75.1  82.3  81.5  71.7  59.7  41.4  27.6  55.5
 1952   30.2  40.2  41.0  62.4  71.1  86.5  86.3  79.7  80.0  64.6  50.5  33.9  60.5
 1953   30.9  37.0  48.1  54.4  72.2  83.7  86.2  85.7  81.7  74.0  55.0  41.2  62.5
 1954   31.8  49.4  42.4  67.2  69.1  83.5  90.0  82.9  79.5  62.6  54.4  37.7  62.6
 1955   30.5  30.6  46.8  69.7  75.8  79.0  90.4  90.4  82.3  68.2  42.4  31.3  61.4
 1956   28.7  35.1  47.3  62.0  76.2  87.6  85.1  83.9  79.7  73.5  46.9  38.0  62.0
 1957   25.0  38.8  47.5  61.4  70.0  80.1  89.8  85.4  73.4  60.3  42.1  38.8  59.4
 1958   31.9  26.8  42.6  62.5  77.0  78.3  79.7  84.0  77.2  68.5  52.8  32.9  59.5
 1959   26.1  30.9  45.9  61.0  72.4  82.6  82.8  85.8  73.0  59.5  39.4  40.7  58.3
 1960   27.5  27.0  30.2  63.3  71.8  78.0  83.6  83.3  75.7  65.5  51.1  34.8  57.7
 1961   33.1  38.8  44.3  55.5  70.4  80.9  83.5  82.8  72.5  68.6  46.4  27.6  58.7
 1962   24.1  28.8  37.4  60.8  79.1  80.2  82.6  83.6  74.0  65.9  50.5  35.5  58.5
 1963   18.4  30.3  50.6  64.6  71.5  86.0  86.3  81.6  76.6  76.8  54.0  24.9  60.1
 1964   38.2  39.8  44.1  62.0  77.9  80.6  86.7  80.4  73.9  65.8  53.2  32.7  61.3
 1965   29.0  30.7  30.9  59.1  77.5  79.1  84.7  83.7  70.5  66.5  50.7  44.4  58.9
 1966   22.6  36.4  53.1  57.0  72.2  79.7  87.2  81.7  75.5  67.9  48.6  34.1  59.7
 1967   33.3  32.8  50.9  62.4  69.7  78.0  83.0  81.8  72.9  63.5  46.0  36.3  59.2
 1968   29.2  32.9  55.1  61.7  69.0  82.0  84.5  82.1  74.3  64.9  43.8  31.6  59.3
 1969   22.3  31.7  35.2  61.3  72.2  77.0  84.7  84.1  76.2  59.5  48.6  31.1  57.0
 1970   18.9  36.9  39.8  62.5  74.9  81.3  86.0  82.9  74.4  61.7  43.6  34.5  58.1
 1971   23.5  28.9  39.8  63.8  68.3  86.7  81.6  83.3  78.9  69.6  47.8  32.7  58.8
 1972   26.4  27.4  45.5  57.5  72.0  79.9  82.4  81.8  75.7  59.3  40.5  25.7  56.2
 1973   27.9  33.1  49.9  57.2  68.5  83.5  82.9  83.4  71.6  68.0  46.9  27.9  58.4
 1974   25.0  33.5  47.9  62.1  68.1  78.8  91.0  78.0  71.2  64.4  46.8  33.0  58.3
 1975   29.3  27.7  35.7  53.2  75.5  79.0  86.6  85.5  70.9  68.2  51.1  34.7  58.1
 1976   32.2  42.7  46.3  63.8  69.2  81.1  86.4  83.7  76.3  58.3  43.4  30.6  59.5
 1977   18.4  40.0  52.0  67.7  79.4  84.3  89.4  79.7  75.7  60.1  45.9  29.2  60.1
 1978   18.5  21.4  39.5  57.8  70.4  81.7  83.1  83.6  81.0  62.5  45.9  28.5  56.2
 1979   13.4  19.9  40.7  54.0  71.2  80.0  82.6  80.8  78.7  64.6  45.3  38.7  55.8
 1980   29.7  28.0  41.3  62.1  74.6  81.1  89.5  84.9  77.3  60.6  51.3  33.6  59.5
 1981   35.3  39.4  53.0  68.1  71.1  82.7  83.4  80.5  76.6  60.9  50.1  31.0  61.0
 1982   18.7  28.6  42.1  55.9  71.2  75.7  84.5  80.6  72.8  64.0  44.5  36.6  56.3
 1983   32.0  35.5  43.3  50.6  66.3  80.5  89.2  90.8  78.0  61.2  45.0  16.0  57.4
 1984   26.5  40.7  35.5  55.2  67.2  81.2  84.5  86.2  73.9  62.7  49.3  37.2  58.3
 1985   24.5  28.8  51.3  63.9  76.2  78.5  85.1  79.5  73.9  61.4  37.5  21.5  56.8
 1986   35.0  27.8  51.3  63.3  71.3  82.9  86.4  77.9  76.1  61.7  42.2  33.2  59.1
 1987   33.5  46.6  51.1  65.4  78.3  85.6  87.2  79.4  75.7  58.9  49.5  34.6  62.2
 1988   24.4  29.1  50.7  61.5  80.6  88.3  89.1  91.3  77.3  58.5  47.7  35.8  61.2
 1989   38.5  22.8  42.6  62.6  72.9  78.5  86.2  82.0  73.5  65.3  45.8  23.5  57.8
 1990   39.9  37.3  48.7  60.4  68.0  81.6  83.7  83.0  80.2  64.8  53.6  28.9  60.8
 1991   21.8  39.6  51.4  62.6  73.9  83.6  86.3  83.1  76.3  62.1  35.7  36.1  59.4
 1992   36.5  40.9  50.6  55.1  73.6  81.3  78.5  77.4  72.7  64.7  38.8  32.9  58.6
 1993   25.6  25.0  39.2  54.8  69.3  77.5  80.5  81.6  68.5  61.0  43.6  34.5  55.1
 1994   21.5  27.7  50.8  63.1  73.6  81.4  82.3  81.5  76.9  66.2  49.7  34.9  59.1
 1995   25.3  35.7  45.6  55.2  66.5  79.7  85.0  86.9  72.7  63.1  39.8  32.6  57.3
 1996   25.4  32.7  42.0  58.6  65.0  79.4  81.7  80.1  71.5  64.5  36.4  26.6  55.3
 1997   24.6  32.4  48.1  55.4  65.9  83.5  86.0  81.1  77.3  64.2  40.9  33.6  57.7
 1998   30.2  40.4  38.6  59.4  76.4  76.4  84.1  82.6  81.6  64.2  50.8  40.4  60.4
 1999   24.9  41.4  47.6  58.9  69.9  78.4  87.5  80.8  74.3  65.4  58.1  38.0  60.4
 MEANS  27.5  33.5  44.7  60.3  72.2  81.1  85.1  82.8  75.6  64.2  46.6  32.9  58.9
 
 THESE ARE THE MONTHLY AVG. MIN TEMPS 1951-1999 FOR STATION #6566
 YEAR    JAN   FEB  MARCH APRIL  MAY  JUNE  JULY AUGUST SEPT   OCT   NOV   DEC   ANN
  
 1951    7.0  13.9  17.4  34.5  50.9  56.0  61.6  60.9  49.5  41.1  21.1  11.0  35.4
 1952    9.3  25.1  24.2  36.8  47.4  62.4  62.8  59.1  49.8  31.2  26.6  18.8  37.8
 1953   14.7  20.5  28.0  34.0  49.2  62.8  63.5  59.6  48.7  42.8  28.8  19.7  39.4
 1954    6.5  25.8  23.5  40.0  43.8  63.1  66.0  61.9  54.0  42.5  30.2  19.8  39.8
 1955   11.9  12.5  22.7  43.4  51.2  55.8  68.0  62.4  52.9  40.7  20.2  11.0  37.7
 1956   10.5  13.7  23.6  33.6  49.6  62.4  61.0  62.2  48.0  44.6  26.7  19.4  37.9
 1957    5.3  21.2  24.3  37.7  47.8  57.3  66.1  60.9  48.2  39.0  26.5  21.7  38.0
 1958   16.5   5.1  25.8  37.3  48.9  55.4  60.2  60.8  53.2  41.4  28.1  12.1  37.1
 1959    6.4  12.5  27.6  37.3  53.8  60.5  61.0  66.3  53.4  38.5  19.2  26.5  38.6
 1960   11.6  11.8   9.3  40.4  49.5  57.2  61.5  63.0  53.9  39.4  28.3  15.2  36.8
 1961    9.8  19.3  29.8  33.7  45.6  57.6  61.6  59.7  51.0  42.0  28.9  11.1  37.5
 1962    3.6  15.0  19.8  36.0  56.1  58.6  61.5  60.3  48.1  44.5  29.9  15.1  37.4
 1963    0.1  10.3  30.7  41.0  50.3  61.4  62.4  59.5  53.6  48.7  30.8   5.2  37.8
 1964   17.7  15.9  20.0  38.4  53.0  56.6  63.1  56.1  52.7  37.4  31.1  13.8  38.0
 1965    9.2   9.1  16.2  37.9  54.5  59.7  63.8  59.5  50.8  43.7  29.6  25.4  38.3
 1966    5.7  15.0  30.0  35.4  44.9  59.4  66.4  55.5  47.2  37.2  26.1  13.6  36.4
 1967   12.3  13.1  26.8  39.1  44.1  59.2  58.0  55.1  45.2  36.5  23.3  17.5  35.9
 1968    8.6   9.9  26.9  37.8  42.6  59.3  61.7  60.6  50.5  40.8  25.4  13.6  36.5
 1969    6.1  15.4  16.5  38.3  49.5  52.6  64.0  60.2  51.4  37.0  26.8  14.3  36.0
 1970   -1.5  13.7  23.9  38.6  52.8  59.7  62.2  61.2  52.1  40.3  27.3  15.2  37.1
 1971    3.4  11.1  24.7  37.8  45.3  63.6  59.3  57.3  51.9  45.5  29.0  18.3  37.3
 1972    4.2   4.6  25.5  37.1  50.8  57.1  61.6  60.8  52.6  36.2  28.2   8.3  35.6
 1973   10.8  18.4  34.4  37.5  46.9  60.5  64.5  62.5  53.4  44.8  29.7  12.5  39.7
 1974    5.5  16.1  27.0  39.0  48.4  55.6  64.5  55.9  44.5  37.8  28.1  17.7  36.7
 1975    9.8  12.0  17.4  35.2  51.5  59.4  61.4  61.7  47.7  36.7  31.1  19.2  36.9
 1976    9.5  20.0  28.1  41.0  45.4  56.1  62.8  57.7  47.9  31.4  18.1   5.9  35.3
 1977   -3.5  12.3  31.7  42.7  56.1  59.1  65.3  57.2  53.9  39.0  27.0  13.9  37.9
 1978    0.0  -0.9  19.1  39.3  48.7  57.9  62.4  59.1  53.7  35.9  26.1  11.2  34.4
 1979   -3.0  -2.3  23.8  35.8  45.1  56.9  61.8  60.8  50.4  37.1  26.0  17.4  34.1
 1980   13.2  10.4  23.3  36.4  46.5  57.1  63.6  60.9  50.2  34.1  25.1  15.1  36.3
 1981   10.7  15.4  24.5  42.3  44.7  58.5  64.7  58.8  48.6  36.5  30.5  14.2  37.5
 1982   -3.7   9.5  23.8  33.3  53.2  54.1  63.5  59.8  51.1  40.4  25.5  20.7  35.9
 1983   17.5  21.9  28.9  33.5  45.0  59.4  66.0  65.6  50.1  39.8  31.0  -1.0  38.2
 1984    8.7  23.5  21.5  37.9  45.6  60.1  60.2  58.8  46.7  40.4  26.5  16.4  37.2
 1985    4.0  10.1  29.6  42.4  50.7  53.9  59.1  55.6  54.3  39.6  20.2   1.1  35.1
 1986   15.3  11.0  28.7  40.1  50.2  60.5  65.2  56.8  55.4  41.0  20.8  18.4  38.6
 1987   16.1  21.8  29.6  38.6  52.3  61.3  65.2  60.1  50.8  32.1  31.8  21.3  40.1
 1988    6.3   7.5  24.0  32.6  51.8  59.3  61.2  62.4  51.1  31.3  26.0  15.2  35.7
 1989   19.8   0.9  22.7  36.0  45.0  56.4  63.6  59.4  46.2  36.6  18.5   3.0  34.0
 1990   17.1  14.3  28.8  34.8  46.0  61.5  64.0  62.4  55.2  38.0  29.5  10.5  38.5
 1991    0.9  18.7  28.5  40.8  55.6  64.0  62.8  60.9  50.0  35.5  18.9  19.7  38.0
 1992   19.7  25.1  28.6  35.3  47.6  55.9  59.1  55.1  48.7  37.4  27.4  17.2  38.1
 1993    6.6  11.7  23.7  33.8  49.0  57.7  64.2  63.2  46.6  38.4  24.6  18.8  36.5
 1994    0.1   7.1  25.8  36.0  47.8  61.0  59.2  57.0  51.9  42.4  28.5  18.1  36.3
 1995    8.9  16.4  27.2  34.3  46.2  60.1  63.3  66.5  47.3  39.1  20.4  17.5  37.3
 1996    6.6  12.0  17.4  31.8  47.7  60.0  60.0  60.1  48.6  39.3  21.5  12.5  34.8
 1997    4.6  16.4  26.9  32.4  41.7  59.5  63.9  59.2  51.9  40.0  25.7  21.3  37.0
 1998   16.0  26.3  24.5  38.8  54.7  57.3  64.8  64.8  56.2  41.8  31.4  17.9  41.2
 1999    8.7  23.1  24.5  39.6  50.6  60.1  67.9  59.3  46.9  34.5  30.2  15.8  38.4
 MEANS   8.3  14.1  24.7  37.3  48.9  58.8  62.9  60.1  50.6  39.0  26.4  15.1  37.2
 
 THESE ARE THE MONTHLY AVG. MEAN TEMPS 1951-1999 FOR STATION #6566
 YEAR    JAN   FEB  MARCH APRIL  MAY  JUNE  JULY AUGUST SEPT   OCT   NOV   DEC   ANN
  
 1951   17.9  24.1  26.9  44.1  62.3  65.6  72.0  71.2  60.6  50.4  31.2  19.3  45.5
 1952   19.7  32.6  32.6  49.6  59.3  74.5  74.5  69.4  64.9  47.9  38.6  26.3  49.2
 1953   22.8  28.7  38.0  44.2  60.7  73.3  74.8  72.7  65.2  58.4  41.9  30.5  50.9
 1954   19.1  37.6  32.9  53.6  56.5  73.3  78.0  72.4  66.8  52.6  42.3  28.8  51.2
 1955   21.2  21.6  34.8  56.6  63.5  67.4  79.2  76.4  67.6  54.5  31.3  21.2  49.6
 1956   19.6  24.4  35.5  47.8  62.9  75.0  73.0  73.0  63.8  59.0  36.8  28.7  50.0
 1957   15.1  30.0  35.9  49.5  58.9  68.7  78.0  73.1  60.8  49.6  34.3  30.3  48.7
 1958   24.2  15.9  34.2  49.9  63.0  66.8  69.9  72.4  65.2  55.0  40.5  22.5  48.3
 1959   16.2  21.7  36.8  49.2  63.1  71.5  71.9  76.0  63.2  49.0  29.3  33.6  48.5
 1960   19.6  19.4  19.8  51.8  60.7  67.6  72.5  73.2  64.8  52.4  39.7  25.0  47.2
 1961   21.4  29.0  37.0  44.6  58.0  69.3  72.6  71.2  61.8  55.3  37.7  19.4  48.1
 1962   13.9  21.9  28.6  48.4  67.6  69.4  72.0  72.0  61.0  55.2  40.2  25.3  47.9
 1963    9.2  20.3  40.7  52.8  60.9  73.7  74.3  70.6  65.1  62.8  42.4  15.0  49.0
 1964   27.9  27.8  32.0  50.2  65.4  68.6  74.9  68.2  63.3  51.6  42.2  23.3  49.6
 1965   19.1  19.9  23.6  48.5  66.0  69.4  74.3  71.6  60.7  55.1  40.1  34.9  48.6
 1966   14.2  25.7  41.5  46.2  58.6  69.6  76.8  68.6  61.3  52.6  37.3  23.9  48.0
 1967   22.8  22.9  38.9  50.8  56.9  68.6  70.5  68.5  59.1  50.0  34.7  26.9  47.5
 1968   18.9  21.4  41.0  49.8  55.8  70.7  73.1  71.4  62.4  52.9  34.6  22.6  47.9
 1969   14.2  23.6  25.8  49.8  60.9  64.8  74.4  72.1  63.8  48.3  37.7  22.7  46.5
 1970    8.7  25.3  31.9  50.5  63.9  70.5  74.1  72.1  63.3  51.0  35.5  24.9  47.6
 1971   13.5  20.0  32.3  50.8  56.8  75.2  70.5  70.3  65.4  57.6  38.4  25.5  48.0
 1972   15.3  16.0  35.5  47.3  61.4  68.5  72.0  71.3  64.2  47.7  34.3  17.0  45.9
 1973   19.4  25.8  42.1  47.3  57.7  72.0  73.7  72.9  62.5  56.4  38.3  20.2  49.0
 1974   15.2  24.8  37.4  50.5  58.2  67.2  77.8  67.0  57.8  51.1  37.5  25.4  47.5
 1975   19.6  19.8  26.5  44.2  63.5  69.2  74.0  73.6  59.3  52.5  41.1  26.9  47.5
 1976   20.8  31.3  37.2  52.4  57.3  68.6  74.6  70.7  62.1  44.9  30.7  18.2  47.4
 1977    7.5  26.1  41.9  55.2  67.7  71.7  77.3  68.5  64.8  49.5  36.5  21.5  49.0
 1978    9.2  10.3  29.3  48.6  59.5  69.8  72.7  71.4  67.3  49.2  36.0  19.9  45.3
 1979    5.2   8.8  32.3  44.9  58.1  68.5  72.2  70.8  64.5  50.8  35.7  28.0  45.0
 1980   21.5  19.2  32.3  49.3  60.6  69.1  76.6  72.9  63.8  47.4  38.2  24.4  47.9
 1981   23.0  27.4  38.8  55.2  57.9  70.6  74.0  69.7  62.6  48.7  40.3  22.6  49.2
 1982    7.5  19.0  32.9  44.6  62.2  64.9  74.0  70.2  62.0  52.2  35.0  28.7  46.1
 1983   24.8  28.7  36.1  42.1  55.7  70.0  77.6  78.2  64.1  50.5  38.0   7.5  47.8
 1984   17.6  32.1  28.5  46.5  56.4  70.7  72.3  72.5  60.3  51.6  37.9  26.8  47.8
 1985   14.3  19.4  40.5  53.1  63.5  66.2  72.1  67.5  64.1  50.5  28.9  11.3  45.9
 1986   25.1  19.4  40.0  51.7  60.8  71.7  75.8  67.4  65.8  51.3  31.5  25.8  48.8
 1987   24.8  34.2  40.4  52.0  65.3  73.4  76.2  69.8  63.3  45.5  40.7  27.9  51.1
 1988   15.3  18.3  37.3  47.1  66.2  73.8  75.1  76.8  64.2  44.9  36.8  25.5  48.4
 1989   29.2  11.9  32.7  49.3  58.9  67.4  74.9  70.7  59.8  50.9  32.2  13.2  45.9
 1990   28.5  25.8  38.8  47.6  57.0  71.5  73.9  72.7  67.7  51.4  41.6  19.7  49.7
 1991   11.4  29.2  40.0  51.7  64.8  73.8  74.5  72.0  63.2  48.8  27.3  27.9  48.7
 1992   28.1  33.0  39.6  45.2  60.6  68.6  68.8  66.2  60.7  51.0  33.1  25.0  48.3
 1993   16.1  18.3  31.4  44.3  59.2  67.6  72.3  72.4  57.5  49.7  34.1  26.6  45.8
 1994   10.8  17.4  38.3  49.6  60.7  71.2  70.7  69.3  64.4  54.3  39.1  26.5  47.7
 1995   17.1  26.1  36.4  44.8  56.3  69.9  74.2  76.7  60.0  51.1  30.1  25.0  47.3
 1996   16.0  22.3  29.7  45.2  56.3  69.7  70.9  70.1  60.0  51.9  29.0  19.5  45.1
 1997   14.6  24.4  37.5  43.9  53.8  71.5  74.9  70.1  64.6  52.1  33.3  27.5  47.4
 1998   23.1  33.3  31.5  49.1  65.5  66.8  74.5  73.7  68.9  53.0  41.1  29.1  50.8
 1999   16.8  32.2  36.1  49.2  60.3  69.2  77.7  70.0  60.6  50.0  44.2  26.9  49.4
 MEANS  17.9  23.8  34.7  48.8  60.6  69.9  74.0  71.5  63.1  51.6  36.5  24.0  48.0
 
 THESE ARE THE MONTHLY PRECIP TOTALS AND NUMBER OF MISSING DAYS 1951-1999 FOR STATION #6566
 YEAR    JAN   FEB  MARCH APRIL  MAY  JUNE  JULY AUGUST SEPT   OCT   NOV   DEC   ANN
  
 1951   0.51  2.29  3.68  5.12  3.88  5.81  3.39  5.99  3.05  1.91  1.01  0.91 37.55
           0     0     0     0     0     0     0     0     0     0     0     0     0
 1952   1.00  0.72  3.82  1.62  2.81  6.25  4.92  5.83  0.25  0.00  2.01  0.75 29.98
           0     0     0     0     0     0     0     0     0     0     0     1     1
 1953   0.96  0.76  1.02  2.23  1.68  8.10  3.59  1.14  1.10  0.36  1.63  0.68 23.25
           0    10     6     4     0     0     0     0     0     0     0     0    20
 1954   0.23  1.95  1.67  3.46  4.38  4.91  1.33 12.49  2.54  2.92  0.31  0.51 36.70
           0     0     0     0     0     0     0     1     0     0     0     0     1
 1955   0.90  1.33  0.84  4.52  6.57  1.61  3.15  1.85  2.68  0.41  0.28  0.42 24.56
           0     0     0     0     0     1     0     0     0     0     0     0     1
 1956   0.37  0.27  0.28  1.54  2.69  2.67  3.24  4.70  3.16  2.28  2.10  0.51 23.81
           0     0     0     0     0     0     0     0     0     0     0     0     0
 1957   0.74  0.17  2.34  2.57  3.90  5.13  3.05  2.57  2.07  2.62  3.29  1.08 29.53
           0     0     0     0     0     0     0     0     0     0     0     0     0
 1958   1.00  0.45  0.42  1.44  1.68  3.45 12.36  3.34  4.22  0.31  1.10  0.58 30.35
           0     0     0     0     0     0     0     0     0     0     0     0     0
 1959   0.90  1.24  3.66  2.76  8.08  4.40  1.40  7.67  3.37  2.41  2.33  1.32 39.54
           0     0     0     0     0     0     0     0     0     0     0     0     0
 1960   1.77  1.43  1.26  2.59  8.64  4.36  3.16  6.47  3.32  1.34  0.26  0.84 35.44
           0     0     0     0     0     0     0     0     0     0     0     0     0
 1961   0.37  2.07  3.62  2.66  1.58  3.33  5.71  2.92  8.56  3.16  1.87  1.86 37.71
           0     0     0     0     0     0     0     0     0     0     0     0     0
 1962   0.46  2.20  1.72  1.59  8.03  3.00  3.49  2.64  1.77  2.20  0.25  0.33 27.68
           0     0     0     0     0     0     0     0     0     0     0     0     0
 1963   0.62  0.84  2.85  5.81  2.93  1.85  4.46  8.71  2.36  1.21  0.77  0.63 33.04
           0     0     0     0     0     0     0     0     0     0     0     0     0
 1964   0.46  0.29  0.87  5.92  2.88  6.09  6.49  3.97  4.53  0.31  0.48  1.11 33.40
           0     0     0     0     0     0     0     0     0     0     0     0     0
 1965   0.95  1.13  3.41  5.47  3.41  3.12  1.43  1.77  7.95  1.41  1.44  1.23 32.72
           0     0     0     0     0     0     0     0     0     0     0     0     0
 1966   1.20  0.62  1.60  0.46  4.68  7.11  2.52  2.66  0.23  0.33  0.22  0.76 22.39
           0     0     0     0     0     0     0     0     0     0     0     0     0
 1967   1.04  0.21  1.42  2.94  3.59 14.14  2.50  1.12  2.20  1.93  0.30  0.38 31.77
           0     0     0     0     0     0     0     0     0     0     0     0     0
 1968   0.54  0.15  1.64  5.47  2.12  0.00  0.00  5.88  2.87  3.28  1.27  1.65 24.87
           0     0     0     0     0    30    31     0     0     0     0     0    61
 1969   0.92  1.67  0.81  4.25  4.29  6.37  5.49  1.27  2.45  3.80  0.30  1.02 32.64
           0     0     0     0     0     0     0     0     0     0     0     0     0
 1970   0.13  0.03  0.00  1.07  5.00  3.18  2.02  5.61  4.09  4.26  1.76  0.99 28.14
           0     0    31     0     0     0     0     0     0     0     0     0    31
 1971   1.62  2.62  0.38  0.96  4.44  3.08  2.23  0.38  1.50  3.27  3.01  0.80 24.29
           0     0     0     0     0     0     0     0     0     0     0     0     0
 1972   0.47  0.64  0.99  2.80  5.34  4.99  4.62  3.75  4.61  3.73  2.70  1.87 36.51
           0     0     0     0     0     0     0     0     0     0     0     0     0
 1973   1.52  1.82  3.45  3.37  7.43  3.18  8.27  2.50  7.76  2.69  1.87  2.35 46.21
           0     0     0     0     0     0     0     0     0     0     0     0     0
 1974   0.74  0.49  0.92  5.18  9.18  3.14  1.11  3.25  1.63  3.97  1.06  1.31 31.98
           0     0     0     0     0     0     0     0     0     0     0     0     0
 1975   1.23  0.77  2.15  5.23  1.73  6.77  0.27  6.90  2.23  0.40  2.32  0.81 30.81
           0     0     0     0     0     0     0     0     0     0     0     0     0
 1976   0.02  1.90  3.60  4.45  3.27  2.85  2.52  1.17  1.11  0.92  0.00  0.28 22.09
           0     0     0     0     0     0     0     0     0     0     0     0     0
 1977   0.26  0.22  3.63  1.60  2.44  1.00  3.57  9.04  3.47  5.33  0.65  0.95 32.16
           0     0     0     0     0     0     0     0     0     0     0     0     0
 1978   0.37  0.61  0.64  5.68  2.19  4.59  6.10  2.84  7.25  0.74  2.26  0.54 33.81
           0     0     0     0     0     0     0     0     0     0     0     0     0
 1979   1.03  0.37  2.77  3.46  2.42  5.38  4.49  8.51  1.14  3.33  1.90  0.11 34.91
           0     0     0     0     0     0     0     0     0     0     0     0     0
 1980   1.08  0.43  0.36  1.02  3.90  5.72  1.62  4.58  1.25  1.37  0.20  0.22 21.75
           0     0     0     0     0     0     0     0     0     0     0     0     0
 1981   0.01  0.45  0.49  1.77  1.52  4.29  3.67  6.43  1.72  2.13  1.48  1.61 25.57
           0     0     0     0     0     0     0     0     0     0     0     0     0
 1982   2.34  0.32  2.63  2.83  7.43  2.90  5.05  2.76  2.77  3.39  2.55  4.31 39.28
           0     0     0     0     0     0     0     0     0     0     0     0     0
 1983   0.80  0.52  4.14  2.73  6.08  7.57  2.62  3.39  2.87  4.83  5.19  0.37 41.11
           0     0     0     0     0     0     0     0     0     0     0     0     0
 1984   0.42  0.59  1.18  6.88  4.19  5.62  6.03  0.57  3.38  3.24  1.53  1.87 35.50
           0     0     0     0     0     0     0     0     0     0     0     0     0
 1985   0.32  0.85  1.97  1.68  1.54  2.90  1.38  2.15  3.67  2.61  0.49  0.64 20.20
           0     0     0     0     0     0     0     0     0     0     0     0     0
 1986   0.01  0.84  2.24  4.71  6.73 10.69  5.78  3.46  4.93  3.89  1.34  0.83 45.45
           0     0     0     0     0     0     0     0     0     0     0     0     0
 1987   0.18  0.00  2.10  1.83  4.29  2.01  4.27  9.92  3.42  1.31  2.92  1.59 33.84
           0     0     0     0     0     0     0     0     0     0     0     0     0
 1988   0.34  0.35  0.26  1.17  1.42  2.51  1.71  3.46  4.14  0.16  2.03  0.42 17.97
           0     0     0     0     0     0     0     0     0     0     0     0     0
 1989   1.27  0.54  0.56  0.42  4.42  3.30  3.49  2.30  4.11  2.37  0.03  0.28 23.09
           0     0     0     0     0     0     0     0     0     0     1     0     1
 1990   0.42  0.41  5.43  0.83  8.01  8.35  7.48  3.77  0.99  1.29  1.59  0.58 39.15
           0     0     0     0     0     0     0     0     0     0     2     3     5
 1991   1.26  0.04  4.07  7.84  3.77  3.35  1.48  3.14  2.43  2.84  3.72  1.80 35.74
           0     0     0     0     0     0     0     0     0     0     0     0     0
 1992   0.82  1.25  2.33  3.30  1.30  0.84  9.37  1.64  5.35  0.20  4.55  1.65 32.60
           0     0     0     0     0     0     0     0     0     0     0     0     0
 1993   1.13  0.95  2.79  2.08  5.59  5.53  8.45  8.19  3.23  1.45  0.86  0.55 40.80
           0     0     0     0     0     0     0     0     0     0     0     0     0
 1994   1.22  0.74  0.12  2.04  1.80  4.75  2.65  3.09  2.90  3.30  1.42  1.42 25.45
           0     0     0     0     0     0     0     0     0     0     0     0     0
 1995   0.72  0.52  3.24  4.75  5.03  5.08  4.02  3.94  2.55  1.68  1.52  0.34 33.39
           0     0     0     0     0     0     0     0     0     0     0     0     0
 1996   1.50  0.11  1.25  1.49  7.43  4.16  4.89  3.50  2.75  2.58  4.13  0.78 34.57
           0     0     0     0     0     0     0     0     0     0     0     0     0
 1997   0.76  1.11  1.90  2.57  3.18  3.79  1.30  1.09  3.61  3.63  1.17  1.02 25.13
           0     0     0     0     0     0     0     0     0     0     0     0     0
 1998   0.89  1.52  3.01  2.36  3.24  9.79  5.59  7.28  0.86  3.70  1.11  0.27 39.62
           0     0     0     0     0     0     0     0     0     0     0     0     0
 1999   0.89  0.86  1.03  6.37  4.75  9.02  3.18  6.57  1.65  0.32  1.03  0.44 36.11
           0     0     0     0     0     0     0     0     0     0     0     0     0
 
 MEANS  0.79  0.85  1.97  3.16  4.22  4.74  3.90  4.25  3.10  2.19  1.58  0.97 31.72
 PRECIPITATION MEANS AND TOTALS ARE BASED ON DATA AVAILABLE
 NO ATTEMPT WAS MADE TO ESTIMATE MISSING PRECIPITATION DATA
 *****************************************************************************************
 *****************************************************************************************
 
 THESE ARE THE MONTHLY HEATING DEGREE DAYS 1951-1999 FOR STATION #6566
 YEAR    JAN    FEB   MARCH  APRIL   MAY    JUNE   JULY  AUGUST  SEPT   OCT   NOV   DEC
 
 1951  1460.5 1144.5 1181.0  630.5  125.0   67.5    8.0    7.5  154.5  466.0 1013.5 1416.0
 1952  1403.5  939.0 1004.5  465.5  212.5    7.0    0.0   19.0   85.0  530.5  793.0 1198.5
 1953  1308.0 1015.5  835.5  625.0  198.5    8.5    2.5    0.5   87.5  247.0  692.5 1071.0
 1954  1422.0  767.0  995.0  356.5  289.0   37.5    0.0    0.0   60.0  407.0  680.5 1122.5
 1955  1358.5 1216.5  937.0  264.0  100.0   51.0    0.0    1.0   71.0  341.0 1011.0 1359.0
 1956  1408.0 1177.5  915.5  525.5  153.5   13.5    1.0   19.5  104.5  204.5  845.0 1125.5
 1957  1546.0  980.5  903.5  471.0  209.5   21.0    0.0    4.0  147.0  476.0  920.0 1077.0
 1958  1264.0 1373.5  954.5  458.5  119.5   49.0    9.0   34.0   73.0  324.5  736.0 1317.0
 1959  1511.5 1213.0  875.5  476.0  132.5   14.5    9.0    0.0  154.5  496.5 1071.0  973.0
 1960  1408.5 1322.5 1402.5  423.0  155.0   21.5    0.0    0.0  114.0  391.0  758.5 1239.5
 1961  1350.5 1007.0  867.0  612.0  249.0   19.5    0.0    8.5  184.0  305.5  820.5 1415.0
 1962  1585.5 1208.0 1129.0  505.0   51.0   27.0    8.5    4.5  160.0  336.0  745.0 1230.5
 1963  1728.5 1252.5  754.5  373.0  172.0    5.5    0.0   17.5   70.5  121.0  678.0 1549.0
 1964  1149.0 1077.5 1021.5  446.0   85.5   36.0    0.0   34.0  135.5  415.5  685.0 1294.0
 1965  1423.0 1262.0 1284.5  494.5   83.5    7.5    0.0   24.5  157.0  318.0  746.5  933.0
 1966  1576.0 1099.5  727.5  564.5  250.5   28.0    0.0   21.5  151.5  404.0  829.5 1274.5
 1967  1308.0 1177.5  816.0  427.5  309.5   28.0   29.0   49.5  189.5  475.5  910.0 1181.5
 1968  1429.0 1265.0  744.0  464.0  297.0   29.5    2.0   23.0  126.5  409.5  912.0 1314.0
 1969  1576.0 1160.5 1214.5  455.5  194.0   78.0    1.5    0.0   91.0  532.0  818.0 1312.0
 1970  1745.5 1112.0 1026.5  461.0  139.0   25.5   12.5    1.5  148.0  444.0  886.5 1244.5
 1971  1597.0 1259.5 1014.5  429.0  266.5    5.5   22.5   15.5  122.0  262.5  797.5 1223.5
 1972  1541.5 1420.0  914.0  530.5  179.0   42.0   18.0   23.5  116.0  537.5  919.5 1488.0
 1973  1414.5 1099.0  708.5  532.0  244.0    1.0    1.5    3.5  125.5  281.5  801.5 1388.0
 1974  1543.0 1126.5  854.5  438.5  235.0   44.0    1.0   47.0  238.5  430.5  826.5 1229.0
 1975  1408.5 1265.0 1192.5  624.5  147.0   34.0   11.0    4.0  209.5  401.5  717.0 1180.0
 1976  1369.0  976.5  861.0  388.5  258.5   21.5    2.5    9.0  142.0  634.5 1028.0 1449.5
 1977  1784.0 1088.5  717.5  326.5   42.5    6.0    0.0   23.5   61.0  479.0  856.0 1347.0
 1978  1729.0 1533.0 1105.5  493.0  225.5   25.5    2.0   12.5   79.0  490.5  869.0 1399.0
 1979  1854.5 1574.5 1015.0  602.5  246.5   41.0    3.0   25.5   93.0  444.0  880.5 1145.5
 1980  1349.5 1327.5 1014.0  485.0  194.5   27.0    0.0    3.0  129.0  548.5  804.0 1260.0
 1981  1301.5 1053.0  813.0  322.0  245.5    3.5   12.5   18.0  118.5  506.5  740.5 1314.0
 1982  1782.5 1287.5  994.0  612.0  123.0   64.5    1.0   27.0  168.0  412.0  900.0 1126.5
 1983  1247.5 1016.0  897.0  688.0  295.0   35.5    0.0    0.0  144.0  468.5  810.5 1782.5
 1984  1470.0  954.5 1131.0  559.0  283.5    5.0    3.5   12.5  200.5  417.0  813.0 1183.5
 1985  1573.0 1276.0  761.0  395.5   99.5   61.5    0.0   26.0  185.0  449.5 1084.0 1664.5
 1986  1235.5 1277.5  778.0  408.5  151.0    5.5    0.0   41.0   79.0  423.5 1006.0 1216.0
 1987  1246.5  862.0  763.5  411.5   92.0   13.0    2.0   50.0   91.5  605.0  730.5 1149.5
 1988  1540.0 1355.0  858.0  537.5   61.0    3.5    0.0   18.5   91.5  623.5  845.5 1224.5
 1989  1110.5 1488.0 1001.5  499.0  228.5   49.5    0.0   18.0  198.5  439.0  984.5 1605.5
 1990  1131.5 1098.5  813.5  552.0  260.5   22.0    9.0    4.5   91.0  433.5  704.5 1403.5
 1991  1662.0 1003.5  779.5  417.0  154.0    2.5    2.0    7.5  178.0  502.5 1131.5 1150.0
 1992  1143.0  928.0  786.0  595.0  191.0   18.0   25.0   55.5  176.0  438.5  957.0 1239.0
 1993  1515.0 1307.0 1041.0  620.0  196.0   59.0    0.0   10.5  238.5  490.0  926.5 1189.5
 1994  1680.5 1332.5  826.5  479.5  187.0   23.5    3.5   28.5  110.5  341.0  776.5 1193.5
 1995  1485.0 1090.5  887.0  607.5  270.0   34.0    8.5    0.0  196.0  442.0 1047.0 1238.5
 1996  1519.5 1238.0 1095.0  593.0  311.0   48.0    5.5    1.0  206.0  417.5 1081.0 1410.0
 1997  1562.5 1137.5  853.0  632.0  357.0    3.5    9.0   17.0   93.5  460.0  951.0 1163.5
 1998  1298.5  886.5 1042.0  476.5   78.0   88.5    0.0    0.0   45.5  375.5  717.0 1111.5
 1999  1493.5  917.5  896.5  473.5  178.0   41.0    0.0    7.0  189.5  466.0  625.5 1181.0
 *****************************************************************************************
 MEANS 1488.6 1184.7  956.7  503.5  193.6   29.1    4.7   16.1  136.4  433.5  871.0 1296.2
 
 THESE ARE THE MONTHLY COOLING DEGREE DAYS 1951-1999 FOR STATION #6566
 YEAR    JAN   FEB  MARCH APRIL  MAY  JUNE  JULY AUGUST SEPT   OCT   NOV   DEC   ANN
 
 1951    0.0   0.0   0.0   3.5  42.5  84.0 223.5 199.5  23.0  12.5   0.0   0.0
 1952    0.0   0.0   0.0   3.0  34.5 291.0 295.0 155.0  83.0   0.0   0.0   0.0
 1953    0.0   0.0   0.0   0.5  64.5 256.5 307.5 239.0  93.0  42.5   0.0   0.0
 1954    0.0   0.0   0.0  15.5  24.0 286.5 403.5 229.5 113.0  22.5   0.0   0.0
 1955    0.0   0.0   0.0  11.0  53.5 122.0 439.5 353.5 149.0  15.0   0.0   0.0
 1956    0.0   0.0   0.0   9.0  87.5 314.5 250.5 268.0  70.0  19.5   0.0   0.0
 1957    0.0   0.0   0.0   6.5  20.5 133.0 402.0 255.5  21.0   0.0   0.0   0.0
 1958    0.0   0.0   0.0   5.0  56.5 104.0 162.0 264.0  79.0  13.5   0.0   0.0
 1959    0.0   0.0   0.0   1.0  74.0 210.0 224.0 342.5 100.0   0.0   0.0   0.0
 1960    0.0   0.0   0.0  28.5  20.5 100.0 233.5 253.0 109.0   1.5   0.0   0.0
 1961    0.0   0.0   0.0   0.5  31.0 147.0 235.0 202.0  87.0   5.5   0.0   0.0
 1962    0.0   0.0   0.0   7.5 131.5 158.5 226.5 220.5  41.0  32.0   0.0   0.0
 1963    0.0   0.0   0.0   7.0  45.5 266.5 288.5 190.0  73.0  51.5   0.0   0.0
 1964    0.0   0.0   0.0   1.5  99.0 144.0 306.5 134.5  83.5   1.0   0.0   0.0
 1965    0.0   0.0   0.0   0.0 114.0 139.5 287.0 230.5  27.0  10.0   0.0   0.0
 1966    0.0   0.0   0.0   0.5  51.5 164.5 366.0 133.5  41.0  18.5   0.0   0.0
 1967    0.0   0.0   5.5   1.0  58.5 135.5 199.5 156.5  12.0  10.5   0.0   0.0
 1968    0.0   0.0   0.0   7.0  12.5 199.0 254.0 220.5  48.5  33.0   0.0   0.0
 1969    0.0   0.0   0.0   0.0  66.5  72.5 291.5 221.0  54.5  13.5   0.0   0.0
 1970    0.0   0.0   0.0  27.0 104.0 191.0 294.5 220.5  96.5  11.0   0.0   0.0
 1971    0.0   0.0   0.0   2.0  12.0 310.0 192.5 179.5 134.5  32.0   0.0   0.0
 1972    0.0   0.0   0.0   0.0  67.5 146.5 234.5 219.0  90.5   2.5   0.0   0.0
 1973    0.0   0.0   0.0   2.0  19.0 211.0 270.5 249.5  51.0  15.0   0.0   0.0
 1974    0.0   0.0   0.0   4.5  25.5 109.0 397.0 107.5  24.0   0.0   0.0   0.0
 1975    0.0   0.0   0.0   0.0 100.5 160.0 290.5 271.0  38.5  12.5   0.0   0.0
 1976    0.0   0.0   0.0  11.0  20.5 130.0 300.0 186.0  54.5  10.0   0.0   0.0
 1977    0.0   0.0   0.0  32.0 127.5 207.0 382.0 130.5  55.5   0.0   0.0   0.0
 1978    0.0   0.0   0.0   0.0  56.5 170.0 241.0 210.0 149.0   0.5   0.0   0.0
 1979    0.0   0.0   0.0   0.0  34.0 145.0 227.0 205.5  78.5   4.5   0.0   0.0
 1980    0.0   0.0   0.0  12.5  57.5 149.0 358.5 247.5  92.0   1.5   0.0   0.0
 1981    0.0   0.0   0.0  27.0  24.5 172.0 292.0 163.5  46.0   1.0   0.0   0.0
 1982    0.0   0.0   0.0   0.0  37.0  61.5 279.5 189.0  76.5  14.5   0.0   0.0
 1983    0.0   0.0   0.0   0.0   6.0 185.0 391.0 410.5 115.5  19.0   0.0   0.0
 1984    0.0   0.0   0.0   4.5  17.5 175.5 230.5 246.0  59.5   0.5   0.0   0.0
 1985    0.0   0.0   0.0  39.5  51.5  97.0 219.5 104.5 158.5   0.0   0.0   0.0
 1986    0.0   0.0   2.0  10.0  20.0 206.5 333.5 114.0 101.5   0.0   0.0   0.0
 1987    0.0   0.0   0.0  21.5 100.0 266.5 349.5 197.5  40.0   0.0   0.0   0.0
 1988    0.0   0.0   0.0   0.0  97.5 267.5 314.5 385.0  68.0   0.0   0.0   0.0
 1989    0.0   0.0   0.0  27.5  40.5 122.0 306.5 194.5  44.0   2.5   0.0   0.0
 1990    0.0   0.0   0.0  30.0  12.5 217.5 283.5 243.0 172.5  11.5   1.5   0.0
 1991    0.0   0.0   3.0  18.5 146.5 266.5 298.0 224.5 123.0   0.0   0.0   0.0
 1992    0.0   0.0   0.0   1.5  55.0 126.0 141.5  93.5  47.5   6.0   0.0   0.0
 1993    0.0   0.0   0.0   0.0  15.0 137.5 227.0 239.0  14.5  15.5   0.0   0.0
 1994    0.0   0.0   0.0  17.0  54.5 210.0 181.5 160.5  93.0   8.5   0.0   0.0
 1995    0.0   0.0   0.0   0.0   1.0 180.5 293.0 363.0  46.5  11.5   0.0   0.0
 1996    0.0   0.0   0.0   0.0  42.0 188.5 187.0 160.0  57.5  11.0   0.0   0.0
 1997    0.0   0.0   0.0   0.0  10.0 197.5 317.0 176.5  81.0  60.5   0.0   0.0
 1998    0.0   0.0   4.5   0.0  94.0 144.0 293.5 269.0 162.0   3.5   0.0   0.0
 1999    0.0   0.0   0.0   0.0  32.0 167.5 395.0 163.5  57.0   0.5   0.0   0.0
 *****************************************************************************************
 MEANS   0.0   0.0   0.3   8.3  53.7 180.7 290.8 221.5  78.3  11.7   0.0   0.0
 
 THESE ARE THE HEAT STRESS VARIABLES 1951-1999 FOR STATION #6566
             # OF DAYS MAXT >86                           HEAT INDEX
 YEAR   MAY  JUNE  JULY   AUG  SEPT  TOTAL     MAY    JUNE   JULY   AUG    SEPT  TOTAL
 1951   0.0   1.0   8.0   6.0   0.0   15.0      0.0    2.0   28.0   23.0    0.0   53.0
 1952   3.0  18.0  14.0   2.0   7.0   44.0     11.0   94.0   71.0    6.0   21.0  203.0
 1953   4.0  10.0  18.0  14.0   5.0   51.0     18.0   40.0   70.0   87.0   43.0  258.0
 1954   1.0  11.0  26.0   8.0   6.0   52.0      2.0   62.0  159.0   21.0   33.0  277.0
 1955   3.0   3.0  20.0  20.0  10.0   56.0      3.0   15.0  160.0  169.0   75.0  422.0
 1956   6.0  18.0  12.0  12.0   7.0   55.0     24.0  115.0   70.0   56.0   26.0  291.0
 1957   0.0   4.0  21.0  12.0   1.0   38.0      0.0   17.0  146.0   61.0    2.0  226.0
 1958   1.0   5.0   2.0  18.0   2.0   28.0      2.0   20.0    3.0   65.0    5.0   95.0
 1959   2.0   9.0   9.0  19.0   3.0   42.0      2.0   29.0   16.0   68.0    8.0  123.0
 1960   0.0   3.0  10.0   7.0   7.0   27.0      0.0    4.0   32.0   26.0   35.0   97.0
 1961   0.0   6.0   7.0   9.0   4.0   26.0      0.0   21.0   27.0   25.0   12.0   85.0
 1962   8.0   5.0   8.0  10.0   1.0   32.0     14.0    9.0   25.0   33.0    3.0   84.0
 1963   2.0  15.0  14.0   6.0   1.0   38.0      5.0   80.0   44.0   25.0    1.0  155.0
 1964   5.0   6.0  17.0   6.0   4.0   38.0     14.0   12.0   76.0   23.0    8.0  133.0
 1965   2.0   0.0  10.0  14.0   0.0   26.0      3.0    0.0   43.0   75.0    0.0  121.0
 1966   4.0   5.0  17.0   7.0   0.0   33.0     16.0   11.0   90.0   26.0    0.0  143.0
 1967   6.0   0.0  11.0   8.0   0.0   25.0     40.0    0.0   37.0   11.0    0.0   88.0
 1968   1.0  12.0   9.0  10.0   0.0   32.0      3.0   31.0   29.0   60.0    0.0  123.0
 1969   4.0   4.0  14.0  10.0   0.0   32.0      9.0   15.0   66.0   22.0    0.0  112.0
 1970   3.0   7.0  18.0  11.0   6.0   45.0      6.0   33.0   89.0   35.0   19.0  182.0
 1971   0.0  17.0   6.0   7.0   8.0   38.0      0.0   85.0   19.0   34.0   29.0  167.0
 1972   2.0   6.0   9.0  12.0   3.0   32.0      3.0   27.0   39.0   60.0   12.0  141.0
 1973   0.0  12.0   9.0  10.0   1.0   32.0      0.0   41.0   26.0   21.0    1.0   89.0
 1974   0.0   6.0  24.0   3.0   0.0   33.0      0.0   32.0  176.0   10.0    0.0  218.0
 1975   5.0   4.0  20.0  14.0   2.0   45.0     18.0   11.0   85.0   81.0    9.0  204.0
 1976   1.0   5.0  13.0  11.0   3.0   33.0      1.0   10.0   67.0   34.0    9.0  121.0
 1977   4.0  11.0  19.0   7.0   0.0   41.0     12.0   58.0  144.0   15.0    0.0  229.0
 1978   2.0   7.0  11.0  10.0  12.0   42.0      3.0   20.0   43.0   37.0   49.0  152.0
 1979   2.0   6.0   5.0   9.0   3.0   25.0      5.0   10.0   13.0   43.0    6.0   77.0
 1980   5.0   5.0  22.0  13.0   5.0   50.0      7.0   25.0  147.0   60.0   19.0  258.0
 1981   0.0   8.0   8.0   3.0   4.0   23.0      0.0   25.0   47.0    6.0    8.0   86.0
 1982   0.0   1.0  12.0   5.0   0.0   18.0      0.0    1.0   44.0   25.0    0.0   70.0
 1983   0.0   7.0  22.0  23.0   8.0   60.0      0.0   30.0  127.0  176.0   37.0  370.0
 1984   0.0   3.0  11.0  14.0   5.0   33.0      0.0   11.0   52.0   75.0   26.0  164.0
 1985   0.0   4.0  10.0   6.0  10.0   30.0      0.0   23.0   42.0   23.0   51.0  139.0
 1986   0.0  11.0  14.0   3.0   2.0   30.0      0.0   34.0   73.0    9.0    3.0  119.0
 1987   6.0  15.0  17.0   7.0   2.0   47.0     15.0   80.0  112.0   48.0    5.0  260.0
 1988   6.0  16.0  18.0  19.0   3.0   62.0     32.0  125.0  149.0  223.0   10.0  539.0
 1989   2.0   3.0  14.0   5.0   1.0   25.0      4.0   13.0   84.0   22.0    3.0  126.0
 1990   0.0   8.0  12.0   8.0  12.0   40.0      0.0   43.0   71.0   42.0   55.0  211.0
 1991   5.0  11.0  14.0  13.0   4.0   47.0     18.0   57.0  101.0   42.0   14.0  232.0
 1992   2.0   7.0   4.0   2.0   0.0   15.0      5.0   15.0   14.0    7.0    0.0   41.0
 1993   0.0   4.0   3.0   8.0   1.0   16.0      0.0    8.0   11.0   20.0    3.0   42.0
 1994   2.0   8.0   8.0   8.0   4.0   30.0      5.0   29.0   24.0   35.0   14.0  107.0
 1995   0.0   9.0   9.0  17.0   1.0   36.0      0.0   34.0   72.0   90.0    2.0  198.0
 1996   3.0   9.0   5.0   2.0   1.0   20.0     10.0   38.0   16.0    5.0    1.0   70.0
 1997   1.0   8.0  14.0   8.0   4.0   35.0      4.0   28.0  100.0   35.0   16.0  183.0
 1998   3.0   4.0   8.0   7.0   9.0   31.0     15.0   23.0   26.0   25.0   31.0  120.0
 1999   0.0   7.0  18.0   3.0   3.0   31.0      0.0   17.0  116.0    7.0   11.0  151.0
 *****************************************************************************************
 MEANS  2.2   7.6  13.1   9.8   3.7   36.3      6.8   32.7   69.6   46.7   15.0  170.8
