 
 THIS IS FOR STATION NUMBER 7979 1951-> 1999
                                 # OF PRECIPITATION EVENTS - % IN PARENS
 CL                   MAX   MEAN  0.01-  0.26-  0.51-  1.01-          # OF DAYS
 WK    TIME PERIOD    VAL   RAIN    0.25   0.51   1.00   2.00  >2.01 MISSING TOTAL
  1 3/1-->3/7        1.50   0.37  63(78)  5( 6)  8(10)  4( 5)  0( 0)    1       80
  2 3/8-->3/14       1.49   0.37  62(75) 10(12)  6( 7)  4( 4)  0( 0)    0       82
  3 3/15-->3/21      1.21   0.38  57(68) 15(18) 10(12)  1( 1)  0( 0)    0       83
  4 3/22-->3/28      1.66   0.54  53(60) 14(15) 16(18)  5( 5)  0( 0)    0       88
  5 3/29-->4/4       1.24   0.60  59(58) 17(17) 19(19)  5( 5)  0( 0)    0      100
  6 4/5-->4/11       1.91   0.52  58(67) 11(12) 10(11)  7( 8)  0( 0)    0       86
  7 4/12-->4/18      1.57   0.73  66(57) 22(19) 21(18)  6( 5)  0( 0)    0      115
  8 4/19-->4/25      2.38   0.86  68(56) 25(20) 18(15)  7( 5)  2( 1)    0      120
  9 4/26-->5/2       2.10   0.93  59(51) 23(20) 19(16) 13(11)  1( 0)    0      115
 10 5/3-->5/9        2.09   0.78  71(59) 24(20) 18(15)  6( 5)  1( 0)    0      120
 11 5/10-->5/16      1.78   0.81  72(58) 24(19) 20(16)  8( 6)  0( 0)    0      124
 12 5/17-->5/23      2.40   0.91  64(51) 31(24) 22(17)  6( 4)  2( 1)    0      125
 13 5/24-->5/30      1.66   1.06  75(55) 24(17) 20(14) 16(11)  0( 0)    0      135
 14 5/31-->6/6       4.40   0.94  63(55) 19(16) 21(18)  8( 7)  3( 2)    6      114
 15 6/7-->6/13       3.42   1.13  65(55) 15(12) 20(16) 14(11)  4( 3)    7      118
 16 6/14-->6/20      3.35   1.43  69(53) 18(13) 18(13) 18(13)  7( 5)    7      130
 17 6/21-->6/27      3.47   1.20  52(46) 16(14) 28(24) 12(10)  5( 4)    7      113
 18 6/28-->7/4       3.15   0.91  55(53) 20(19) 15(14)  8( 7)  4( 3)    7      102
 19 7/5-->7/11       3.35   1.01  51(46) 27(24) 22(20)  6( 5)  4( 3)    4      110
 20 7/12-->7/18      3.69   1.08  59(53) 18(16) 15(13) 15(13)  3( 2)    0      110
 21 7/19-->7/25      2.23   0.83  58(56) 14(13) 18(17)  9( 8)  3( 2)    0      102
 22 7/26-->8/1       2.50   0.86  54(55) 19(19)  9( 9) 12(12)  3( 3)    0       97
 23 8/2-->8/8        6.11   1.11  62(58) 15(14) 11(10) 15(14)  3( 2)    0      106
 24 8/9-->8/15       2.56   0.71  55(57) 19(19) 13(13)  7( 7)  2( 2)    0       96
 25 8/16-->8/22      5.00   1.12  47(48) 12(12) 22(22) 14(14)  2( 2)    0       97
 26 8/23-->8/29      2.95   0.94  52(50) 19(18) 16(15) 13(12)  2( 1)    0      102
 27 8/30-->9/5       6.65   0.87  49(51) 21(21) 18(18)  6( 6)  2( 2)    0       96
 28 9/6-->9/12       2.57   0.72  55(59) 17(18) 13(13)  5( 5)  3( 3)    0       93
 29 9/13-->9/19      6.26   0.97  58(53) 21(19) 17(15)  9( 8)  3( 2)    0      108
 30 9/20-->9/26      2.25   0.75  56(55) 24(23) 12(11)  6( 5)  3( 2)    0      101
 31 9/27-->10/3      1.77   0.52  42(56) 17(22)  9(12)  7( 9)  0( 0)    3       75
 32 10/4-->10/10     1.98   0.57  49(62)  9(11) 14(17)  7( 8)  0( 0)    8       79
 33 10/11-->10/17    1.91   0.49  34(56)  6(10) 13(21)  7(11)  0( 0)    7       60
 34 10/18-->10/24    1.70   0.47  40(54) 15(20) 14(19)  4( 5)  0( 0)    7       73
 35 10/25-->10/31    1.73   0.36  46(67) 10(14)  8(11)  4( 5)  0( 0)    7       68
 36 11/1-->11/7      1.90   0.32  46(71)  9(14)  5( 7)  4( 6)  0( 0)    0       64
 37 11/8-->11/14     2.71   0.33  39(67)  9(15)  6(10)  3( 5)  1( 1)    0       58
 38 11/15-->11/21    1.28   0.41  41(58) 15(21)  9(12)  5( 7)  0( 0)    0       70
 39 11/22-->11/28    0.81   0.18  52(88)  2( 3)  5( 8)  0( 0)  0( 0)    0       59
 40 11/29-->12/5     0.87   0.19  39(73)  9(16)  5( 9)  0( 0)  0( 0)    1       53
 41 12/6-->12/12     0.68   0.16  50(84)  4( 6)  5( 8)  0( 0)  0( 0)    0       59
 42 12/13-->12/19    1.41   0.19  46(80)  7(12)  3( 5)  1( 1)  0( 0)    1       57
 43 12/20-->12/26    0.99   0.15  48(85)  4( 7)  4( 7)  0( 0)  0( 0)    0       56
 44 12/27-->1/2      1.10   0.18  27(64) 11(26)  2( 4)  2( 4)  0( 0)    0       42
 45 1/3-->1/9        0.57   0.10  47(88)  5( 9)  1( 1)  0( 0)  0( 0)    0       53
 46 1/10-->1/16      2.78   0.17  45(86)  4( 7)  2( 3)  0( 0)  1( 1)    0       52
 47 1/17-->1/23      0.82   0.15  44(83)  6(11)  3( 5)  0( 0)  0( 0)    1       53
 48 1/24-->1/30      1.02   0.13  53(88)  6(10)  0( 0)  1( 1)  0( 0)    0       60
 49 1/31-->2/6       0.78   0.11  41(85)  6(12)  1( 2)  0( 0)  0( 0)    0       48
 50 2/7-->2/13       1.04   0.12  43(91)  2( 4)  1( 2)  1( 2)  0( 0)    0       47
 51 2/14-->2/20      2.22   0.27  56(81)  5( 7)  6( 8)  1( 1)  1( 1)    0       69
 52 2/21-->2/27      0.69   0.19  50(81)  6( 9)  5( 8)  0( 0)  0( 0)    0       61
 53 2/28-->2/29      1.05   0.04   5(71)  0( 0)  1(14)  1(14)  0( 0)    0        7
 ANNUAL TOTALS       6.65   2770(61)726(16)617(13)313( 6) 65( 1)   74     4491
 
 THESE ARE THE MONTHLY AVERAGES FOR 1951-->1999 FOR STATION NUMBER 7979
   JAN  FEB  MAR  APR  MAY  JUN  JUL  AUG  SPT  OCT  NOV  DEC  ANNUAL
   0.60 0.73 1.90 3.17 4.04 4.90 4.16 4.32 3.31 2.08 1.30 0.75 31.25  <-- PRECIP
  
   15.0 21.2 31.8 47.1 59.6 69.5 73.8 71.4 62.6 50.9 34.7 21.2  50.9  <-- TEMP
 
 TWELVE SIGNIFICANT RAINFALL EVENTS  
 MONTH  DAY  YEAR   AMOUNT
   8     31  1962     6.65
   9     13  1978     6.26
   8      5  1996     6.11
   8      8  1991     5.30
   8     22  1979     5.00
   5     31  1954     4.40
   8     22  1988     4.15
   7     12  1987     3.69
   7     13  1992     3.60
   6     21  1996     3.47
   6      7  1971     3.42
   6     19  1954     3.35
 
 GROWING DEGREE DAYS FOR 4 BASE TEMPS FOR STATION NUMBER  7979
               MARCH                       APRIL  
     ****************************  *************************** 
 YEAR  40-86  48-86  50-86  52-86   40-86  48-86  50-86  52-86  
     ****************************  *************************** 
 1951     15      1      0      0    201    100     82     67
 1952     47     20     17     14    350    218    193    169
 1953    129     56     43     32    197     86     68     55
 1954     45      9      6      3    405    255    224    194
 1955     99     48     37     26    494    328    295    264
 1956     99     42     31     24    274    170    148    126
 1957     94     36     28     22    340    215    189    166
 1958     51     14      8      5    279    151    126    104
 1959     73     27     21     15    271    161    137    115
 1960      7      1      0      0    320    194    170    148
 1961     54     21     16     12    195    103     87     71
 1962     24     12     10      8    273    165    141    120
 1963    145     92     83     74    344    207    180    154
 1964     66     26     19     13    284    172    149    127
 1965      0      0      0      0    214    111     95     80
 1966    185    101     82     66    191    105     88     74
 1967    174    111     98     86    290    172    145    121
 1968    242    153    134    116    324    194    167    142
 1969      9      1      0      0    292    169    145    123
 1970     13      0      0      0    315    200    176    154
 1971     52     23     18     13    338    221    195    171
 1972     89     38     30     22    234    132    111     91
 1973    111     44     32     22    278    161    138    116
 1974    118     50     38     29    326    196    168    144
 1975     22      3      2      1    190     91     75     61
 1976    135     77     66     56    401    258    228    198
 1977    149     71     57     44    451    297    264    233
 1978     82     41     33     27    259    140    115     95
 1979     21      5      4      3    211    115     97     82
 1980     62     20     13     10    335    210    183    159
 1981    203    101     82     66    406    265    236    207
 1982     68     17     10      5    266    169    149    130
 1983     77     35     26     20    138     79     67     55
 1984     18      2      0      0    199     93     74     58
 1985    163     78     62     47    392    257    229    202
 1986    164     95     85     75    329    199    172    147
 1987    156     90     77     65    418    282    254    229
 1988    192    109     91     74    297    182    157    132
 1989    116     67     57     48    375    243    212    183
 1990    144     67     52     40    344    211    185    161
 1991    127     62     50     40    334    198    171    146
 1992    128     60     47     34    218    126    110     96
 1993     41     18     13     10    244    134    112     93
 1994    144     76     63     52    338    227    202    177
 1995    115     50     38     30    192    102     82     65
 1996     75     30     24     19    248    151    132    114
 1997    111     55     44     35    250    148    127    106
 1998     84     46     40     34    299    170    144    120
 1999    129     58     46     36    277    143    119     96
     ****************************  *************************** 
 MEAN   95.5   46.4   37.7   30.3  294.9  177.3  153.5  131.7
 STDV   58.6   36.0   31.3   26.9   76.4   59.0   54.7   50.3
 
               MAY                         JUNE   
     ****************************  *************************** 
 YEAR  40-86  48-86  50-86  52-86   40-86  48-86  50-86  52-86  
     ****************************  *************************** 
 1951    644    418    370    326    683    453    399    348
 1952    560    359    314    273    918    682    624    568
 1953    593    385    343    304    942    706    647    589
 1954    487    323    284    248    914    676    621    566
 1955    720    495    447    403    774    542    490    441
 1956    640    437    393    350   1004    769    711    654
 1957    538    337    296    257    825    588    530    475
 1958    637    438    395    354    690    466    413    367
 1959    605    391    344    301    892    654    597    540
 1960    561    353    308    267    761    524    469    418
 1961    487    300    263    230    822    586    532    478
 1962    721    492    440    392    777    541    487    433
 1963    532    335    292    257    885    646    589    535
 1964    653    448    407    371    788    562    509    458
 1965    703    481    430    384    814    577    523    471
 1966    475    324    294    265    792    560    507    459
 1967    447    288    255    227    793    556    499    444
 1968    462    298    265    234    838    610    555    503
 1969    591    389    346    307    659    444    393    344
 1970    648    448    402    358    852    620    566    514
 1971    497    323    288    255    915    679    621    563
 1972    601    395    350    307    787    554    498    448
 1973    491    296    259    228    863    623    563    505
 1974    516    335    295    257    742    512    462    414
 1975    655    444    398    356    815    577    520    467
 1976    525    350    313    277    834    603    549    496
 1977    793    557    502    451    869    629    570    514
 1978    588    390    349    310    832    598    542    491
 1979    505    328    295    264    801    566    511    457
 1980    629    430    386    342    820    583    527    474
 1981    515    334    295    260    838    598    539    483
 1982    615    387    337    290    664    443    397    355
 1983    442    277    245    215    810    583    527    472
 1984    461    292    256    222    853    613    555    500
 1985    668    446    401    359    724    496    444    397
 1986    585    377    335    293    870    630    572    515
 1987    755    529    479    433    944    706    649    593
 1988    778    547    498    455    958    719    661    604
 1989    -99    -99    -99    -99    790    558    505    454
 1990    481    296    257    222    865    633    578    523
 1991    685    475    427    380    921    681    621    561
 1992    633    434    390    348    817    582    525    470
 1993    533    327    284    242    761    530    475    422
 1994    664    459    412    372    892    652    592    533
 1995    474    280    241    208    843    607    551    497
 1996    473    281    242    206    864    629    573    517
 1997    416    261    228    197    910    670    610    553
 1998    760    523    469    419    771    541    488    435
 1999    608    384    339    298    818    581    525    470
     ****************************  *************************** 
 MEAN  584.6  385.6  343.1  303.9  829.1  594.8  539.2  485.7
 STDV   98.2   79.5   74.4   69.8   75.5   71.8   69.7   66.8
 
               JULY                        AUGUST 
     ****************************  *************************** 
 YEAR  40-86  48-86  50-86  52-86   40-86  48-86  50-86  52-86  
     ****************************  *************************** 
 1951    933    685    623    562    885    637    576    516
 1952   1006    759    698    637    885    637    576    519
 1953   1006    759    699    639    953    705    643    583
 1954   1055    807    745    683    938    690    628    566
 1955   1125    877    815    753   1059    811    749    688
 1956    961    713    651    589    991    748    690    632
 1957   1115    867    805    743    965    718    657    598
 1958    872    624    564    504    929    687    629    573
 1959    925    678    618    559   1020    772    711    651
 1960    955    708    647    589    922    674    612    550
 1961    956    708    646    584    934    686    624    564
 1962    921    673    612    553    901    653    591    532
 1963   1001    753    691    629    877    631    572    515
 1964    991    743    681    621    782    551    499    450
 1965    969    721    659    599    879    638    580    524
 1966   1016    768    706    646    809    566    508    454
 1967    914    673    617    563    837    600    544    492
 1968    953    705    644    584    897    649    588    532
 1969    986    738    676    616   1004    756    694    632
 1970    964    716    657    601    933    685    625    567
 1971    860    618    560    504    849    608    552    503
 1972    907    663    605    547    908    660    602    545
 1973    962    714    652    590    988    740    678    618
 1974   1049    801    739    679    820    573    513    458
 1975   1017    770    710    650    987    739    677    615
 1976   1011    763    702    642    935    689    629    572
 1977   1001    753    691    629    823    576    518    463
 1978    967    719    657    596    916    669    608    548
 1979    953    705    643    581    887    639    580    524
 1980    997    749    687    625    932    684    622    560
 1981    946    698    636    574    888    640    579    522
 1982    995    747    685    623    878    633    575    518
 1983   1062    814    752    690   1061    813    751    689
 1984    935    688    627    569    938    697    638    579
 1985    932    684    622    561    786    539    483    430
 1986   1001    753    691    629    787    554    499    445
 1987   1048    800    738    676    869    623    565    510
 1988   1012    764    702    641   1013    765    704    646
 1989   1020    772    710    648    942    694    632    572
 1990    949    701    639    579    943    695    633    573
 1991    973    725    663    602    926    678    617    557
 1992    820    572    511    452    772    527    470    417
 1993    942    694    632    570    935    687    625    565
 1994    855    607    546    485    844    600    544    490
 1995    981    734    673    613   1034    786    724    663
 1996    922    674    612    551    904    656    594    534
 1997   1010    762    700    639    907    659    598    539
 1998   1018    770    708    647    984    736    674    612
 1999   1068    820    758    696    908    661    600    540
     ****************************  *************************** 
 MEAN  976.5  729.0  667.7  607.2  913.8  667.9  608.0  550.2
 STDV   61.4   60.9   60.4   59.6   70.7   68.8   67.2   64.7
 
               SEPTEMBER                   OCTOBER
     ****************************  *************************** 
 YEAR  40-86  48-86  50-86  52-86   40-86  48-86  50-86  52-86  
     ****************************  *************************** 
 1951    504    317    275    238      0      0      0      0
 1952    741    525    475    427     60     40     35     30
 1953    730    518    471    427    122     87     79     71
 1954    739    512    460    409    208    109     89     73
 1955    735    525    479    435    371    242    211    181
 1956    706    498    453    413    162    114    104     95
 1957    590    384    341    302    132     76     68     60
 1958    673    474    431    390    172    115    103     91
 1959    641    437    393    355     77     42     36     31
 1960    670    462    418    377    294    201    178    158
 1961    556    362    320    282      0      0      0      0
 1962    548    370    332    295    411    263    233    205
 1963    664    443    393    347    596    416    381    349
 1964    581    397    359    322    102     70     62     54
 1965    430    253    218    185    354    235    207    181
 1966    587    408    368    330      7      3      2      1
 1967    585    388    344    308    161    101     92     84
 1968    598    384    339    300     44     26     23     20
 1969    647    430    383    344    237    142    125    108
 1970    639    432    388    346    153    101     92     83
 1971    659    456    413    372    469    306    272    241
 1972    612    407    362    320    211    136    121    107
 1973    615    402    354    309    472    304    267    234
 1974    565    380    341    305      0      0      0      0
 1975    556    372    332    294    436    296    268    240
 1976    664    460    417    378    117     84     78     73
 1977    688    458    406    360    131     72     60     49
 1978    782    566    519    472    184    108     93     79
 1979    708    499    452    408    155    103     90     78
 1980    677    465    414    368     52     32     28     25
 1981    658    450    406    365    232    129    108     87
 1982    614    409    361    317    260    158    138    121
 1983    676    471    425    382    177    114     99     84
 1984    543    375    339    305      0      0      0      0
 1985    600    404    360    321    325    188    158    130
 1986    672    449    396    349    143     85     73     61
 1987    691    458    407    364    122     80     71     62
 1988    703    475    430    387     51     30     26     22
 1989    517    357    321    285      0      0      0      0
 1990    763    547    498    449    225    139    122    105
 1991    664    472    427    383    246    158    139    124
 1992    605    417    373    330    222    137    121    107
 1993    509    311    268    232    144     97     86     77
 1994    715    496    446    397    354    208    178    150
 1995    436    294    263    235      0      0      0      0
 1996    577    388    348    309     49     35     32     29
 1997    714    495    447    401    376    262    237    213
 1998    815    592    538    487    419    245    212    181
 1999    627    441    402    365     23     12     10      9
     ****************************  *************************** 
 MEAN  636.8  434.6  390.1  348.9  189.2  120.7  106.5   93.3
 STDV   83.7   69.8   66.2   62.4  149.7   98.4   87.9   78.2
 
 DAILY RECORD HIGHS AND LOWS OCCURRING DURING 1951-1999 FOR STATION NUMBER 7979
     JAN     FEB    MARCH   APRIL    MAY     JUNE    JULY    AUG     SEPT    OCT     NOV     DEC
 DY MX  MN  MX  MN  MX  MN  MX  MN  MX  MN  MX  MN  MX  MN  MX  MN  MX  MN  MX  MN  MX  MN  MX  MN
  1  55 -23  53 -20  54 -22  81  11  91  23  91  39  96  45  99  50  92  39  88  27  78  16  60  -8
  2  50 -23  54 -27  70 -24  82  11  90  20  89  40  98  48  96  50  94  41  90  23  73   5  66 -10
  3  52 -16  56 -26  67 -10  82   2  88  20  89  38  95  47  97  47  92  35  91  26  70   5  61 -10
  4  45 -18  50 -21  67 -15  77   2  87  21  92  39  98  42  96  46  92  34  91  23  75   2  60  -5
  5  57 -19  52 -22  65 -20  74  10  86  23  95  39  96  42  95  43  91  37  85  27  77   2  56  -4
  6  44 -18  57 -16  64 -13  84  10  86  28  95  40  97  46  94  48  91  36  90  26  65   4  53 -14
  7  43 -18  52 -14  71 -11  86   9  84  26  89  43  95  48  95  47  98  36  89  25  75   0  59 -18
  8  50 -18  64 -17  72 -10  85  12  86  28  91  38 100  46  97  46  94  35  85  25  69  -1  61 -19
  9  54 -21  54 -21  60  -8  85  10  89  26  98  44  94  48  92  48  94  38  81  18  80   5  55 -19
 10  47 -26  62 -19  64  -5  83  14  87  25  93  43  99  49  89  46  90  39  82  17  72  10  55 -18
 11  50 -24  62 -20  73  -8  82  19  89  26  97  41 101  50 100  45  89  35  85  19  65  -6  56 -10
 12  48 -22  65 -20  66  -9  84  14  85  30  96  42  96  47  94  45  89  35  87  25  71  -3  59 -15
 13  52 -22  60 -10  69  -8  79  21  85  26  97  39 100  47  94  36  95  35  90  22  68  -2  58 -18
 14  59 -24  61 -10  69 -11  86  18  89  29 100  40 100  48  97  36  90  35  89  23  76  -7  50 -19
 15  52 -24  57 -13  65  -5  83  17  89  29  99  42 100  48  98  45  96  33  85  28  70  -9  55 -19
 16  55 -26  53 -24  71   2  82  20  86  32  94  42  93  48  99  46  94  32  82  24  71   0  51 -17
 17  50 -22  62 -20  75  -2  85  21  90  36  94  44  94  49  99  50  93  37  80  18  69  -5  60 -15
 18  53 -25  65 -12  70   0  85  16  93  37  97  45  94  51  99  45  89  37  81  21  67  -5  56 -19
 19  47 -27  63 -21  72  -2  89  20  93  34  97  43  97  50  97  45  88  32  81  13  70   3  59 -21
 20  51 -27  61 -20  75  -5  89  23  93  32  96  42  94  48  95  43  95  30  83  13  59   6  54 -22
 21  47 -27  65 -13  71  -7  88  19  90  33  98  43  94  48  98  49  90  29  80  17  63  -4  52 -23
 22  50 -27  59 -13  63  -1  90  24  88  26 101  43 100  49  94  48  84  28  77  19  63  -3  52 -25
 23  56 -23  60 -12  78  -1  93  22  90  30  93  44  94  49  96  43  85  29  80  19  66   2  51 -25
 24  61 -23  58 -15  74  -7  85  17  90  36  93  46  95  49  93  43  86  28  80  17  56   1  46 -25
 25  66 -19  66 -14  85   0  83  26  89  36 101  39  93  51  98  43  90  31  80  18  59  -2  50 -25
 26  51 -16  55 -12  72  -3  89  29  97  30  93  43  98  48  99  43  92  28  79  20  69  -6  49 -18
 27  47 -18  64 -13  79  -3  89  30  89  37  97  43  98  48 101  42  93  28  76  17  65  -7  51 -15
 28  45 -20  61 -23  79   1  87  26  87  34  98  43  98  48  97  38  88  28  82  16  71  -6  52  -9
 29  47 -28 *** ***  79  -2  87  22  91  35  98  50  99  47  98  38  84  30  71  15  56  -4  53  -9
 30  49 -28 *** ***  84  -2  83  25  92  38  97  47 101  42  95  42  87  29  77  16  65  -9  52 -15
 31  51 -18 *** ***  82   3 *** ***  91  36 *** *** 103  42  95  39 *** ***  75  13 *** ***  54 -20
 
 DAILY MAXIMUM PRECIPITATION OCCURRING DURING 1951-1999 FOR STATION NUMBER 7979
     JAN   FEB   MARCH APRIL MAY   JUNE  JULY  AUG   SEPT  OCT   NOV   DEC
 
  1  0.34  0.21  0.61  0.56  1.92  1.53  1.00  1.48  0.64  1.00  0.99  0.87
  2  0.78  0.38  0.38  1.24  1.48  2.92  1.32  2.03  2.08  1.31  1.05  0.22
  3  0.28  0.22  1.50  0.68  0.62  1.25  0.64  1.43  1.13  1.21  0.28  0.40
  4  0.31  0.78  1.21  1.01  1.19  1.32  3.15  0.82  1.89  1.04  1.07  0.80
  5  0.45  0.42  1.07  1.02  2.09  0.94  1.39  6.11  1.12  0.65  1.90  0.44
  6  0.57  0.25  0.61  1.91  1.23  0.78  3.35  1.82  1.60  0.82  0.57  0.27
  7  0.13  0.13  1.46  1.57  0.84  3.42  0.98  1.80  2.57  1.10  0.30  0.62
  8  0.35  0.22  0.64  1.49  1.57  1.81  2.40  5.30  2.17  1.98  0.92  0.12
  9  0.06  0.19  1.24  1.46  1.29  1.65  1.73  1.22  1.75  1.23  2.71  0.28
 10  0.24  1.04  0.36  1.11  1.27  2.92  3.15  1.55  0.28  0.89  1.88  0.17
 11  2.78  0.11  0.92  0.36  1.52  1.31  1.40  0.97  0.68  1.21  0.15  0.68
 12  0.52  0.23  1.49  1.19  0.76  1.22  3.69  0.70  2.30  1.91  0.63  0.60
 13  0.28  0.31  0.61  1.35  1.78  2.22  3.60  1.55  6.26  1.44  0.36  0.35
 14  0.27  0.18  1.21  0.93  1.17  2.48  1.35  2.56  1.23  1.14  0.40  0.91
 15  0.51  0.35  0.93  0.98  1.76  1.76  1.52  2.25  1.50  0.95  1.00  0.34
 16  0.32  0.18  0.47  1.22  0.81  2.60  0.34  1.95  1.24  1.14  0.92  1.41
 17  0.31  0.18  0.56  0.52  2.00  1.73  2.02  1.24  2.59  1.50  1.28  0.28
 18  0.82  0.71  1.21  1.57  1.08  2.62  1.60  1.21  0.97  0.89  0.69  0.51
 19  0.67  1.75  0.91  1.07  2.40  3.35  1.62  1.55  2.33  1.04  0.70  0.33
 20  0.59  2.22  0.57  2.01  0.49  1.50  1.05  1.53  1.89  0.92  1.13  0.63
 21  0.40  0.48  0.48  1.77  1.15  3.47  2.00  1.77  1.51  1.47  1.00  0.15
 22  0.29  0.15  0.88  2.38  0.98  2.44  1.25  5.00  0.65  0.56  0.61  0.55
 23  0.44  0.35  1.66  1.03  1.05  2.75  2.23  2.95  2.25  1.70  0.77  0.50
 24  0.34  0.40  0.71  1.68  1.25  2.27  0.47  1.11  0.69  0.72  0.19  0.27
 25  1.02  0.62  1.13  0.85  1.44  1.34  1.31  2.00  2.10  0.17  0.33  0.99
 26  0.12  0.69  0.71  1.44  1.46  1.32  1.74  1.20  2.05  0.35  0.32  0.38
 27  0.41  0.64  1.04  1.83  1.38  1.66  2.10  1.70  0.50  1.00  0.17  0.31
 28  0.22  1.05  0.75  2.10  1.60  1.40  2.50  1.86  0.36  0.66  0.81  1.10
 29  0.24******  1.18  1.00  1.66  0.90  1.38  1.84  1.77  1.08  0.30  0.52
 30  0.28******  1.13  1.04  0.73  2.12  2.12  1.40  1.31  1.24  0.78  0.33
 31  0.04******  0.92******  4.40******  1.28  6.65******  1.73******  0.24
 
 RECORD LARGEST AND SMALLEST DAILY RANGES (MAX-MIN) DURING 1951-1999 FOR STATION NUMBER 7979
     JAN     FEB    MARCH   APRIL    MAY     JUNE    JULY    AUG     SEPT    OCT     NOV     DEC
 DY MX  MN  MX  MN  MX  MN  MX  MN  MX  MN  MX  MN  MX  MN  MX  MN  MX  MN  MX  MN  MX  MN  MX  MN
  1 32   3  48   7  35   3  48   7  55   7  36  11  33   9  33  12  37   9  43   8  40   3  33   4
  2 30   3  52   4  37   5  41   7  45   5  38   8  38   8  31   7  46  12  46   5  40   7  29   2
  3 37   6  36   4  42   4  65   6  41   6  33  10  33  12  35   6  41  11  43   3  45   5  37   5
  4 35   3  43   4  38   3  55   4  36   7  33   9  31   8  31  13  40  12  42   6  43   6  37   4
  5 37   5  45   7  39   6  44   6  46   6  38   7  33  10  34   8  37   5  50   6  36   3  36   6
  6 36   3  33   3  43   3  40   5  41   7  38   6  30   9  29   8  33  12  39   9  35   2  40   5
  7 42   5  39   2  48   4  50   8  36   6  30   7  31   5  32   4  38   3  41   7  36   4  33   3
  8 36   5  42   6  39   4  41   3  39   4  37   7  35  12  35   8  37   6  40   4  37   5  39   3
  9 45   6  32   5  40   0  44   5  36   9  38   6  37   9  33   8  36   6  42   6  35   7  36   4
 10 39   6  36   5  41   6  45   3  42  10  33  11  38   9  39   7  43  10  41   6  36   3  39   2
 11 38   7  34   3  49   3  44   4  40   5  39  10  34   9  37  12  40  12  38   7  37   2  35   6
 12 35   3  35   5  40   3  47   1  36   8  36   5  32  11  33   9  33   6  46   8  40   4  35   4
 13 42   3  42   2  36   6  40   5  40   7  36   5  32   8  37   7  42   6  39   6  36   5  50   6
 14 36   4  36   3  42   4  43   4  36   6  36  12  33  10  33  11  37   5  40  10  40   8  36   2
 15 43   7  47   6  43   6  43   3  41   7  35   7  34   9  32  12  41   7  51   6  36   5  42   5
 16 38   5  41   3  38   2  38   7  45   3  33  11  36  13  33  12  39   6  38   4  45   8  55   8
 17 52   7  38   7  44   4  49   5  44  12  39   7  32  12  38  13  35   9  40   5  35   5  41   3
 18 49   4  36   1  35   3  41   6  41   5  33   8  33  11  39  10  38  10  43   7  33   4  32   4
 19 38   5  37   4  39   2  50   5  44   4  33   7  35  12  32  12  38   8  35   5  38   3  35   5
 20 36   4  36   4  35   6  41   7  40  10  34   4  36   5  31  11  41   7  45   4  32   4  35   8
 21 38   3  43   4  36   5  46   6  37   6  34   9  29   7  33   7  41   6  41   6  32   5  41   6
 22 47   2  46   3  34   3  46   3  37   7  35  10  35   5  35  10  39   9  44   6  38   5  33   5
 23 34   2  44   6  48   3  49   5  40   6  37   5  34   4  35   6  44   4  40   5  32   3  40   5
 24 43   3  41   6  50   6  41   9  38   8  33   8  34   9  34   6  40  10  37   3  31   4  43   3
 25 38   3  46   5  49   5  39   5  38   5  36  11  37  11  39   8  39   7  41   1  36   3  45   3
 26 37   4  47   6  42   7  40   8  42   6  33   8  34  11  36   6  41   8  44   8  48   6  39   6
 27 38   2  38   2  44   5  43   6  32   6  38   7  33  10  36   8  42  10  43   7  35   4  38   6
 28 50   8  36   3  50   5  40   2  38   4  39  13  34   5  32   6  42   7  46   8  39   4  46   5
 29 40   6  **  **  43   7  41   7  38   2  34   7  44  12  35   9  36   7  47   9  37   2  38   4
 30 40   7  **  **  45   6  41   2  42   5  31   6  32  11  36   8  43   5  46   5  38   4  35   3
 31 41   6  **  **  53   3  **  **  33   3  **  **  34   7  35   9  **  **  43   5  **  **  36   4
 
 DAILY  MEAN  HIGHS AND LOWS OCCURRING DURING 1951-1999 FOR STATION NUMBER 7979
     JAN     FEB    MARCH   APRIL    MAY     JUNE    JULY    AUG     SEPT    OCT     NOV     DEC
 DY MX  MN  MX  MN  MX  MN  MX  MN  MX  MN  MX  MN  MX  MN  MX  MN  MX  MN  MX  MN  MX  MN  MX  MN
  1 25   7  27   7  35  16  52  29  62  39  73  51  82  59  81  59  78  55  69  43  53  33  35  18
  2 26   8  25   5  36  17  51  29  65  39  73  50  83  59  82  60  78  55  69  42  50  31  35  19
  3 26   7  25   5  34  16  51  28  65  41  74  51  82  59  83  60  79  55  68  42  49  29  35  18
  4 24   4  26   7  34  16  50  27  66  43  76  52  82  60  82  60  78  54  66  40  48  27  35  17
  5 23   4  27   7  35  16  50  28  69  43  78  54  83  60  81  59  77  54  66  41  48  27  35  16
  6 24   4  26   8  35  15  53  29  67  42  78  55  83  60  80  60  76  53  65  41  46  26  33  13
  7 23   3  26   7  35  13  56  30  66  42  78  56  83  60  81  59  78  53  64  40  48  27  29  13
  8 22   1  27   8  34  14  55  31  66  43  78  55  84  61  82  59  78  53  65  41  49  27  30  14
  9 22   2  28   8  36  17  50  30  67  43  77  55  83  60  81  59  76  53  62  39  46  26  29  11
 10 21   2  29  10  38  18  52  30  67  44  77  55  83  60  81  58  76  51  63  38  47  26  30  11
 11 22   3  28  10  39  19  55  31  69  44  79  56  83  61  80  57  76  51  64  39  46  25  30  11
 12 23   5  28   9  40  21  55  32  69  44  78  56  83  62  80  57  75  50  65  40  45  25  29  10
 13 26   5  30   9  39  21  54  32  68  44  80  57  83  61  81  58  73  51  64  39  44  25  30  10
 14 26   7  30  11  40  21  56  33  69  45  81  57  83  61  80  58  72  49  64  40  45  24  30  10
 15 24   5  30  11  40  19  56  34  70  45  79  57  83  60  80  58  71  48  65  40  44  24  28  11
 16 22   3  28   9  41  20  59  34  71  47  78  56  83  60  80  58  71  48  62  38  46  24  29  10
 17 25   4  31   9  42  22  61  35  72  47  79  56  84  61  82  59  71  47  61  37  44  25  29  10
 18 24   6  33  14  40  23  60  35  72  48  79  57  85  63  82  59  72  49  61  36  44  24  28  10
 19 24   5  32  14  41  23  61  37  71  48  79  58  85  63  80  58  72  49  58  35  42  23  29  10
 20 23   4  32  13  43  24  62  38  73  47  80  58  83  62  80  58  71  47  58  34  42  24  26   9
 21 23   4  32  12  43  21  60  38  73  49  80  57  82  61  80  57  69  45  59  37  40  22  25   7
 22 27   7  32  12  43  21  61  36  73  49  81  57  83  61  80  57  69  44  60  36  40  20  26   9
 23 26   5  33  15  44  22  61  36  72  49  80  56  82  60  80  58  67  42  59  35  41  21  28  11
 24 25   6  33  13  45  23  62  38  71  49  80  57  83  60  79  57  68  42  57  35  37  19  27   8
 25 26   7  34  13  44  24  64  39  72  49  82  58  84  60  80  57  69  44  57  34  40  20  26  10
 26 22   5  34  14  44  23  64  40  72  49  82  59  84  61  81  58  71  45  58  34  39  20  28   8
 27 23   4  36  16  47  25  64  40  71  50  83  59  82  61  80  59  70  44  58  34  36  18  28   9
 28 23   3  35  18  50  27  62  39  72  50  83  59  82  61  80  58  70  43  57  33  33  15  28  11
 29 24   3  **  **  48  27  61  39  73  52  84  61  83  60  81  58  68  43  55  31  32  16  28   9
 30 25   4  **  **  47  27  63  40  74  52  82  60  82  60  81  59  69  43  55  32  35  16  26   9
 31 25   4  **  **  50  27  **  **  74  51  **  **  82  60  79  56  **  **  53  32  **  **  27   7
  
  # OF DAYS EACH YEAR WHERE MIN >=32 F  1951-1999 FOR STATION # 7979
   51  52  53  54  55  56  57  58  59  60  61  62  63  64  65  66  67  68  69  70
  194 199 214 214 211 201 203 196 192 192 188 193 207 195 194 177 177 201 192 190
 
   71  72  73  74  75  76  77  78  79  80  81  82  83  84  85  86  87  88  89  90
  199 198 215 199 207 186 223 206 188 192 215 205 195 189 199 200 209 188 187 201
 
   91  92  93  94  95  96  97  98  99
  203 201 201 211 203 193 189 232 217
  
 MEAN=200
 
 LENGTH OF SEASON FOR STATION NUMBER 7979   BASE TEMP=32
 LAST SPRING OCCURENCE FIRST FALL OCCURENCE  LENGTH OF SEASON
   YEAR MONTH DAY DOY         MONTH DAY DOY
   1951   5     6 126           9    28 271          145
   1952   4    15 106          10     4 278          172
   1953   5    13 133          10     7 280          147
   1954   5     9 129          10    16 289          160
   1955   5     8 128          10    15 288          160
   1956   5     4 125           9    30 274          149
   1957   5     5 125          10    10 283          158
   1958   4    29 119          10     1 274          155
   1959   5    15 135          10     9 282          147
   1960   5    11 132          10    19 293          161
   1961   5     3 123           9    28 271          148
   1962   4    20 110           9    20 263          153
   1963   5    23 143          10    29 302          159
   1964   4    23 114           9    27 271          157
   1965   4    29 119           9    24 267          148
   1966   5    13 133           9    16 259          126
   1967   5    20 140           9    28 271          131
   1968   5     5 126          10     3 277          151
   1969   4    30 120          10    13 286          166
   1970   5     2 122          10     9 282          160
   1971   5    26 146          10    28 301          155
   1972   4    26 117          10    15 289          172
   1973   5     2 122          10    17 290          168
   1974   5     7 127           9    22 265          138
   1975   4    22 112          10    25 298          186
   1976   5     8 129          10     6 280          151
   1977   4     7  97          10     6 279          182
   1978   5     2 122          10     7 280          158
   1979   5    12 132          10     9 282          150
   1980   5     9 130          10     3 277          147
   1981   5    12 132          10     2 275          143
   1982   4    23 113          10    17 290          177
   1983   5    15 135           9    22 265          130
   1984   5     9 130           9    26 270          140
   1985   4    10 100           9    25 268          168
   1986   5     3 123          10     6 279          156
   1987   4    11 101          10     3 276          175
   1988   4    28 119          10     4 278          159
   1989   5     7 127           9    23 266          139
   1990   5     2 122          10    11 284          162
   1991   4    11 101           9    19 262          161
   1992   4    28 119          10    15 289          170
   1993   4     9  99           9    29 272          173
   1994   5     1 121          10    12 285          164
   1995   5     3 123           9    22 265          142
   1996   4    30 121          10     3 277          156
   1997   5    16 136          10    14 287          151
   1998   4    18 108          11     4 308          200
   1999   4    19 109           9    21 264          155
             MEAN=122              MEAN=278     MEAN=156
 
 LENGTH OF SEASON FOR STATION NUMBER 7979   BASE TEMP=30
 LAST SPRING OCCURENCE FIRST FALL OCCURENCE  LENGTH OF SEASON
   YEAR MONTH DAY DOY         MONTH DAY DOY
   1951   4    23 113           9    28 271          158
   1952   4    15 106          10     5 279          173
   1953   4    20 110          10     7 280          170
   1954   5     8 128          10    18 291          163
   1955   5     8 128          10    15 288          160
   1956   4    30 121           9    30 274          153
   1957   5     4 124          10    10 283          159
   1958   4    29 119          10    11 284          165
   1959   4    22 112          10     9 282          170
   1960   5     1 122          10    19 293          171
   1961   5     2 122           9    28 271          149
   1962   4    20 110          10    23 296          186
   1963   5    23 143          10    29 302          159
   1964   4    10 101          10     5 279          178
   1965   4    29 119          10    13 286          167
   1966   5    11 131          10     1 274          143
   1967   5    14 134           9    28 271          137
   1968   5     5 126          10     4 278          152
   1969   4    30 120          10    14 287          167
   1970   5     2 122          10    10 283          161
   1971   5    26 146          10    29 302          156
   1972   4    25 116          10    15 289          173
   1973   4    27 117          10    29 302          185
   1974   4    25 115           9    22 265          150
   1975   4    13 103          10    26 299          196
   1976   5     4 125          10     6 280          155
   1977   4     7  97          10     6 279          182
   1978   5     2 122          10     8 281          159
   1979   5     4 124          10    10 283          159
   1980   5     9 130          10     3 277          147
   1981   5    11 131          10     2 275          144
   1982   4    23 113          10    20 293          180
   1983   4    20 110          10    13 286          176
   1984   5     1 122           9    26 270          148
   1985   4    10 100          10    11 284          184
   1986   4    23 113          10     7 280          167
   1987   4     7  97          10     7 280          183
   1988   4    20 111          10     4 278          167
   1989   5     7 127           9    23 266          139
   1990   4    29 119          10    18 291          172
   1991   4    11 101           9    20 263          162
   1992   4    23 114          10    16 290          176
   1993   4     5  95          10    10 283          188
   1994   5     1 121          10    25 298          177
   1995   4    13 103           9    22 265          162
   1996   4    23 114          10     3 277          163
   1997   5    15 135          10    20 293          158
   1998   4    18 108          11     4 308          200
   1999   4    19 109           9    21 264          155
             MEAN=117              MEAN=282     MEAN=165
 
 LENGTH OF SEASON FOR STATION NUMBER 7979   BASE TEMP=28
 LAST SPRING OCCURENCE FIRST FALL OCCURENCE  LENGTH OF SEASON
   YEAR MONTH DAY DOY         MONTH DAY DOY
   1951   4    23 113           9    28 271          158
   1952   4    15 106          10     5 279          173
   1953   4    20 110          10     7 280          170
   1954   5     7 127          10    18 291          164
   1955   5     8 128          10    24 297          169
   1956   4    30 121          10     9 283          162
   1957   5     4 124          10    10 283          159
   1958   4    29 119          10    11 284          165
   1959   4    13 103          10     9 282          179
   1960   5     1 122          10    19 293          171
   1961   5     2 122          10     1 274          152
   1962   4    20 110          10    24 297          187
   1963   5    22 142          10    29 302          160
   1964   4     9 100          10     9 283          183
   1965   4    28 118          10    24 297          179
   1966   5    11 131          10     2 275          144
   1967   5     5 125          10    11 284          159
   1968   4    25 116          10     4 278          162
   1969   4    23 113          10    22 295          182
   1970   4     5  95          10    10 283          188
   1971   4    14 104          10    31 304          200
   1972   4     9 100          10    15 289          189
   1973   4    14 104          10    29 302          198
   1974   4     9  99          10     1 274          175
   1975   4    13 103          10    29 302          199
   1976   5     4 125          10     6 280          155
   1977   4     7  97          10    16 289          192
   1978   4    22 112          10    16 289          177
   1979   5     2 122          10    13 286          164
   1980   5     8 129          10     4 278          149
   1981   4    15 105          10    22 295          190
   1982   4    12 102          10    20 293          191
   1983   4    20 110          10    13 286          176
   1984   4     7  98           9    26 270          172
   1985   4    10 100          11     2 306          206
   1986   4    23 113          10    14 287          174
   1987   4     5  95          10    10 283          188
   1988   4    20 111          10     5 279          168
   1989   5     6 126           9    24 267          141
   1990   4    18 108          10    18 291          183
   1991   4    11 101          10    19 292          191
   1992   4    23 114          10    17 291          177
   1993   4     5  95          10    10 283          188
   1994   5     1 121          10    25 298          177
   1995   4     9  99           9    22 265          166
   1996   4    23 114          10     3 277          163
   1997   5    13 133          10    20 293          160
   1998   4     2  92          11     4 308          216
   1999   4    19 109          10     4 277          168
             MEAN=111              MEAN=286     MEAN=174
 
 LENGTH OF SEASON FOR STATION NUMBER 7979   BASE TEMP=26
 LAST SPRING OCCURENCE FIRST FALL OCCURENCE  LENGTH OF SEASON
   YEAR MONTH DAY DOY         MONTH DAY DOY
   1951   4    19 109          10    23 296          187
   1952   4    15 106          10    17 291          185
   1953   4    19 109          10    27 300          191
   1954   5     7 127          10    31 304          177
   1955   3    28  87          10    24 297          210
   1956   4    30 121          10     9 283          162
   1957   4    14 104          10    25 298          194
   1958   4    29 119          10    26 299          180
   1959   4    13 103          10    12 285          182
   1960   5     1 122          10    19 293          171
   1961   5     1 121          10    20 293          172
   1962   4    16 106          10    24 297          191
   1963   5    22 142          10    29 302          160
   1964   4     9 100          10     9 283          183
   1965   4    28 118          10    24 297          179
   1966   5    11 131          10    16 289          158
   1967   5     5 125          10    11 284          159
   1968   4    25 116          10     4 278          162
   1969   4    23 113          10    22 295          182
   1970   4     5  95          11    15 319          224
   1971   4    14 104          10    31 304          200
   1972   4     9 100          10    18 292          192
   1973   4    14 104          10    29 302          198
   1974   4     9  99          10     2 275          176
   1975   4     5  95          10    29 302          207
   1976   4    13 104          10     6 280          176
   1977   4     7  97          11    10 314          217
   1978   4     3  93          10    23 296          203
   1979   4     7  97          10    13 286          189
   1980   4    15 106          10    12 286          180
   1981   4    15 105          10    22 295          190
   1982   4    12 102          10    21 294          192
   1983   4    19 109          11    10 314          205
   1984   4     2  93          10    23 297          204
   1985   4     9  99          11     3 307          208
   1986   4    15 105          11     2 306          201
   1987   4     5  95          10    11 284          189
   1988   4    20 111          10    28 302          191
   1989   4    13 103          10    18 291          188
   1990   4    18 108          10    19 292          184
   1991   4    11 101          10    19 292          191
   1992   4    13 104          10    18 292          188
   1993   4     5  95          10    10 283          188
   1994   5     1 121          10    26 299          178
   1995   4     5  95          11     2 306          211
   1996   4    16 107          10    30 304          197
   1997   5    13 133          10    27 300          167
   1998   3    24  83          11     5 309          226
   1999   4    19 109          10     4 277          168
             MEAN=107              MEAN=295     MEAN=188
 
 LENGTH OF SEASON FOR STATION NUMBER 7979   BASE TEMP=24
 LAST SPRING OCCURENCE FIRST FALL OCCURENCE  LENGTH OF SEASON
   YEAR MONTH DAY DOY         MONTH DAY DOY
   1951   4    16 106          10    27 300          194
   1952   4    10 101          10    17 291          190
   1953   4    18 108          10    27 300          192
   1954   4     8  98          10    31 304          206
   1955   3    28  87          10    31 304          217
   1956   4    23 114          11     8 313          199
   1957   4    14 104          10    25 298          194
   1958   4    29 119          11     6 310          191
   1959   4    10 100          11     5 309          209
   1960   4    10 101          10    19 293          192
   1961   4    17 107          11     3 307          200
   1962   4    16 106          10    24 297          191
   1963   4     5  95          10    29 302          207
   1964   4     9 100          10     9 283          183
   1965   3    31  90          10    24 297          207
   1966   5     1 121          10    16 289          168
   1967   5     5 125          10    11 284          159
   1968   4     6  97          10     4 278          181
   1969   4    23 113          10    23 296          183
   1970   4     5  95          11    15 319          224
   1971   4     7  97          11     4 308          211
   1972   4     9 100          10    18 292          192
   1973   4    13 103          11     5 309          206
   1974   4     9  99          10     2 275          176
   1975   4     5  95          10    29 302          207
   1976   4    13 104          10    17 291          187
   1977   4     7  97          11    10 314          217
   1978   3    25  84          11    14 318          234
   1979   4     7  97          10    13 286          189
   1980   4    14 105          10    26 300          195
   1981   3    23  82          10    22 295          213
   1982   4     9  99          10    21 294          195
   1983   4    19 109          11    10 314          205
   1984   4     1  92          10    31 305          213
   1985   4     2  92          11     8 312          220
   1986   3    22  81          11     2 306          225
   1987   4     5  95          10    11 284          189
   1988   4    20 111          10    29 303          192
   1989   4    13 103          10    19 292          189
   1990   4    18 108          11     5 309          201
   1991   3    31  90          10    19 292          202
   1992   4    13 104          10    18 292          188
   1993   4     5  95          10    30 303          208
   1994   4     7  97          11    10 314          217
   1995   4     5  95          11     2 306          211
   1996   4     9 100          10    30 304          204
   1997   4    18 108          10    27 300          192
   1998   3    24  83          11     6 310          227
   1999   3    26  85          10    20 293          208
             MEAN= 99              MEAN=299     MEAN=200
 
 THESE ARE THE MONTHLY AVG. MAX TEMPS 1951-1999 FOR STATION #7979
 YEAR    JAN   FEB  MARCH APRIL  MAY  JUNE  JULY AUGUST SEPT   OCT   NOV   DEC   ANN
  
 1951   25.4  32.9  31.1  51.2  71.1  72.4  80.2  78.7  67.8  60.1  39.2  25.7  53.0
 1952   25.6  36.2  36.1  59.9  68.6  82.5  83.4  79.2  77.5  61.4  47.4  30.0  57.3
 1953   27.3  30.5  44.4  51.8  69.3  83.8  84.0  82.0  78.4  70.0  50.9  36.9  59.1
 1954   27.0  46.3  37.9  63.1  66.1  80.9  87.2  80.2  74.9  57.3  51.6  34.5  58.9
 1955   29.0  26.0  41.2  69.4  76.0  77.3  89.9  90.8  79.0  65.2  38.6  25.0  58.9
 1956   24.8  28.9  43.4  57.9  72.2  88.7  83.6  84.6  79.1  71.4  43.4  36.5  59.5
 1957   21.7  37.1  43.8  58.9  67.7  78.6  87.3  82.2  70.8  57.4  40.9  39.2  57.1
 1958   29.7  26.9  39.5  57.7  73.7  74.5  78.3  83.8  77.2  66.7  49.8  27.9  57.1
 1959   22.4  25.6  41.2  57.6  69.7  81.5  82.5  85.0  72.4  54.9  34.1  38.0  55.4
 1960   24.4  25.9  25.4  59.4  68.4  76.1  83.1  80.6  74.2  64.1  48.8  29.8  55.0
 1961   26.4  32.5  40.1  52.6  66.4  77.9  82.7  81.2  68.5  64.2  43.1  25.4  55.1
 1962   19.6  26.3  31.1  56.1  74.5  77.4  80.3  80.5  70.5  64.5  47.9  34.1  55.2
 1963   16.1  27.4  46.6  61.0  68.0  81.9  84.8  80.3  73.4  74.8  51.4  23.5  57.4
 1964   34.5  37.6  38.4  58.1  75.1  78.7  86.8  78.1  71.6  61.9  49.7  26.5  58.1
 1965   24.0  24.8  26.9  53.7  75.0  79.3  84.2  81.8  64.1  65.6  47.1  38.7  55.4
 1966   17.9  29.7  49.2  52.3  67.8  79.1  87.7  79.0  73.2  63.7  45.0  31.2  56.3
 1967   29.2  28.4  48.8  58.9  66.3  76.0  81.7  79.9  71.8  60.8  44.4  33.5  56.7
 1968   25.9  29.7  53.6  60.1  66.9  80.8  83.2  81.2  71.4  63.1  43.3  29.0  57.3
 1969   19.1  26.6  30.5  58.3  70.0  73.1  82.8  83.2  73.6  56.2  45.4  29.9  54.1
 1970   16.3  32.5  35.2  58.9  72.4  81.1  83.4  82.1  73.4  58.9  41.7  30.5  55.5
 1971   21.5  27.6  37.2  61.5  68.2  83.6  79.5  81.1  75.1  65.4  45.8  28.9  56.3
 1972   22.5  24.4  42.2  54.5  69.9  77.6  80.2  79.9  71.3  57.0  39.4  23.4  53.5
 1973   26.6  30.0  46.6  56.8  66.4  81.1  80.9  83.3  69.9  66.1  44.2  26.0  56.5
 1974   22.9  32.8  45.4  60.0  67.5  77.9  88.6  77.5  71.1  64.4  45.1  32.8  57.2
 1975   26.3  25.0  32.8  49.5  73.5  77.7  86.7  83.1  70.3  68.0  48.0  30.8  56.0
 1976   29.6  42.4  43.8  64.5  69.1  82.9  87.2  86.7  76.4  57.1  41.6  27.4  59.1
 1977   16.8  39.2  47.9  65.4  77.5  82.2  85.2  77.3  74.3  58.6  43.1  26.7  57.8
 1978   14.3  19.9  39.6  56.0  70.4  79.9  83.0  80.8  78.5  61.3  42.2  24.3  54.2
 1979   10.6  15.8  35.8  52.2  68.2  78.5  81.9  79.3  76.6  61.3  41.6  37.6  53.3
 1980   27.1  25.0  38.5  60.9  72.5  80.3  87.3  80.7  75.1  58.6  50.6  30.9  57.3
 1981   34.3  37.4  51.9  65.4  68.5  81.0  81.3  79.3  75.3  57.3  48.9  28.5  59.1
 1982   15.3  26.1  40.1  55.2  68.9  73.4  83.6  78.4  70.8  61.2  41.2  33.9  54.0
 1983   28.2  30.8  39.1  48.3  65.7  77.1  86.0  87.9  74.8  59.3  41.3  11.6  54.2
 1984   25.6  36.2  33.1  52.7  65.3  79.7  82.5  84.0  72.6  60.8  45.4  30.8  55.7
 1985   23.5  27.5  49.4  62.5  74.1  77.1  83.0  77.3  69.0  59.6  33.1  19.8  54.7
 1986   30.8  26.1  48.5  60.4  69.5  80.9  84.2  77.0  73.5  61.0  39.6  31.8  56.9
 1987   32.7  44.4  47.1  65.5  77.7  85.9  86.1  79.2  75.3  57.7  48.6  32.9  61.1
 1988   22.0  26.1  50.2  59.4  79.5  86.8  85.5  86.8  76.1  57.4  45.1  31.0  58.8
 1989   35.0  22.8  39.8  62.1  72.3  78.5  85.5  81.7  72.8  64.8  42.1  20.7  56.5
 1990   37.7  35.5  46.4  59.6  65.9  79.9  81.2  80.6  77.2  61.8  49.4  27.3  58.5
 1991   20.0  37.6  45.7  60.2  71.0  80.7  82.6  80.5  72.9  59.8  31.2  32.0  56.2
 1992   33.8  36.7  46.5  52.9  73.1  78.9  75.7  75.2  72.1  61.7  35.9  30.1  56.0
 1993   22.5  22.8  36.4  54.9  66.7  74.9  78.4  79.8  67.0  59.3  40.2  30.3  52.7
 1994   17.0  22.4  47.4  60.8  73.9  80.1  77.6  78.9  75.3  62.6  46.9  30.5  56.1
 1995   23.7  32.5  41.4  51.5  65.0  79.4  84.5  84.9  70.9  59.5  37.3  31.3  55.2
 1996   22.6  31.3  37.8  55.5  64.3  80.3  80.9  79.9  70.0  63.5  33.9  21.4  53.4
 1997   19.8  29.8  43.8  53.7  63.9  83.3  83.7  80.0  75.6  63.6  37.4  32.2  55.6
 1998   26.7  37.5  35.7  58.0  76.3  75.7  83.2  81.2  81.3  63.1  48.0  38.3  58.8
 1999   22.8  37.6  45.0  56.5  69.5  76.0  86.1  80.6  74.7  63.8  56.4  35.6  58.7
 MEANS  24.5  30.5  41.2  57.8  70.2  79.4  83.5  81.2  73.4  62.0  43.8  29.9  56.5
 
 THESE ARE THE MONTHLY AVG. MIN TEMPS 1951-1999 FOR STATION #7979
 YEAR    JAN   FEB  MARCH APRIL  MAY  JUNE  JULY AUGUST SEPT   OCT   NOV   DEC   ANN
  
 1951    5.4  13.5  14.4  33.3  50.0  53.1  60.2  58.6  47.6  39.1  18.7   8.3  33.5
 1952    5.6  22.1  21.7  37.0  46.8  60.1  62.5  58.1  51.8  33.5  27.3  16.1  36.9
 1953   10.1  16.4  26.0  33.2  48.4  60.8  61.8  60.3  50.5  43.6  29.6  16.1  38.1
 1954    3.8  25.4  21.2  38.1  42.1  61.1  63.9  60.5  54.4  40.5  30.2  19.0  38.3
 1955   10.0   6.4  19.4  42.4  50.1  54.7  67.6  63.5  51.5  41.0  16.9   6.6  35.8
 1956    5.9   8.2  21.3  31.5  48.6  63.0  59.8  61.5  48.5  44.5  25.2  17.5  36.3
 1957    1.9  16.4  23.0  35.6  46.3  56.6  67.2  61.1  48.3  38.1  26.3  21.1  36.8
 1958   14.0   5.9  22.6  34.9  46.8  51.7  58.2  57.7  47.6  37.4  22.7   3.2  33.6
 1959   -1.2   1.7  19.1  32.5  48.9  59.0  58.1  62.9  50.2  34.1  15.1  22.2  33.6
 1960    7.4   7.6   5.9  35.1  46.1  54.6  59.7  59.3  51.3  37.3  26.0  11.4  33.5
 1961    5.3  13.0  25.6  30.2  43.4  57.4  60.0  59.6  47.5  38.1  22.4   6.6  34.1
 1962   -1.0   9.9  14.0  31.6  52.0  54.7  59.7  57.9  44.5  41.2  27.5  10.6  33.5
 1963   -3.4   4.6  24.5  35.7  44.9  58.3  61.1  57.0  50.6  44.0  25.9  -0.3  33.6
 1964    9.5  11.5  11.2  32.4  47.0  54.1  60.0  52.7  45.8  32.5  27.3   6.9  32.6
 1965    2.7   2.6  10.6  33.4  50.2  55.2  59.9  56.6  43.2  38.5  22.1  19.3  32.9
 1966   -2.2   6.2  23.7  29.4  38.8  54.1  61.6  53.7  45.3  34.1  17.9   7.8  30.9
 1967    3.5   1.6  20.0  31.4  37.3  56.9  57.9  54.1  45.9  35.8  22.4  14.8  31.8
 1968    5.7   8.3  23.8  34.8  41.0  56.3  59.3  58.4  48.5  37.1  24.4   9.2  33.9
 1969   -0.2  10.3  10.1  34.2  47.3  50.9  62.2  62.1  49.2  35.7  25.2  11.5  33.2
 1970   -4.7   8.5  18.2  33.5  48.4  56.8  60.3  59.5  50.1  38.1  24.8   7.9  33.4
 1971    1.3   9.4  19.1  33.0  41.7  59.1  56.3  54.4  49.0  43.4  25.9  13.1  33.8
 1972    0.3   0.6  21.5  32.7  48.5  55.3  59.0  60.3  49.1  34.6  26.8   4.6  32.8
 1973   10.4  13.9  30.7  33.5  43.9  57.3  61.6  61.3  50.9  43.6  27.7  10.3  37.1
 1974    3.6  12.8  23.5  35.5  44.4  52.4  62.9  55.4  44.8  36.7  26.9  15.2  34.5
 1975    7.0   8.3  14.7  32.1  48.8  56.8  61.5  61.6  46.0  37.5  27.7  16.1  34.9
 1976    6.7  20.2  23.5  36.6  42.8  53.8  60.9  57.3  48.6  31.7  17.1   4.1  33.6
 1977   -4.7  13.5  27.5  40.7  53.8  57.2  61.9  56.0  51.6  37.2  24.6  10.3  35.8
 1978   -4.6  -1.0  18.6  36.5  46.6  56.3  60.9  58.7  54.4  37.0  21.6   6.5  32.6
 1979   -6.7  -5.3  18.8  32.2  42.2  55.4  60.3  58.7  50.7  36.4  24.5  16.8  32.0
 1980    9.7   8.8  20.3  35.6  47.1  55.5  60.4  60.0  50.1  34.3  25.8  12.0  35.0
 1981   10.2  14.3  23.1  38.0  42.9  55.7  60.8  58.1  48.7  36.1  29.5  11.8  35.8
 1982   -7.1   7.6  22.0  30.7  50.7  50.9  61.6  58.7  49.8  38.6  22.3  15.7  33.5
 1983   12.6  18.2  24.5  30.3  41.6  57.3  64.6  64.0  49.9  37.9  28.3  -4.5  35.4
 1984    8.0  20.0  16.0  34.2  43.2  57.3  58.2  58.1  44.6  38.8  24.8  10.6  34.5
 1985    2.0   8.6  28.5  38.8  49.0  51.8  58.0  53.7  50.0  37.6  16.1  -3.2  32.6
 1986   10.7   9.2  25.3  36.8  47.7  57.7  61.6  53.7  51.3  39.9  20.2  16.3  35.9
 1987   13.9  19.8  27.3  37.4  51.7  59.9  63.8  57.8  50.8  33.4  30.9  20.0  38.9
 1988    2.9   5.8  23.5  33.1  51.4  60.2  62.4  62.7  51.1  34.1  25.1  13.7  35.5
 1989   17.0   1.1  18.9  34.1  44.0  54.7  62.7  59.5  48.0  38.1  18.1   2.0  33.2
 1990   17.6  13.8  25.8  33.1  44.0  58.6  61.1  60.6  53.7  36.6  27.4   7.8  36.7
 1991    1.4  17.8  24.6  38.8  52.7  61.8  61.4  59.6  49.4  35.6  17.7  17.5  36.5
 1992   18.2  22.2  27.3  32.4  47.6  55.8  57.3  54.7  47.5  37.4  25.5  14.2  36.7
 1993    4.2   8.4  20.0  34.8  47.6  56.0  62.5  60.7  45.9  36.9  22.1  15.9  34.6
 1994   -1.3   4.5  25.3  33.6  48.4  59.9  57.5  55.8  52.5  41.1  27.1  14.5  34.9
 1995    7.5  12.4  24.6  31.7  45.0  58.3  61.2  63.6  46.1  37.9  18.5  15.7  35.2
 1996    3.0  10.9  14.9  31.5  46.1  58.9  59.0  58.6  48.4  37.0  17.9   7.5  32.8
 1997    1.4  13.5  23.5  31.3  39.5  58.1  63.0  59.1  51.8  39.2  22.5  20.1  35.3
 1998   14.1  24.9  21.2  37.9  53.2  56.5  63.2  62.9  54.6  42.4  30.6  16.9  39.9
 1999    6.3  22.0  24.1  38.2  49.5  59.0  65.3  58.5  46.2  36.5  31.0  15.9  37.7
 MEANS   5.0  10.9  21.1  34.4  46.5  56.7  61.1  58.8  49.1  37.8  24.1  11.7  34.8
 
 THESE ARE THE MONTHLY AVG. MEAN TEMPS 1951-1999 FOR STATION #7979
 YEAR    JAN   FEB  MARCH APRIL  MAY  JUNE  JULY AUGUST SEPT   OCT   NOV   DEC   ANN
  
 1951   15.4  23.2  22.7  42.2  60.6  62.8  70.2  68.6  57.7  49.6  29.0  17.0  43.3
 1952   15.6  29.1  28.9  48.4  57.7  71.3  72.9  68.6  64.6  47.5  37.3  23.0  47.1
 1953   18.7  23.5  35.2  42.5  58.9  72.3  72.9  71.1  64.5  56.8  40.3  26.5  48.6
 1954   15.4  35.8  29.5  50.6  54.1  71.0  75.5  70.4  64.7  48.9  40.9  26.8  48.6
 1955   19.5  16.2  30.3  55.9  63.0  66.0  78.7  77.1  65.2  53.1  27.8  15.8  47.4
 1956   15.4  18.6  32.3  44.7  60.4  75.9  71.7  73.1  63.8  57.9  34.3  27.0  47.9
 1957   11.8  26.8  33.4  47.3  57.0  67.6  77.3  71.6  59.5  47.7  33.6  30.1  47.0
 1958   21.9  16.4  31.0  46.3  60.2  63.1  68.3  70.8  62.4  52.1  36.3  15.6  45.4
 1959   10.6  13.6  30.1  45.1  59.3  70.3  70.3  73.9  61.3  44.5  24.6  30.1  44.5
 1960   15.9  16.7  15.6  47.3  57.3  65.4  71.4  69.9  62.8  50.7  37.4  20.6  44.2
 1961   15.8  22.8  32.8  41.4  54.9  67.7  71.3  70.4  58.0  51.1  32.8  16.0  44.6
 1962    9.3  18.1  22.6  43.8  63.3  66.0  70.0  69.2  57.5  52.9  37.7  22.4  44.4
 1963    6.3  16.0  35.5  48.3  56.5  70.1  73.0  68.6  62.0  59.4  38.7  11.6  45.5
 1964   22.0  24.6  24.8  45.2  61.0  66.4  73.4  65.4  58.7  47.2  38.5  16.7  45.3
 1965   13.4  13.7  18.7  43.5  62.6  67.3  72.0  69.2  53.7  52.0  34.6  29.0  44.1
 1966    7.8  17.9  36.5  40.8  53.3  66.6  74.7  66.4  59.3  48.9  31.5  19.5  43.6
 1967   16.4  15.0  34.4  45.1  51.8  66.4  69.8  67.0  58.8  48.3  33.4  24.2  44.2
 1968   15.8  19.0  38.7  47.4  54.0  68.6  71.2  69.8  60.0  50.1  33.8  19.1  45.6
 1969    9.5  18.4  20.3  46.3  58.7  62.0  72.5  72.6  61.4  46.0  35.3  20.7  43.6
 1970    5.8  20.5  26.7  46.2  60.4  68.9  71.9  70.8  61.8  48.5  33.3  19.2  44.5
 1971   11.4  18.5  28.1  47.3  54.9  71.3  67.9  67.7  62.0  54.4  35.8  21.0  45.0
 1972   11.4  12.5  31.9  43.6  59.2  66.4  69.6  70.1  60.2  45.8  33.1  14.0  43.2
 1973   18.5  21.9  38.7  45.1  55.2  69.2  71.3  72.3  60.4  54.8  36.0  18.2  46.8
 1974   13.3  22.8  34.4  47.8  56.0  65.2  75.8  66.5  57.9  50.5  36.0  24.0  45.8
 1975   16.7  16.7  23.8  40.8  61.1  67.3  74.1  72.4  58.1  52.7  37.9  23.4  45.4
 1976   18.2  31.3  33.6  50.6  56.0  68.3  74.0  72.0  62.5  44.4  29.4  15.7  46.3
 1977    6.0  26.3  37.7  53.0  65.6  69.7  73.5  66.7  63.0  47.9  33.8  18.5  46.8
 1978    4.8   9.4  29.1  46.3  58.5  68.1  72.0  69.8  66.4  49.1  31.9  15.4  43.4
 1979    1.9   5.3  27.3  42.2  55.2  66.9  71.1  69.0  63.7  48.8  33.0  27.2  42.6
 1980   18.4  16.9  29.4  48.2  59.8  67.9  73.9  70.4  62.6  46.4  38.2  21.5  46.1
 1981   22.2  25.8  37.5  51.7  55.7  68.3  71.1  68.7  62.0  46.7  39.2  20.1  47.4
 1982    4.1  16.9  31.0  42.9  59.8  62.2  72.6  68.6  60.3  49.9  31.7  24.8  43.7
 1983   20.4  24.5  31.8  39.3  53.7  67.2  75.3  76.0  62.3  48.6  34.8   3.6  44.8
 1984   16.8  28.1  24.6  43.4  54.2  68.5  70.4  71.0  58.6  49.8  35.1  20.7  45.1
 1985   12.8  18.0  38.9  50.6  61.5  64.4  70.5  65.5  59.5  48.6  24.6   8.3  43.6
 1986   20.8  17.6  36.9  48.6  58.6  69.3  72.9  65.4  62.4  50.4  29.9  24.0  46.4
 1987   23.3  32.1  37.2  51.4  64.7  72.9  75.0  68.5  63.1  45.5  39.8  26.5  50.0
 1988   12.4  15.9  36.8  46.3  65.4  73.5  73.9  74.7  63.6  45.7  35.1  22.3  47.1
 1989   26.0  11.9  29.4  48.1  58.1  66.6  74.1  70.6  60.4  51.5  30.1  11.4  44.8
 1990   27.6  24.6  36.1  46.4  55.0  69.3  71.1  70.6  65.4  49.2  38.4  17.6  47.6
 1991   10.7  27.7  35.2  49.5  61.9  71.3  72.0  70.0  61.2  47.7  24.4  24.8  46.4
 1992   26.0  29.5  36.9  42.6  60.4  67.3  66.5  64.9  59.8  49.6  30.7  22.1  46.4
 1993   13.4  15.6  28.2  44.8  57.1  65.4  70.5  70.2  56.5  48.1  31.1  23.1  43.7
 1994    7.9  13.4  36.4  47.2  61.1  70.0  67.6  67.4  63.9  51.8  37.0  22.5  45.5
 1995   15.6  22.4  33.0  41.6  55.0  68.8  72.8  74.3  58.5  48.7  27.9  23.5  45.2
 1996   12.8  21.1  26.4  43.5  55.2  69.6  70.0  69.2  59.2  50.2  25.9  14.4  43.1
 1997   10.6  21.7  33.7  42.5  51.7  70.7  73.4  69.6  63.7  51.4  30.0  26.1  45.4
 1998   20.4  31.2  28.5  48.0  64.7  66.1  73.2  72.1  68.0  52.7  39.3  27.6  49.3
 1999   14.6  29.8  34.6  47.4  59.5  67.5  75.7  69.5  60.5  50.1  43.7  25.7  48.2
 MEANS  14.7  20.7  31.2  46.1  58.4  68.1  72.3  70.0  61.3  49.9  34.0  20.8  45.6
 
 THESE ARE THE MONTHLY PRECIP TOTALS AND NUMBER OF MISSING DAYS 1951-1999 FOR STATION #7979
 YEAR    JAN   FEB  MARCH APRIL  MAY  JUNE  JULY AUGUST SEPT   OCT   NOV   DEC   ANN
  
 1951   0.15  2.46  3.54  5.31  5.91  8.88  5.13  8.91  3.41  1.51  0.22  0.42 45.85
           0     0     0     0     0     0     0     0     0     0     0     0     0
 1952   1.49  1.00  2.12  1.08  3.27  0.00  0.52  3.92  1.01  0.00  0.85  0.58 15.84
           0     0     0     0     0    30     8     0     0     0     0     0    38
 1953   0.71  1.01  2.97  3.42  2.98  5.02  5.19  3.26  0.43  0.85  1.75  1.08 28.67
           0     0     0     0     0     0     0     0     0     0     0     0     0
 1954   0.08  2.82  1.84  3.12  6.93  8.40  1.69  5.83  1.36  4.58  0.05  0.17 36.87
           0     0     0     0     0     0     0     0     0     0     0     0     0
 1955   0.16  0.96  0.81  2.73  0.97  1.92  2.69  0.62  3.49  0.86  0.12  0.39 15.72
           0     0     0     0     0     0     0     0     0     0     0     0     0
 1956   0.26  0.14  0.36  1.58  3.12  1.54  2.45  2.83  0.17  1.48  2.72  0.16 16.81
           0     0     0     0     0     0     0     0     0     0     0     0     0
 1957   0.06  0.12  1.43  1.02  3.81  4.06  5.41  3.66  3.65  3.37  2.20  0.53 29.32
           0     0     0     0     0     0     0     0     0     0     0     0     0
 1958   0.08  0.65  0.42  2.13  1.33  5.30  5.06  1.27  1.12  0.04  0.33  0.12 17.85
           0     0     0     0     0     0     0     0     0     0     0     0     0
 1959   0.20  1.49  1.98  1.90 10.06  2.92  1.13  3.75  2.94  2.25  1.12  1.63 31.37
           0     0     0     0     0     0     0     0     0     0     0     0     0
 1960   0.49  0.54  0.80  1.08  5.57  3.94  3.90  5.19  3.32  0.67  0.66  0.54 26.70
           0     0     0     0     0     0     0     0     0     0     0     0     0
 1961   0.02  1.23  3.36  1.35  4.03  3.62  3.60  3.52  3.48  1.72  0.92  1.16 28.01
           0     0     0     0     0     0     0     0     0     1     0     0     1
 1962   0.09  1.58  1.08  2.20  3.81  3.34  6.64  9.20  1.70  1.23  0.26  0.10 31.23
           0     0     0     0     0     0     0     0     0     0     0     0     0
 1963   0.22  0.50  1.10  2.43  2.38  6.33  3.83  3.34  2.08  1.57  0.21  0.38 24.37
           0     0     0     0     0     0     0     0     0     0     0     0     0
 1964   0.18  0.10  0.91  5.14  3.14  3.79  4.36  3.43  3.50  0.67  0.42  0.83 26.47
           0     0     0     0     0     0     0     0     0     0     0     0     0
 1965   0.32  0.99  1.87  3.27  5.77  2.04  1.33  2.46 12.44  0.78  0.60  0.88 32.75
           0     0     0     0     0     0     0     0     0     0     0     0     0
 1966   1.04  0.44  1.92  1.07  2.03  2.20  1.91  3.66  1.25  1.01  0.07  0.37 16.97
           0     0     0     0     0     0     0     0     0     0     0     0     0
 1967   0.49  0.10  0.50  3.09  3.72 10.80  2.61  3.01  1.55  1.42  0.10  0.74 28.13
           0     0     0     0     0     0     0     0     0     0     0     0     0
 1968   0.42  0.12  0.57  3.99  3.18  4.30  3.51  4.59  5.58  0.00  0.46  1.43 28.15
           0     0     0     0     0     0     0     0     0    31     0     0    31
 1969   1.59  1.40  0.68  2.03  4.13  9.24  6.08  2.81  1.99  2.51  0.38  1.27 34.11
           0     0     0     0     0     0     0     0     0     0     0     0     0
 1970   0.20  0.10  1.79  1.46  2.88  1.86  3.10  1.46  3.06  5.42  1.79  0.68 23.80
           0     0     0     0     0     0     0     0     0     0     0     0     0
 1971   0.16  2.89  0.51  0.97  3.32  7.01  5.12  1.03  1.26  4.84  1.51  0.52 29.14
           0     0     0     0     0     0     0     0     0     0     0     0     0
 1972   0.21  0.46  0.54  3.15  5.44  4.15  5.71  4.70  4.89  2.50  1.23  1.15 34.13
           0     0     0     0     0     0     0     0     0     0     0     0     0
 1973   0.71  0.38  2.64  1.76  5.81  1.64  5.03  4.57  5.94  1.69  3.01  0.90 34.08
           0     0     0     0     0     0     0     0     0     0     0     0     0
 1974   0.17  0.11  1.12  2.71  4.32  3.86  1.84  5.44  1.03  0.92  0.51  0.27 22.30
           0     0     0     0     0     0     0     0     0     0     0     0     0
 1975   3.55  0.81  2.30  6.37  4.18  6.54  0.56  4.50  1.37  0.31  2.87  0.91 34.27
           0     0     0     0     0     0     0     0     0     0     0     0     0
 1976   0.17  0.57  2.67  1.30  2.14  2.95  0.63  0.25  1.86  0.95  0.00  0.39 13.88
           0     0     0     0     0     0     0     0     0     0     0     0     0
 1977   0.15  0.72  4.87  4.41  2.83  3.29  5.18  5.19  4.68  3.16  3.39  0.48 38.35
           0     0     0     0     0     0     0     0     0     0     0     0     0
 1978   0.64  0.59  0.53  3.32  1.79  5.70  6.61  4.60  8.00  1.04  1.14  0.84 34.80
           0     0     0     0     0     0     0     0     0     0     0     0     0
 1979   1.11  0.42  5.02  1.67  2.22  3.08  5.34 10.28  1.90  4.10  1.98  0.11 37.23
           0     0     0     0     0     0     0     0     0     0     0     0     0
 1980   0.88  0.39  0.78  1.33  2.61  1.83  3.99  8.57  2.22  2.27  0.07  0.20 25.14
           0     0     0     0     0     0     0     0     0     0     0     0     0
 1981   0.02  0.48  0.88  0.76  3.84  3.83  6.65  4.34  1.15  2.57  0.80  1.16 26.48
           0     0     0     0     0     0     0     0     0     0     0     0     0
 1982   1.46  0.23  1.84  1.45  6.39  2.28 10.79  3.54  6.20  3.89  2.41  2.43 42.91
           1     0     0     0     0     0     0     0     0     0     0     0     1
 1983   0.84  1.08  5.51  3.50  4.94 10.40  2.19  4.28  3.25  2.76  4.18  0.44 43.37
           0     0     0     0     0     0     0     0     0     0     0     0     0
 1984   0.29  0.88  1.25  8.49  5.72  8.21  2.56  1.46  1.01  5.33  2.52  2.45 40.17
           0     0     1     0     0     0     0     0     0     0     0     0     1
 1985   0.29  0.06  2.44  3.99  5.15  3.10  2.47  4.27  5.44  2.13  1.58  1.04 31.96
           0     0     0     0     0     0     0     0     0     0     0     0     0
 1986   0.10  0.79  2.73  9.33  6.00  3.55  4.72  5.09  7.98  3.18  1.52  0.36 45.35
           0     0     0     0     0     0     0     0     0     0     0     0     0
 1987   0.10  0.03  4.01  2.11  3.91  1.92  9.64  5.17  5.22  0.83  1.14  0.72 34.80
           0     0     0     0     0     0     0     0     0     0     0     0     0
 1988   0.68  0.30  0.49  3.01  1.81  4.12  2.47  7.90  5.59  0.49  2.77  0.80 30.43
           0     0     0     0     0     0     0     0     0     0     0     0     0
 1989   0.89  0.19  1.24  1.92  2.27  3.19  3.75  1.88  4.75  0.63  0.17  0.24 21.12
           0     0     0     0     0     0     0     0     0     0     0     0     0
 1990   0.20  0.25  3.41  2.63  7.77 11.89  5.17  2.41  2.65  1.92  0.76  1.53 40.59
           0     0     0     0     0     0     0     0     0     0     0     2     2
 1991   0.49  0.58  3.77  6.17  6.98  5.91  3.16  6.92  2.47  2.46  2.88  0.99 42.78
           0     0     0     0     0     0     0     0     0     0     0     0     0
 1992   1.41  0.64  3.51  4.29  2.78  3.82 11.46  4.84  3.49  3.83  2.74  1.04 43.85
           0     0     0     0     0     0     0     0     0     0     0     0     0
 1993   0.78  1.24  1.59  4.81  4.57  7.51  6.74  7.73  1.36  1.67  0.83  1.18 40.01
           0     0     0     0     0     0     0     0     0     0     0     0     0
 1994   1.17  0.47  0.06  2.25  1.62  5.39  3.50  4.39  5.41  2.49  2.15  1.07 29.97
           0     0     0     0     0     0     0     0     0     0     0     0     0
 1995   0.41  0.16  2.54  4.96  6.18  3.23  1.24  5.15  4.69  3.07  0.66  0.30 32.59
           0     0     0     0     0     0     0     0     0     0     0     0     0
 1996   1.47  0.07  1.88  0.96  4.99  6.85  2.99  9.34  3.30  2.92  3.48  0.98 39.23
           0     0     0     0     0     0     0     0     0     0     0     0     0
 1997   0.75  1.02  1.03  2.82  3.37  9.28  4.51  1.54  4.96  1.87  0.71  0.32 32.18
           0     0     0     0     0     0     0     0     0     0     0     0     0
 1998   1.01  1.39  3.00  7.02  3.97  9.39  4.24  4.48  1.29  5.39  0.82  0.33 42.33
           0     0     0     0     0     0     0     0     0     0     0     0     0
 1999   1.02  0.74  0.67  8.31  2.18  6.46  5.32  1.16  1.15  0.58  0.85  0.38 28.82
           0     0     0     0     0     0     0     0     0     0     0     0     0
 
 MEANS  0.60  0.73  1.90  3.17  4.04  4.90  4.16  4.32  3.31  2.08  1.30  0.75 31.25
 PRECIPITATION MEANS AND TOTALS ARE BASED ON DATA AVAILABLE
 NO ATTEMPT WAS MADE TO ESTIMATE MISSING PRECIPITATION DATA
 *****************************************************************************************
 *****************************************************************************************
 
 THESE ARE THE MONTHLY HEATING DEGREE DAYS 1951-1999 FOR STATION #7979
 YEAR    JAN    FEB   MARCH  APRIL   MAY    JUNE   JULY  AUGUST  SEPT   OCT   NOV   DEC
 
 1951  1538.0 1171.5 1310.0  683.5  155.5   98.0   20.5   18.0  224.5  487.0 1081.5 1487.0
 1952  1531.5 1040.0 1119.0  504.5  250.5   18.5    4.0   15.5   97.0  543.0  830.0 1301.0
 1953  1435.0 1163.0  924.5  676.0  230.5   16.5    9.0    5.5   90.5  281.5  741.5 1193.5
 1954  1537.5  817.0 1099.5  441.0  356.0   47.5    0.0    3.5   93.0  500.0  723.5 1185.0
 1955  1409.5 1366.0 1076.5  277.5  112.5   65.5    0.0    2.0  103.5  376.0 1117.5 1524.5
 1956  1539.0 1347.0 1013.0  609.0  201.5   14.5    1.5   20.5  113.0  242.5  920.0 1178.5
 1957  1649.0 1070.0  980.0  535.0  256.5   33.0    0.0   11.5  185.0  535.0  942.0 1080.5
 1958  1337.0 1362.0 1053.5  560.0  178.5   98.0   20.5   31.0  111.0  408.0  862.5 1532.0
 1959  1685.5 1438.0 1081.0  598.0  218.5   33.0   22.0    8.5  187.5  635.5 1212.0 1081.0
 1960  1521.5 1400.5 1530.5  541.0  248.5   56.0   14.5    6.0  173.5  446.0  828.0 1376.5
 1961  1524.5 1182.0  997.0  708.5  324.0   50.0    1.0   18.0  261.5  430.5  967.0 1520.0
 1962  1727.0 1314.5 1315.0  641.5  117.0   50.0   17.5   13.0  248.0  389.5  818.5 1322.0
 1963  1818.5 1372.0  914.0  503.0  287.0   25.0    0.0   34.0  124.0  194.5  790.0 1655.0
 1964  1333.5 1173.0 1247.0  594.0  167.0   59.0    3.0   91.0  239.5  551.0  795.5 1497.0
 1965  1601.0 1436.5 1434.5  643.5  133.0   33.0    1.5   49.0  342.5  405.0  912.5 1115.5
 1966  1772.0 1318.0  885.0  725.5  375.0   60.5    1.5   51.5  194.0  500.5 1005.5 1411.0
 1967  1508.0 1399.0  948.0  596.5  434.5   38.5   37.5   47.5  187.5  517.5  947.5 1265.0
 1968  1525.0 1335.0  815.0  527.0  345.5   62.5    9.0   32.0  165.0  473.5  935.5 1423.0
 1969  1721.5 1303.5 1387.0  562.5  237.0  129.0    4.0    1.5  127.5  595.0  891.0 1374.5
 1970  1836.0 1246.5 1187.0  573.5  203.5   47.0   20.5    7.0  181.0  519.0  952.5 1419.0
 1971  1661.5 1302.5 1142.5  531.5  318.5   21.0   35.0   35.5  158.5  352.5  874.5 1364.5
 1972  1662.0 1522.0 1027.0  641.5  229.5   60.5   30.0   41.5  187.5  594.0  956.0 1580.5
 1973  1441.0 1206.0  815.5  596.5  311.0   12.5    5.5    8.5  170.5  324.5  871.5 1451.5
 1974  1603.5 1181.0  948.5  517.0  300.0   78.5    0.5   40.5  245.5  448.0  869.0 1270.5
 1975  1498.5 1353.5 1278.0  725.0  180.5   51.0   10.0    1.0  243.5  390.5  814.0 1288.5
 1976  1451.5  977.0  972.0  443.0  296.5   28.5    4.0    9.0  146.0  645.0 1068.5 1528.0
 1977  1827.5 1082.5  846.0  367.5   71.5   13.5    3.0   42.0   86.5  529.5  935.0 1441.5
 1978  1865.0 1555.5 1113.5  562.5  239.5   46.5    8.0   14.0   96.0  491.5  992.5 1537.0
 1979  1955.0 1672.5 1167.5  685.0  323.0   65.0    3.0   40.5  114.5  501.0  959.0 1171.5
 1980  1444.5 1394.0 1104.0  522.5  213.5   40.0    0.5   12.5  136.0  577.5  804.0 1349.0
 1981  1325.5 1097.0  852.5  403.0  294.0   19.0   20.5   18.0  129.0  568.0  774.0 1390.5
 1982  1888.0 1347.0 1053.0  662.0  179.5  117.5    2.0   42.5  178.5  473.5  998.0 1245.5
 1983  1382.0 1134.0 1028.0  770.0  356.0   58.5    0.0    0.0  169.5  513.0  906.5 1903.5
 1984  1493.5 1070.5 1253.0  647.0  341.0   12.0    4.5   22.0  230.5  470.5  896.5 1372.0
 1985  1619.5 1315.0  808.5  454.0  139.0   86.0    5.5   49.0  254.0  508.5 1212.5 1757.5
 1986  1371.5 1326.5  871.0  493.5  210.5   19.0    2.5   61.5  114.5  451.5 1053.0 1269.5
 1987  1292.5  921.0  863.0  427.0   95.0    9.5    4.5   60.5   90.0  603.0  757.0 1195.0
 1988  1629.5 1422.5  873.0  562.5   64.5    6.5    3.5   13.5   98.0  598.0  897.5 1322.5
 1989  1209.5 1485.5 1104.0  519.5  235.0   59.5    0.5    8.5  186.0  428.5 1047.0 1663.0
 1990  1158.0 1130.0  896.0  578.5  317.0   53.0   13.0    7.0  121.5  493.5  799.0 1470.5
 1991  1683.5 1044.5  924.5  476.0  206.0   14.0    5.0   12.5  200.5  536.5 1217.0 1246.5
 1992  1208.0 1030.0  871.5  673.0  189.0   37.0   33.0   74.0  186.0  487.5 1029.5 1329.5
 1993  1600.5 1383.0 1141.0  605.5  255.0   79.5    3.0   22.0  264.5  533.5 1015.5 1299.5
 1994  1770.5 1443.5  888.0  549.5  196.5   14.5   27.0   36.5  109.5  412.0  840.0 1317.0
 1995  1531.5 1192.0  992.0  701.0  313.0   51.5   13.0    6.0  226.0  513.0 1112.0 1287.0
 1996  1618.5 1272.0 1197.5  645.0  338.5   44.0    4.0    3.0  227.0  461.0 1173.5 1567.5
 1997  1686.0 1213.5  971.0  675.5  419.0    0.0    8.5   25.5  111.5  466.0 1051.0 1204.5
 1998  1383.5  946.0 1132.5  511.0   87.5  100.0    1.5    2.0   63.0  381.0  770.0 1159.0
 1999  1563.5  984.5  943.0  529.0  200.5   71.5    0.0    8.0  193.0  464.0  639.5 1217.0
 *****************************************************************************************
 MEANS 1590.8 1275.7 1070.1  582.1  244.2   47.8    9.1   24.5  170.3  484.1  950.1 1398.7
 
 THESE ARE THE MONTHLY COOLING DEGREE DAYS 1951-1999 FOR STATION #7979
 YEAR    JAN   FEB  MARCH APRIL  MAY  JUNE  JULY AUGUST SEPT   OCT   NOV   DEC   ANN
 
 1951    0.0   0.0   0.0   0.5  18.5  31.0 181.5 131.0   5.5  10.5   0.0   0.0
 1952    0.0   0.0   0.0   7.0  24.5 208.5 249.5 128.5  86.0   0.0   0.0   0.0
 1953    0.0   0.0   0.0   0.0  40.0 235.0 254.5 196.0  74.5  26.5   0.0   0.0
 1954    0.0   0.0   0.0   9.0  17.0 227.0 327.0 169.5  83.5   0.0   0.0   0.0
 1955    0.0   0.0   0.0   4.5  51.5  96.0 426.0 377.5 110.5   7.5   0.0   0.0
 1956    0.0   0.0   0.0   0.0  58.0 341.0 209.5 271.0  76.0  23.0   0.0   0.0
 1957    0.0   0.0   0.0   2.5   9.0 111.0 380.0 217.5  21.0   0.0   0.0   0.0
 1958    0.0   0.0   0.0   0.0  31.0  41.0 121.5 209.5  32.5   7.5   0.0   0.0
 1959    0.0   0.0   0.0   0.0  42.0 190.5 186.0 285.5  77.5   0.0   0.0   0.0
 1960    0.0   0.0   0.0   8.5   9.0  67.5 213.0 158.5 106.0   2.5   0.0   0.0
 1961    0.0   0.0   0.0   0.0  11.0 129.5 197.0 185.0  51.0   0.0   0.0   0.0
 1962    0.0   0.0   0.0   7.0  63.0  81.0 172.0 142.5  22.5  14.0   0.0   0.0
 1963    0.0   0.0   0.0   3.0  22.0 178.0 246.5 146.0  33.5  20.5   0.0   0.0
 1964    0.0   0.0   0.0   0.5  44.0 101.5 262.5 104.5  50.0   0.0   0.0   0.0
 1965    0.0   0.0   0.0   0.0  58.5 101.0 219.5 180.0   2.0   3.5   0.0   0.0
 1966    0.0   0.0   0.0   0.0  12.0 108.0 302.0  93.5  22.0   1.5   0.0   0.0
 1967    0.0   0.0   0.0   0.0  25.0  81.5 186.5 110.5   3.0   0.5   0.0   0.0
 1968    0.0   0.0   0.0   0.0   3.5 169.5 202.5 180.0  13.5  11.5   0.0   0.0
 1969    0.0   0.0   0.0   0.0  40.5  38.5 235.5 238.5  20.0   4.5   0.0   0.0
 1970    0.0   0.0   0.0   9.0  61.5 165.0 233.5 186.0  83.5   7.0   0.0   0.0
 1971    0.0   0.0   0.0   0.0   6.0 211.5 124.5 120.5  70.0  22.5   0.0   0.0
 1972    0.0   0.0   0.0   0.0  50.0 104.0 172.5 199.5  43.5   0.0   0.0   0.0
 1973    0.0   0.0   0.0   0.0   6.0 139.0 200.5 233.5  33.0   9.5   0.0   0.0
 1974    0.0   0.0   0.0   0.0  20.0  83.5 334.5  86.0  33.0   0.0   0.0   0.0
 1975    0.0   0.0   0.0   0.0  60.5 119.5 292.0 230.0  37.5   9.5   0.0   0.0
 1976    0.0   0.0   0.0  10.0  16.5 129.0 284.5 226.5  71.0   7.0   0.0   0.0
 1977    0.0   0.0   0.0   9.0  91.0 154.0 268.0  93.5  26.0   0.0   0.0   0.0
 1978    0.0   0.0   0.0   0.0  38.5 140.5 223.5 162.5 139.5   0.0   0.0   0.0
 1979    0.0   0.0   0.0   0.0  18.0 123.0 192.0 164.5  74.5   0.0   0.0   0.0
 1980    0.0   0.0   0.0  19.5  51.0 127.0 275.0 179.5  63.5   1.5   0.0   0.0
 1981    0.0   0.0   0.0   4.5   6.5 119.5 209.0 132.0  38.0   0.0   0.0   0.0
 1982    0.0   0.0   0.0   0.0  19.5  32.0 237.5 153.5  36.5   4.5   0.0   0.0
 1983    0.0   0.0   0.0   0.0   4.5 125.0 319.5 340.0  90.0   5.0   0.0   0.0
 1984    0.0   0.0   0.0   0.0   7.5 117.5 171.0 209.5  38.5   0.0   0.0   0.0
 1985    0.0   0.0   0.0  22.5  32.0  69.5 176.5  63.5  90.0   0.0   0.0   0.0
 1986    0.0   0.0   0.0   0.5  12.0 148.5 248.0  72.5  35.5   0.0   0.0   0.0
 1987    0.0   0.0   0.0  20.0  85.0 246.0 313.5 168.5  32.5   0.0   0.0   0.0
 1988    0.0   0.0   0.0   0.0  77.5 261.5 280.5 315.0  55.5   0.0   0.0   0.0
 1989    0.0   0.0   0.0  12.5  29.0 107.0 283.0 181.5  48.5   9.0   0.0   0.0
 1990    0.0   0.0   0.0  19.5   6.5 180.5 203.5 181.0 134.5   5.0   0.0   0.0
 1991    0.0   0.0   0.0  10.5 109.0 201.5 221.0 168.5  85.5   0.0   0.0   0.0
 1992    0.0   0.0   0.0   2.0  45.0 107.5  79.5  72.0  30.0   9.5   0.0   0.0
 1993    0.0   0.0   0.0   0.0  11.5  92.0 172.0 184.0   8.5   9.5   0.0   0.0
 1994    0.0   0.0   0.0  15.0  76.5 163.5 107.0 110.0  77.5   4.0   0.0   0.0
 1995    0.0   0.0   0.0   0.0   2.5 167.0 255.0 294.0  31.0   7.0   0.0   0.0
 1996    0.0   0.0   0.0   0.0  35.0 182.5 157.5 134.0  52.5   3.0   0.0   0.0
 1997    0.0   0.0   0.0   0.0   6.5 171.0 268.0 167.0  73.0  45.0   0.0   0.0
 1998    0.0   0.0   0.0   0.0  79.5 133.0 256.0 221.5 152.0   0.0   0.0   0.0
 1999    0.0   0.0   0.0   0.0  30.5 145.5 331.5 148.0  57.0   3.0   0.0   0.0
 *****************************************************************************************
 MEANS   0.0   0.0   0.0   4.1  35.1 142.2 239.3 182.2  57.1   6.2   0.0   0.0
 
 THESE ARE THE HEAT STRESS VARIABLES 1951-1999 FOR STATION #7979
             # OF DAYS MAXT >86                           HEAT INDEX
 YEAR   MAY  JUNE  JULY   AUG  SEPT  TOTAL     MAY    JUNE   JULY   AUG    SEPT  TOTAL
 1951   0.0   0.0   4.0   2.0   0.0    6.0      0.0    0.0    6.0    6.0    0.0   12.0
 1952   1.0  11.0   9.0   2.0   3.0   26.0      1.0   44.0   28.0    5.0    3.0   81.0
 1953   0.0  12.0  10.0   7.0   3.0   32.0      0.0   52.0   29.0   25.0   14.0  120.0
 1954   0.0   8.0  19.0   2.0   2.0   31.0      0.0   31.0   93.0    6.0    7.0  137.0
 1955   0.0   2.0  22.0  23.0  10.0   57.0      0.0   12.0  151.0  183.0   49.0  395.0
 1956   2.0  20.0  11.0  12.0   8.0   53.0      5.0  144.0   44.0   68.0   33.0  294.0
 1957   0.0   2.0  14.0   9.0   0.0   25.0      0.0    5.0   79.0   31.0    0.0  115.0
 1958   0.0   2.0   2.0  15.0   2.0   21.0      0.0    7.0    7.0   48.0    5.0   67.0
 1959   2.0   8.0   8.0  16.0   3.0   37.0      4.0   31.0   28.0   63.0   12.0  138.0
 1960   0.0   1.0  10.0   3.0   8.0   22.0      0.0    1.0   36.0   11.0   29.0   77.0
 1961   0.0   4.0   6.0   6.0   1.0   17.0      0.0   14.0   29.0   15.0    1.0   59.0
 1962   0.0   3.0   6.0   3.0   0.0   12.0      0.0    7.0   17.0    7.0    0.0   31.0
 1963   2.0   8.0  12.0   4.0   1.0   27.0      4.0   35.0   40.0   19.0    1.0   99.0
 1964   5.0   5.0  19.0   4.0   2.0   35.0      9.0    9.0   87.0   20.0    5.0  130.0
 1965   3.0   3.0  10.0  13.0   0.0   29.0      6.0    8.0   48.0   53.0    0.0  115.0
 1966   0.0   5.0  19.0   6.0   0.0   30.0      0.0   11.0  119.0   16.0    0.0  146.0
 1967   3.0   0.0   8.0   1.0   0.0   12.0     18.0    0.0   20.0    3.0    0.0   41.0
 1968   0.0  10.0   8.0  10.0   0.0   28.0      0.0   37.0   31.0   51.0    0.0  119.0
 1969   0.0   1.0  10.0   9.0   0.0   20.0      0.0    3.0   41.0   16.0    0.0   60.0
 1970   1.0   7.0  13.0   9.0   6.0   36.0      1.0   32.0   47.0   42.0   31.0  153.0
 1971   0.0   8.0   3.0   6.0   4.0   21.0      0.0   51.0    9.0   21.0   21.0  102.0
 1972   1.0   4.0   7.0  10.0   1.0   23.0      1.0   13.0   20.0   49.0    3.0   86.0
 1973   0.0  11.0   7.0  11.0   0.0   29.0      0.0   27.0   15.0   23.0    0.0   65.0
 1974   0.0   6.0  19.0   1.0   0.0   26.0      0.0   25.0  119.0    1.0    0.0  145.0
 1975   3.0   2.0  18.0  11.0   2.0   36.0     10.0    6.0   80.0   33.0    8.0  137.0
 1976   1.0   6.0  16.0  18.0   5.0   46.0      2.0   33.0   89.0  114.0   25.0  263.0
 1977   3.0   7.0  12.0   4.0   1.0   27.0      3.0   42.0   77.0    7.0    2.0  131.0
 1978   2.0   6.0  15.0   5.0   7.0   35.0      5.0   25.0   47.0   15.0   22.0  114.0
 1979   1.0   3.0   6.0   5.0   3.0   18.0      1.0   14.0   21.0   23.0    7.0   66.0
 1980   1.0   7.0  18.0   7.0   3.0   36.0      1.0   33.0  105.0   19.0   15.0  173.0
 1981   0.0   6.0   7.0   1.0   4.0   18.0      0.0   24.0   34.0    1.0   10.0   69.0
 1982   0.0   0.0   7.0   3.0   0.0   10.0      0.0    0.0   31.0   16.0    0.0   47.0
 1983   0.0   6.0  15.0  20.0   4.0   45.0      0.0   12.0   64.0  107.0   17.0  200.0
 1984   0.0   3.0   6.0  11.0   3.0   23.0      0.0    4.0   12.0   49.0   13.0   78.0
 1985   0.0   4.0   7.0   4.0   3.0   18.0      0.0   19.0   27.0    6.0   11.0   63.0
 1986   0.0   6.0  12.0   1.0   0.0   19.0      0.0   19.0   39.0    2.0    0.0   60.0
 1987   7.0  15.0  17.0   6.0   2.0   47.0     20.0   84.0   72.0   27.0    2.0  205.0
 1988   7.0  16.0  16.0  15.0   4.0   58.0     20.0   94.0   80.0  127.0    8.0  329.0
 1989   2.0   3.0  12.0   2.0   1.0   20.0     10.0   15.0   75.0   12.0    5.0  117.0
 1990   0.0   7.0   8.0   5.0   4.0   24.0      0.0   25.0   32.0   12.0   12.0   81.0
 1991   3.0   8.0  10.0   6.0   2.0   29.0      8.0   33.0   36.0    9.0    2.0   88.0
 1992   2.0   4.0   1.0   2.0   0.0    9.0      9.0    6.0    2.0    2.0    0.0   19.0
 1993   0.0   2.0   1.0   2.0   1.0    6.0      0.0    3.0    3.0    4.0    1.0   11.0
 1994   4.0   4.0   0.0   4.0   3.0   15.0     10.0   14.0    0.0    9.0    9.0   42.0
 1995   0.0  10.0  11.0  17.0   0.0   38.0      0.0   44.0   71.0   58.0    0.0  173.0
 1996   2.0   9.0   5.0   1.0   0.0   17.0     13.0   49.0   12.0    3.0    0.0   77.0
 1997   1.0   6.0  12.0   8.0   2.0   29.0      1.0   22.0   49.0   19.0    2.0   93.0
 1998   3.0   6.0   8.0   6.0   9.0   32.0     16.0   24.0   22.0   20.0   48.0  130.0
 1999   0.0   6.0  17.0   3.0   4.0   30.0      0.0   11.0   77.0   13.0    9.0  110.0
 *****************************************************************************************
 MEANS  1.3   6.1  10.7   7.4   2.5   28.1      3.8   26.4   48.2   31.4    9.3  119.0
