 
 THIS IS FOR STATION NUMBER  112 1951-> 1998
                                 # OF PRECIPITATION EVENTS - % IN PARENS
 CL                   MAX   MEAN  0.01-  0.26-  0.51-  1.01-          # OF DAYS
 WK    TIME PERIOD    VAL   RAIN    0.25   0.51   1.00   2.00  >2.01 MISSING TOTAL
  1 3/1-->3/7        1.55   0.51  60(64) 18(19) 11(11)  4( 4)  0( 0)   21       93
  2 3/8-->3/14       1.53   0.53  51(60) 17(20) 12(14)  4( 4)  0( 0)   21       84
  3 3/15-->3/21      0.95   0.38  51(64) 14(17) 14(17)  0( 0)  0( 0)   21       79
  4 3/22-->3/28      1.96   0.58  57(61) 14(15) 16(17)  5( 5)  0( 0)   21       92
  5 3/29-->4/4       2.18   0.77  75(63) 21(17) 13(10)  9( 7)  1( 0)   17      119
  6 4/5-->4/11       1.58   0.59  62(62) 16(16) 17(17)  5( 5)  0( 0)   14      100
  7 4/12-->4/18      1.57   0.95  73(53) 29(21) 22(16) 12( 8)  0( 0)   14      136
  8 4/19-->4/25      2.94   0.98  84(60) 27(19) 17(12)  7( 5)  3( 2)   14      138
  9 4/26-->5/2       2.11   0.88  57(50) 21(18) 27(24)  5( 4)  2( 1)   10      112
 10 5/3-->5/9        2.80   0.96  70(55) 24(19) 20(15) 11( 8)  1( 0)    0      126
 11 5/10-->5/16      3.20   1.03  59(50) 19(16) 26(22) 10( 8)  2( 1)    0      116
 12 5/17-->5/23      2.22   0.86  58(50) 27(23) 23(19)  7( 6)  1( 0)    0      116
 13 5/24-->5/30      2.75   1.35  60(44) 30(22) 28(20) 12( 8)  6( 4)    0      136
 14 5/31-->6/6       2.72   0.85  68(62) 13(12) 17(15)  6( 5)  4( 3)    0      108
 15 6/7-->6/13       3.25   1.16  75(55) 17(12) 25(18) 16(11)  2( 1)    0      135
 16 6/14-->6/20      4.54   1.04  68(56) 22(18) 14(11) 12(10)  4( 3)    0      120
 17 6/21-->6/27      3.71   0.88  49(48) 23(22) 21(20)  7( 6)  2( 1)    0      102
 18 6/28-->7/4       7.25   1.39  49(46) 21(20) 20(19)  7( 6)  8( 7)    0      105
 19 7/5-->7/11       2.69   1.13  46(44) 22(21) 22(21)  8( 7)  6( 5)    0      104
 20 7/12-->7/18      4.20   0.99  52(53) 17(17) 11(11) 13(13)  4( 4)    0       97
 21 7/19-->7/25      2.72   0.91  39(41) 24(25) 19(20) 12(12)  1( 1)    2       95
 22 7/26-->8/1       3.13   0.87  50(51) 17(17) 19(19) 11(11)  1( 1)    7       98
 23 8/2-->8/8        5.76   1.04  65(58) 14(12) 17(15)  9( 8)  6( 5)    7      111
 24 8/9-->8/15       2.56   0.93  63(58) 15(13) 15(13) 12(11)  3( 2)    7      108
 25 8/16-->8/22      2.81   0.72  60(60) 16(16) 15(15)  7( 7)  1( 1)    7       99
 26 8/23-->8/29      3.48   0.68  47(54) 20(22) 14(16)  4( 4)  2( 2)    7       87
 27 8/30-->9/5       2.32   0.90  57(55) 16(15) 14(13) 14(13)  2( 1)    7      103
 28 9/6-->9/12       2.59   0.71  47(51) 15(16) 24(26)  4( 4)  2( 2)    7       92
 29 9/13-->9/19      4.61   1.30  60(52) 20(17) 16(13) 11( 9)  8( 6)    7      115
 30 9/20-->9/26      3.15   0.96  59(52) 24(21) 16(14) 11( 9)  3( 2)    7      113
 31 9/27-->10/3      2.40   0.62  49(61)  9(11) 14(17)  7( 8)  1( 1)    8       80
 32 10/4-->10/10     3.60   0.80  50(56) 13(14) 13(14)  9(10)  3( 3)    7       88
 33 10/11-->10/17    2.20   0.53  44(60) 13(17) 10(13)  5( 6)  1( 1)    7       73
 34 10/18-->10/24    1.92   0.61  49(53) 22(24) 15(16)  5( 5)  0( 0)    7       91
 35 10/25-->10/31    1.49   0.48  57(65) 15(17) 10(11)  5( 5)  0( 0)    7       87
 36 11/1-->11/7      4.45   0.70  66(65) 14(13) 13(12)  6( 5)  2( 1)    7      101
 37 11/8-->11/14     1.76   0.42  41(58) 16(22) 11(15)  2( 2)  0( 0)    7       70
 38 11/15-->11/21    3.40   0.67  44(57) 12(15) 11(14)  7( 9)  3( 3)    7       77
 39 11/22-->11/28    1.21   0.39  54(67) 11(13) 13(16)  2( 2)  0( 0)    7       80
 40 11/29-->12/5     2.53   0.35  45(69) 10(15)  7(10)  2( 3)  1( 1)   12       65
 41 12/6-->12/12     2.28   0.39  59(68) 19(22)  5( 5)  2( 2)  1( 1)   14       86
 42 12/13-->12/19    1.17   0.21  48(78)  9(14)  3( 4)  1( 1)  0( 0)   14       61
 43 12/20-->12/26    1.37   0.29  50(72) 12(17)  4( 5)  3( 4)  0( 0)   14       69
 44 12/27-->1/2      0.90   0.27  55(72) 15(19)  6( 7)  0( 0)  0( 0)   14       76
 45 1/3-->1/9        1.23   0.23  43(76)  6(10)  6(10)  1( 1)  0( 0)   20       56
 46 1/10-->1/16      1.20   0.24  52(77)  9(13)  4( 5)  2( 2)  0( 0)   21       67
 47 1/17-->1/23      0.93   0.26  58(76) 15(19)  3( 3)  0( 0)  0( 0)   18       76
 48 1/24-->1/30      1.11   0.25  62(83)  6( 8)  4( 5)  2( 2)  0( 0)   14       74
 49 1/31-->2/6       0.90   0.22  55(79) 10(14)  4( 5)  0( 0)  0( 0)   20       69
 50 2/7-->2/13       1.31   0.19  53(82)  9(14)  1( 1)  1( 1)  0( 0)   21       64
 51 2/14-->2/20      0.76   0.33  56(70) 13(16) 10(12)  0( 0)  0( 0)   21       79
 52 2/21-->2/27      2.23   0.37  56(70) 16(20)  5( 6)  1( 1)  1( 1)   21       79
 53 2/28-->2/29      1.65   0.06   9(81)  0( 0)  1( 9)  1( 9)  0( 0)    4       11
 ANNUAL TOTALS       7.25   2926(59)867(17)718(14)319( 6) 88( 1)  510     4918
 
 THESE ARE THE MONTHLY AVERAGES FOR 1951-->1998 FOR STATION NUMBER  112
   JAN  FEB  MAR  APR  MAY  JUN  JUL  AUG  SPT  OCT  NOV  DEC  ANNUAL
   1.08 1.16 2.34 3.54 4.55 4.37 4.71 3.71 4.09 2.59 2.33 1.27 35.73  <-- PRECIP
  
   22.4 28.0 38.4 51.8 62.5 71.5 76.1 74.0 65.9 54.9 40.0 27.7  51.1  <-- TEMP
 
 TWELVE SIGNIFICANT RAINFALL EVENTS  
 MONTH  DAY  YEAR   AMOUNT
   7      3  1982     7.25
   8      7  1977     5.76
   6     28  1982     4.83
   9     15  1992     4.61
   6     17  1990     4.54
  11      2  1961     4.45
   7      2  1958     4.20
   9     13  1961     4.25
   7     16  1982     4.20
   6     21  1952     3.71
   7      4  1981     3.70
  10      9  1970     3.60
 
 GROWING DEGREE DAYS FOR 4 BASE TEMPS FOR STATION NUMBER   112
               MARCH                       APRIL  
     ****************************  *************************** 
 YEAR  40-86  48-86  50-86  52-86   40-86  48-86  50-86  52-86  
     ****************************  *************************** 
 1951     72     30     23     16    284    161    138    117
 1952    115     60     51     43    431    281    251    223
 1953    187     96     78     60    289    157    130    108
 1954    132     51     35     22    517    340    300    263
 1955    185    102     86     72    564    365    322    285
 1956    170     84     69     59    385    250    223    197
 1957    155     67     52     41    414    252    218    186
 1958    103     36     26     17    410    250    217    185
 1959    148     74     60     48    371    213    181    155
 1960     45     20     15     11    446    281    249    218
 1961    136     60     46     37    278    155    135    115
 1962    101     49     40     31    395    245    213    185
 1963    238    133    118    104    482    312    274    238
 1964    116     55     44     34    400    237    204    173
 1965     17      6      4      2    366    218    188    159
 1966    279    164    139    115    332    191    159    132
 1967    255    158    137    119    443    267    231    196
 1968    306    176    153    133    449    275    238    207
 1969     96     50     43     36    435    263    226    194
 1970     82     24     16      9    447    292    259    227
 1971    139     67     56     46    471    306    272    240
 1972    198    111     98     85    399    243    212    182
 1973    248    116     89     66    358    206    176    149
 1974    230    129    110     94    503    327    287    252
 1975     93     48     38     30    337    196    168    144
 1976    237    126    104     86    506    336    297    261
 1977    285    162    139    118    571    386    344    306
 1978    127     65     54     45    388    233    201    173
 1979    149     76     64     52    319    181    153    128
 1980    127     56     45     35    427    272    241    212
 1981    271    148    125    106    602    406    363    324
 1982    155     71     53     38    353    218    189    162
 1983    191    107     90     76    248    133    114     98
 1984     59     13      9      6    315    168    142    118
 1985    227    120     98     78    524    354    318    285
 1986    283    168    147    129    505    333    297    264
 1987    246    128    108     92    513    339    305    273
 1988    234    136    116     96    407    260    230    201
 1989    216    134    116    101    455    298    263    230
 1990    262    147    122    101    403    250    214    184
 1991    268    154    132    112    457    287    251    216
 1992    240    123    102     83    363    214    186    160
 1993     96     42     33     25    316    178    152    128
 1994    228    127    108     89    445    302    271    240
 1995    235    146    127    108    322    187    159    133
 1996    132     59     46     37    398    252    222    195
 1997    231    118     97     79    313    185    159    134
 1998    142     86     77     69    339    191    162    135
     ****************************  *************************** 
 MEAN  177.1   93.5   78.2   64.7  410.6  255.3  223.3  193.8
 STDV   73.4   46.9   41.5   36.6   82.1   65.5   60.8   56.4
 
               MAY                         JUNE   
     ****************************  *************************** 
 YEAR  40-86  48-86  50-86  52-86   40-86  48-86  50-86  52-86  
     ****************************  *************************** 
 1951    725    499    447    396    792    557    499    443
 1952    675    450    401    355   1037    797    738    679
 1953    674    458    411    365   1027    787    727    668
 1954    581    386    347    308    997    761    703    645
 1955    757    515    460    411    859    620    564    511
 1956    802    576    523    474   1029    791    733    676
 1957    673    442    392    346    922    682    624    567
 1958    771    547    497    450    844    604    544    487
 1959    779    548    495    443    963    723    663    605
 1960    681    466    414    365    871    632    573    514
 1961    614    403    358    316    934    694    635    580
 1962    921    675    617    560    931    691    632    575
 1963    684    456    402    352   1005    765    705    647
 1964    839    594    536    483    912    676    619    562
 1965    830    600    547    494    903    663    603    543
 1966    627    421    378    340    917    677    618    561
 1967    567    372    330    294    917    677    620    563
 1968    610    387    341    301    995    755    696    638
 1969    731    507    454    405    830    597    542    487
 1970    826    596    540    487    945    705    645    587
 1971    624    415    370    325   1061    821    761    701
 1972    729    503    452    404    892    655    599    546
 1973    623    409    361    315    957    717    657    597
 1974    663    446    397    352    831    595    539    486
 1975    747    524    475    429    922    682    624    569
 1976    627    417    373    331    919    679    620    564
 1977    884    645    586    528    969    732    673    614
 1978    664    445    398    355    932    693    635    578
 1979    700    491    444    399    943    705    647    589
 1980    759    533    482    435    921    681    621    562
 1981    633    425    379    336    984    744    684    624
 1982    807    566    509    453    812    576    519    463
 1983    591    383    339    297    943    706    648    591
 1984    580    374    333    293    971    731    672    613
 1985    739    501    448    397    832    595    540    486
 1986    699    467    415    364   1001    761    702    643
 1987    818    588    537    490    985    746    687    629
 1988    791    558    506    460    975    736    679    625
 1989    647    443    397    353    845    609    552    497
 1990    569    356    311    269    944    704    645    588
 1991    826    597    542    487    986    746    686    627
 1992    664    453    409    368    846    611    554    503
 1993    699    466    411    362    871    637    580    524
 1994    669    461    416    373    951    711    652    594
 1995    563    346    300    258    906    666    606    547
 1996    592    373    325    281    898    661    603    545
 1997    534    339    299    261    901    663    604    548
 1998    762    522    468    415    837    604    549    495
     ****************************  *************************** 
 MEAN  699.6  478.3  428.8  382.2  926.6  688.2  629.9  572.9
 STDV   93.3   82.8   78.7   74.3   64.3   63.1   62.1   60.9
 
               JULY                        AUGUST 
     ****************************  *************************** 
 YEAR  40-86  48-86  50-86  52-86   40-86  48-86  50-86  52-86  
     ****************************  *************************** 
 1951   1042    794    732    670   1014    766    704    643
 1952   1077    829    767    705    981    733    671    613
 1953   1085    837    775    714   1066    818    756    694
 1954   1143    895    833    771   1040    792    730    668
 1955   1175    927    865    803   1096    848    786    724
 1956   1042    794    732    670   1053    805    745    686
 1957   1153    905    843    781   1049    801    739    677
 1958   1003    755    693    631   1021    773    712    651
 1959   1028    780    718    658   1118    870    808    746
 1960   1041    793    731    669   1076    828    766    704
 1961   1057    809    747    685   1045    797    735    674
 1962   1039    791    729    669   1027    779    717    655
 1963   1092    844    782    720    960    712    650    591
 1964   1085    837    775    714    908    664    605    550
 1965   1039    791    729    667    965    717    657    597
 1966   1149    901    839    777    969    721    660    599
 1967   1003    755    693    635    971    724    664    604
 1968   1085    837    775    713   1050    802    740    678
 1969   1119    871    809    747   1068    820    758    697
 1970   1080    832    770    708   1043    795    733    671
 1971   1012    765    704    644   1010    762    700    639
 1972   1049    803    742    681   1021    773    712    651
 1973   1060    812    750    688   1048    800    738    676
 1974   1117    869    807    745    932    684    622    563
 1975   1090    842    780    719   1069    821    759    697
 1976   1075    827    765    704    985    737    676    616
 1977   1131    883    821    759    979    731    670    609
 1978   1080    832    770    708   1042    794    732    671
 1979   1048    800    738    676   1038    790    728    667
 1980   1149    901    839    777   1116    868    806    744
 1981   1063    815    753    692   1011    763    702    642
 1982   1082    834    772    710    996    748    686    625
 1983   1137    889    827    765   1157    909    847    785
 1984   1027    779    717    655   1031    783    723    664
 1985   1067    819    757    695    937    689    627    566
 1986   1129    881    819    757    893    649    589    530
 1987   1124    876    814    752    987    739    677    617
 1988   1077    829    768    707   1109    862    802    742
 1989   1064    816    754    692   1011    764    703    643
 1990   1040    792    730    668   1023    775    713    651
 1991   1059    811    749    688   1025    777    716    655
 1992    970    722    660    598    847    604    546    492
 1993   1038    790    728    666   1051    803    741    680
 1994    999    751    689    627    978    730    669    612
 1995   1064    816    755    695   1136    888    826    764
 1996    998    750    689    628    987    739    677    616
 1997   1050    802    740    680    961    713    651    589
 1998   1072    824    762    700   1049    801    739    677
     ****************************  *************************** 
 MEAN 1071.3  823.3  761.4  699.9 1020.1  772.4  711.0  650.4
 STDV   46.5   46.4   46.3   46.1   61.9   61.4   60.9   59.7
 
               SEPTEMBER                   OCTOBER
     ****************************  *************************** 
 YEAR  40-86  48-86  50-86  52-86   40-86  48-86  50-86  52-86  
     ****************************  *************************** 
 1951    670    456    406    361    492    318    282    250
 1952    813    589    538    488     80     54     48     42
 1953    816    594    546    501    618    438    398    358
 1954    868    636    580    526    492    316    277    241
 1955    843    615    561    510    414    271    238    207
 1956    789    564    513    467    713    496    447    401
 1957    713    489    438    388    391    238    206    177
 1958    799    568    515    463    565    385    344    304
 1959    778    551    500    450    358    210    179    149
 1960    825    594    542    491    395    265    239    215
 1961    731    514    466    419    543    354    312    271
 1962    716    500    453    408    504    336    297    261
 1963    770    540    484    430    782    553    501    450
 1964    739    522    470    419    116     71     61     52
 1965    701    477    425    379    399    258    227    200
 1966    711    480    426    378    510    330    290    254
 1967    736    512    462    413    452    293    258    225
 1968    777    538    482    428    507    332    294    257
 1969    791    557    502    449    411    256    224    194
 1970    775    547    494    442    462    272    231    193
 1971    863    635    583    533    669    456    406    359
 1972    820    598    543    490    285    188    168    149
 1973    765    536    481    430    618    416    370    327
 1974    633    438    394    352      8      4      3      2
 1975    668    456    408    362      8      4      3      2
 1976    759    532    481    436    152    105     94     83
 1977    808    570    515    461    443    260    221    185
 1978    919    685    629    576    455    281    245    210
 1979    827    602    548    501    209    141    126    112
 1980    825    599    545    494    420    277    247    220
 1981    817    589    535    481    389    248    218    191
 1982    742    523    473    423    365    234    206    181
 1983    806    585    533    484    450    267    231    200
 1984    700    500    453    408      0      0      0      0
 1985    771    556    506    458    445    260    221    187
 1986    851    616    558    502    470    281    239    200
 1987    756    519    467    418     41     31     29     27
 1988    822    591    541    492     68     40     34     28
 1989    679    471    425    380    297    198    179    160
 1990    840    613    561    510    306    198    174    152
 1991    784    576    525    479    218    139    122    106
 1992    696    484    436    390    265    163    142    123
 1993    604    398    353    312    189    133    119    105
 1994    769    545    494    445    456    293    255    223
 1995    697    484    437    391    366    234    206    182
 1996    698    478    429    383    515    334    294    256
 1997    769    539    487    440    406    281    252    225
 1998    858    628    573    518    459    279    241    206
     ****************************  *************************** 
 MEAN  769.2  545.9  494.3  445.2  378.9  245.9  216.9  189.9
 STDV   66.2   59.8   57.7   55.4  187.4  126.8  113.5  101.1
 
 DAILY RECORD HIGHS AND LOWS OCCURRING DURING 1951-1998 FOR STATION NUMBER  112
     JAN     FEB    MARCH   APRIL    MAY     JUNE    JULY    AUG     SEPT    OCT     NOV     DEC
 DY MX  MN  MX  MN  MX  MN  MX  MN  MX  MN  MX  MN  MX  MN  MX  MN  MX  MN  MX  MN  MX  MN  MX  MN
  1  53 -13  65 -19  74 -15  81  19  89  32  88  40 103  49 101  54 101  45  90  27  78  20  66   4
  2  59 -15  64 -27  73   0  85  18  89  31  86  43  98  48 100  53 100  46  96  23  77  11  68   0
  3  57 -14  67 -31  78   2  84  10  89  30  93  43  99  50 102  51  97  38  89  28  78   8  65  -5
  4  57 -16  55 -23  72  -9  81  16  90  30  92  43 100  50 106  49  97  40  91  29  76   2  65  -1
  5  56 -10  56 -15  67 -15  81  23  90  32  96  42  98  45  97  49  96  40  92  29  72  15  71   6
  6  56 -12  56 -21  70  -7  85  14  87  29  96  43 104  52  96  50  96  40  92  23  73  13  64  -4
  7  55 -15  60  -9  72  -5  80  17  90  29  96  47  99  49 100  46  97  40  85  24  79  -4  58 -11
  8  55 -14  60 -14  75  -5  80  18  90  33  96  48  97  55 102  49  97  41  83  28  78  -7  60  -4
  9  51 -16  60 -21  74  -2  84  16  90  34  94  43  97  50  99  49 100  41  83  26  74  13  59 -10
 10  53 -19  60 -16  75   2  82  19  88  32  96  45 100  48  99  53  91  40  88  27  71  14  60  -5
 11  54 -13  62 -16  79   3  84  25  92  33  95  44 103  54  97  50  95  40  86  22  76   2  65  -5
 12  60 -21  71 -18  78  -8  84  20  96  36  97  46 104  54  97  45  94  38  89  27  70  10  61 -15
 13  60 -11  65  -9  74  -5  78  21  92  33  96  44 103  49  96  43  92  38  88  24  72   1  59 -10
 14  65 -18  71  -4  75   4  81  22  90  37  96  48 102  52  97  51  93  38  86  30  76   4  61 -12
 15  59 -19  65  -6  74   9  82  23  89  32  96  47 101  54 103  45  96  39  91  28  73   7  58 -16
 16  61 -19  62 -19  77   0  86  22  88  35  92  44 100  55 103  46  94  34  89  26  74   0  56 -15
 17  60 -14  65 -20  78   8  84  25  88  37  91  44 102  51 105  50  96  39  84  24  72   0  57  -8
 18  60 -18  67  -9  71   7  85  20  91  39 100  52 101  55 104  48  95  37  86  24  75   7  65 -17
 19  60 -20  64  -5  77   6  82  25  90  38 100  49 101  54 102  51  92  31  85  16  69  15  57 -18
 20  52 -21  63   0  75   9  88  25  91  36  98  49 103  52 101  47  90  31  85  19  66  11  59 -14
 21  62 -21  66  -7  73   4  89  27  90  39 100  42 101  53  99  48  89  35  84  27  69   3  59 -20
 22  60 -12  66  -2  83  14  89  26  90  34  97  48 105  51  97  50  88  30  82  21  68   9  60 -22
 23  59 -20  59 -10  80   7  87  24  89  37  94  51 100  55  98  49  86  31  82  21  68   6  60 -26
 24  61 -10  67  -8  81   3  87  25  90  39 100  48  95  57  96  49  88  32  82  25  64   7  58 -20
 25  61  -9  70  -5  79   2  88  32  94  39 101  49  97  56 100  47  90  37  83  22  68   1  58 -14
 26  56  -7  64 -11  85   1  88  33  92  37  96  49 101  50 103  48  93  31  84  23  72   0  53 -10
 27  58 -15  73  -7  80  14  89  31  90  35  97  43 105  54  99  49  92  37  80  16  72   8  57  -9
 28  52 -15  71 -13  80   6  90  32  90  37 100  52 104  53  98  41 101  30  75  17  67  -3  66 -10
 29  57 -22 *** ***  86   8  90  24  92  36 100  52 102  50  99  45  91  25  75  19  65  -4  64  -9
 30  59 -16 *** ***  82  10  89  32  94  42 101  51 106  45 101  51  92  27  77  16  70  -8  63  -8
 31  71 -24 *** ***  81  18 *** ***  90  39 *** *** 104  51 100  45 *** ***  76  18 *** ***  62 -15
 
 DAILY MAXIMUM PRECIPITATION OCCURRING DURING 1951-1998 FOR STATION NUMBER  112
     JAN   FEB   MARCH APRIL MAY   JUNE  JULY  AUG   SEPT  OCT   NOV   DEC
 
  1  0.48  0.50  0.37  1.40  2.03  2.47  0.77  1.68  2.32  0.84  1.65  0.98
  2  0.90  0.90  1.32  1.55  1.00  2.19  4.20  2.17  1.91  0.61  4.45  0.46
  3  0.98  0.30  1.16  2.18  1.23  2.72  7.25  1.25  1.85  0.84  0.83  1.07
  4  1.23  0.40  0.93  1.02  1.16  1.29  3.70  0.90  1.42  1.67  1.10  0.61
  5  0.78  0.55  1.55  0.69  1.60  0.90  2.69  2.48  1.30  2.51  0.39  1.24
  6  0.58  0.66  0.97  0.95  0.92  1.62  2.41  2.07  1.08  0.74  0.47  0.32
  7  0.07  0.21  0.76  0.93  2.80  0.92  2.68  5.76  1.05  1.13  0.53  1.18
  8  0.17  0.26  1.15  1.25  1.62  1.26  2.17  1.00  2.59  1.09  0.36  2.28
  9  0.29  0.32  0.87  1.11  0.94  1.91  1.98  1.70  2.20  3.60  0.75  0.23
 10  0.41  1.31  0.42  1.58  1.66  3.25  0.93  1.18  1.07  2.73  1.76  0.50
 11  0.30  0.20  1.53  1.17  1.26  2.00  1.24  2.11  0.70  1.37  0.90  1.42
 12  1.20  0.41  1.53  1.40  1.46  1.33  2.14  1.61  0.73  1.46  1.00  0.57
 13  0.54  0.39  0.85  1.30  1.94  1.36  1.59  1.79  4.25  2.20  0.67  0.17
 14  0.28  0.49  0.60  1.30  0.96  1.30  0.72  2.56  2.62  1.85  0.89  0.85
 15  0.64  0.62  0.80  0.71  0.80  2.50  2.80  2.01  4.61  1.93  3.40  1.17
 16  1.03  0.69  0.29  1.57  3.20  1.14  4.20  1.77  1.54  0.82  2.21  0.40
 17  0.33  0.48  0.60  1.07  2.22  4.54  1.44  2.81  2.10  0.69  3.21  0.31
 18  0.93  0.76  0.77  1.48  0.98  0.47  1.05  1.05  2.17  1.92  1.22  0.21
 19  0.68  0.55  0.87  1.92  1.30  2.20  1.73  0.76  3.02  1.42  0.27  0.64
 20  0.44  0.75  0.95  2.14  1.03  1.50  1.71  0.66  3.05  1.80  0.80  1.10
 21  0.45  2.23  0.52  1.55  0.86  3.71  1.15  1.53  3.15  0.53  1.22  0.35
 22  0.35  0.87  0.66  0.92  1.10  1.58  2.72  1.85  2.05  1.38  0.66  0.48
 23  0.70  1.63  0.82  0.80  1.80  1.21  0.95  1.04  1.56  0.81  1.00  0.67
 24  0.25  0.49  1.96  2.94  1.27  0.92  1.12  1.27  1.48  1.03  0.15  1.37
 25  0.87  0.26  1.53  1.65  2.01  1.82  1.20  1.19  1.04  0.39  0.52  0.66
 26  0.60  0.50  1.12  0.68  2.10  1.84  1.46  3.48  1.69  1.28  0.77  0.16
 27  1.11  0.52  1.05  1.62  2.11  2.05  1.17  0.95  2.40  0.50  0.52  0.27
 28  0.42  1.65  0.56  0.93  2.04  4.83  1.12  1.89  1.74  1.05  1.21  0.90
 29  0.70******  1.27  0.75  2.75  0.77  3.13  0.58  1.70  0.42  0.53  0.38
 30  0.52******  1.51  2.11  1.39  1.77  1.55  1.54  1.20  1.18  2.53  0.59
 31  0.16******  1.74******  0.81******  1.85  2.08******  1.49******  0.31
 
 RECORD LARGEST AND SMALLEST DAILY RANGES (MAX-MIN) DURING 1951-1998 FOR STATION NUMBER  112
     JAN     FEB    MARCH   APRIL    MAY     JUNE    JULY    AUG     SEPT    OCT     NOV     DEC
 DY MX  MN  MX  MN  MX  MN  MX  MN  MX  MN  MX  MN  MX  MN  MX  MN  MX  MN  MX  MN  MX  MN  MX  MN
  1 32   2  48   4  50   2  41   5  41   8  35   4  29  10  34  14  37   9  44   5  34   2  33   2
  2 26   5  44   4  39   5  46   6  36   7  33   6  30  12  30   9  33   9  37   4  34   6  38   3
  3 32   5  35   3  32   2  38   3  34  10  35   6  36   7  34  10  34  11  35   4  37   3  32   5
  4 40   4  40   2  39   4  44   8  38   6  35   8  35   8  39   9  39   3  35   4  32   4  32   5
  5 40   3  37   1  34   2  45   6  39   4  32  12  33   8  30   4  34  10  40   7  31   4  33   3
  6 32   2  42   2  40   4  40   5  36  11  33   7  36   6  35   6  38   6  33   4  36   3  42   3
  7 31   6  37   2  41   4  53   6  37   5  37   7  33  11  33   5  36   7  42  10  34   4  32   3
  8 45   2  35   4  39   3  36   3  43   5  31   9  28  12  32   5  33   6  38  10  37   2  33   3
  9 32   7  33   2  39   4  41   6  35   6  35   4  32   8  34  12  33   8  37   5  36   7  32   3
 10 39   4  37   4  46   3  38   7  34  10  36  12  31   7  32  12  40  10  42   7  38   4  33   4
 11 44   3  41   5  40   4  36   2  39   9  33   9  34   7  32   9  37   6  36   6  37   4  33   3
 12 31   2  38   5  44   3  36   1  39   6  32   7  32   8  31  10  37  12  38  11  43   5  30   4
 13 37   6  38   4  35   4  40   6  37   9  35   3  38   8  36   9  36  10  40   6  37   2  32   4
 14 33   6  37   3  38   6  41   2  39  10  35   6  30  11  35  13  31   8  38   9  31   5  35   3
 15 51   2  51   4  40   7  41   9  34   8  29   9  30   9  35   8  37   8  35   5  39   5  38   5
 16 40   7  43   4  37   4  38  10  46   8  32  10  30  11  31   9  39   7  38   7  34   5  41   4
 17 37   4  38   3  38   6  46   4  34   6  35  12  37   9  30   9  40   6  37   8  34   5  30   4
 18 62   4  37   4  39   4  39   9  41   8  31  10  29  11  33   8  34  10  46   5  37   4  38   3
 19 47   3  40   2  34   3  36   4  35   6  32  15  31   8  32  13  38   6  35   7  42   5  33   5
 20 37   2  33   3  35   4  40   8  36  15  31  12  30   8  31   7  37  10  37   4  32   4  31   4
 21 45   2  41   3  32   5  38   8  32   6  31   7  29   6  31   8  39   6  37   4  33   4  42   3
 22 43   2  39   4  46   3  36   5  32  11  34  10  36  10  34  10  42  10  43   3  35   3  36   2
 23 37   5  37   5  41   4  38   5  39   7  30  12  29  10  31  11  37   4  37   3  38   6  31   1
 24 39   6  43   1  40   6  35  10  34   7  31  12  32  11  40   6  37   5  41   4  34   2  41   4
 25 39   4  40   2  45   4  37   6  33   8  33  10  29  10  34   8  39   5  37   4  31   3  29   3
 26 35   7  40   4  42   6  37   4  35   3  31  11  36  11  37   8  44   8  37   5  41   2  37   6
 27 32   4  33   3  48   1  35   7  33   4  34   8  34   8  37   8  39  10  41   6  40   2  31   3
 28 42   4  42   4  38   5  36   7  32   4  39   7  31  11  34   5  42   7  32   6  34   4  43   3
 29 37   3  **  **  42   5  37   5  36   9  33   9  34  13  33  11  42  10  40   5  36   4  41   3
 30 35   4  **  **  38   2  34   7  33   7  34   9  35  12  34  12  40   5  37   5  40   5  33   3
 31 47   7  **  **  41   3  **  **  32  12  **  **  43   7  35   8  **  **  38   5  **  **  33   3
 
 DAILY  MEAN  HIGHS AND LOWS OCCURRING DURING 1951-1998 FOR STATION NUMBER  112
     JAN     FEB    MARCH   APRIL    MAY     JUNE    JULY    AUG     SEPT    OCT     NOV     DEC
 DY MX  MN  MX  MN  MX  MN  MX  MN  MX  MN  MX  MN  MX  MN  MX  MN  MX  MN  MX  MN  MX  MN  MX  MN
  1 32  16  34  15  44  23  56  35  68  45  77  55  85  64  86  63  82  60  74  49  57  38  42  25
  2 32  16  31  13  43  24  57  36  70  46  76  54  86  64  86  65  83  60  73  48  54  36  43  26
  3 32  15  31  13  43  25  56  35  69  47  77  54  85  63  86  65  82  60  71  48  54  35  42  24
  4 31  13  33  14  43  23  56  34  69  48  78  56  85  64  85  64  80  58  70  47  51  35  41  24
  5 31  13  34  15  41  24  57  34  72  49  81  58  85  62  83  63  81  58  69  47  51  32  41  25
  6 30  14  31  14  42  22  59  35  70  47  80  59  86  63  84  64  81  59  68  46  50  32  39  21
  7 28  10  32  13  42  21  61  36  70  48  81  59  87  64  84  63  82  59  68  45  52  32  37  21
  8 29  11  33  14  43  22  58  38  70  48  81  59  86  65  85  64  81  58  68  46  52  32  35  20
  9 29  12  33  15  45  24  57  35  70  48  80  59  86  64  85  63  81  58  67  44  53  32  35  18
 10 28  11  35  18  47  26  58  36  71  48  81  58  86  64  85  63  79  55  67  42  52  31  36  18
 11 31  12  34  15  47  28  61  38  72  49  81  59  86  65  83  61  79  55  68  44  51  32  35  19
 12 31  14  35  17  47  28  58  38  72  48  82  61  87  66  84  61  79  56  69  45  50  31  35  18
 13 33  14  38  17  46  27  60  38  73  49  83  60  87  66  84  62  78  56  68  45  51  32  35  17
 14 32  15  38  20  48  28  61  39  74  51  81  61  87  67  85  63  76  55  69  46  50  32  35  18
 15 30  12  35  19  47  27  63  39  74  51  81  61  86  64  85  63  76  53  68  45  52  32  35  18
 16 31  11  36  17  49  27  65  42  74  51  81  60  87  65  85  63  74  53  67  44  51  32  35  17
 17 31  12  39  19  48  28  65  42  74  52  83  60  88  66  85  64  76  54  67  44  51  32  33  18
 18 31  13  41  23  48  29  66  43  76  53  83  62  88  67  85  64  76  55  63  41  49  32  34  17
 19 31  13  40  22  48  30  66  44  75  52  85  62  88  68  84  64  75  54  63  40  49  30  35  19
 20 30  12  42  21  49  30  65  44  76  53  84  62  88  67  84  62  75  53  63  41  48  30  32  16
 21 32  13  41  21  48  28  65  43  75  53  83  61  86  66  83  62  73  51  65  43  47  28  32  16
 22 34  15  39  21  52  29  65  42  74  54  83  61  86  65  84  62  72  50  66  42  48  28  34  18
 23 33  13  39  22  51  29  66  43  75  53  83  61  87  64  83  62  70  48  62  42  46  27  34  18
 24 32  13  40  21  50  29  67  44  75  53  84  61  86  64  83  61  71  49  62  40  45  26  34  15
 25 32  14  41  21  50  29  68  45  75  54  84  62  87  65  84  62  73  50  61  40  45  27  33  16
 26 29  12  43  22  52  31  69  47  73  54  85  63  87  65  85  62  73  49  62  39  44  26  34  16
 27 29  12  42  23  55  33  68  46  75  54  85  63  87  65  85  63  72  49  61  40  42  25  34  17
 28 31  11  43  24  56  35  66  43  75  54  87  64  87  65  85  61  74  50  59  38  38  20  35  19
 29 32  12  **  **  53  34  68  45  76  55  87  65  86  64  85  62  73  49  59  37  39  23  34  18
 30 31  11  **  **  54  34  68  46  77  55  86  64  86  64  85  63  73  49  59  39  42  23  33  15
 31 35  12  **  **  56  35  **  **  78  56  **  **  86  64  82  61  **  **  58  39  **  **  32  16
  
  # OF DAYS EACH YEAR WHERE MIN >=32 F  1951-1998 FOR STATION #  112
   51  52  53  54  55  56  57  58  59  60  61  62  63  64  65  66  67  68  69  70
  226 224 232 237 230 226 235 231 228 230 231 235 242 234 238 241 245 244 231 240
 
   71  72  73  74  75  76  77  78  79  80  81  82  83  84  85  86  87  88  89  90
  239 225 257 241 227 230 247 229 231 233 251 238 240 233 231 247 259 227 221 242
 
   91  92  93  94  95  96  97  98
  233 241 233 243 232 224 226 251
  
 MEAN=236
 
 LENGTH OF SEASON FOR STATION NUMBER  112   BASE TEMP=32
 LAST SPRING OCCURENCE FIRST FALL OCCURENCE  LENGTH OF SEASON
   YEAR MONTH DAY DOY         MONTH DAY DOY
   1951   4    19 109           9    28 271          162
   1952   4    16 107          10     6 280          173
   1953   4    27 117          10    27 300          183
   1954   5     7 127          10    30 303          176
   1955   4     7  97          10    15 288          191
   1956   4    24 115          11     8 313          198
   1957   4    15 105          10    19 292          187
   1958   4    29 119          10     1 274          155
   1959   5    15 135          10    12 285          150
   1960   4    30 121          10    19 293          172
   1961   5     2 122          10    20 293          171
   1962   4    16 106          10    24 297          191
   1963   4    24 114          10    29 302          188
   1964   4     9 100          10     6 280          180
   1965   4    19 109          10    12 285          176
   1966   5    10 130          10    30 303          173
   1967   5     2 122          10    11 284          162
   1968   4    25 116          10    25 299          183
   1969   3    31  90          10    14 287          197
   1970   5     2 122          10    16 289          167
   1971   4    14 104          11     4 308          204
   1972   4    25 116           9    30 274          158
   1973   4    13 103          11     3 307          204
   1974   4    24 114           9    22 265          151
   1975   4    20 110          10     2 275          165
   1976   5     3 124          10     6 280          156
   1977   4     6  96          10    16 289          193
   1978   5     1 121          10    26 299          178
   1979   4    28 118          10    13 286          168
   1980   4    14 105          10    12 286          181
   1981   4    15 105          10     2 275          170
   1982   4    21 111          10    21 294          183
   1983   4    20 110           9    23 266          156
   1984   4     1  92           9    26 270          178
   1985   4     9  99          10     1 274          175
   1986   4    22 112          10    14 287          175
   1987   4     5  95          10     3 276          181
   1988   4    24 115          10     5 279          164
   1989   5     7 127           9    24 267          140
   1990   4    30 120          10    19 292          172
   1991   4    24 114           9    19 262          148
   1992   5     6 127           9    29 273          146
   1993   4    16 106          10    10 283          177
   1994   4    29 119          10    10 283          164
   1995   4    22 112           9    22 265          153
   1996   4    30 121          10    31 305          184
   1997   4    17 107          10    20 293          186
   1998   4    17 107          10    22 295          188
             MEAN=112              MEAN=285     MEAN=173
 
 LENGTH OF SEASON FOR STATION NUMBER  112   BASE TEMP=30
 LAST SPRING OCCURENCE FIRST FALL OCCURENCE  LENGTH OF SEASON
   YEAR MONTH DAY DOY         MONTH DAY DOY
   1951   4    17 107           9    28 271          164
   1952   4    15 106          10     6 280          174
   1953   4    20 110          10    27 300          190
   1954   5     4 124          10    30 303          179
   1955   4     7  97          10    24 297          200
   1956   4    24 115          11     8 313          198
   1957   4    14 104          10    25 298          194
   1958   4    29 119          10     1 274          155
   1959   4    22 112          10    12 285          173
   1960   4    10 101          10    19 293          192
   1961   4    16 106          10    26 299          193
   1962   4    16 106          10    24 297          191
   1963   4     4  94          10    29 302          208
   1964   4     9 100          10     9 283          183
   1965   4    19 109          10    24 297          188
   1966   4    21 111          11     1 305          194
   1967   4    24 114          10    27 300          186
   1968   4     6  97          10    25 299          202
   1969   3    31  90          10    14 287          197
   1970   4     5  95          11     3 307          212
   1971   4     6  96          11     4 308          212
   1972   4     8  99          10    15 289          190
   1973   4    13 103          11     3 307          204
   1974   4     8  98           9    22 265          167
   1975   4    12 102          10     2 275          173
   1976   5     3 124          10     8 282          158
   1977   4     6  96          10    16 289          193
   1978   3    27  86          11     7 311          225
   1979   4    10 100          10    13 286          186
   1980   4    14 105          10    12 286          181
   1981   4     6  96          10    22 295          199
   1982   4    21 111          10    21 294          183
   1983   4    20 110          11     5 309          199
   1984   4     1  92           9    29 273          181
   1985   4     9  99          11     4 308          209
   1986   4    22 112          11     2 306          194
   1987   4     4  94          10     3 276          182
   1988   4    24 115          10     5 279          164
   1989   5     7 127          10     4 277          150
   1990   4    18 108          10    19 292          184
   1991   4    24 114          10    15 288          174
   1992   5     6 127          10    17 291          164
   1993   4     6  96          10    10 283          187
   1994   4     7  97          10    25 298          201
   1995   4     5  95           9    22 265          170
   1996   4    23 114          10    31 305          191
   1997   4    17 107          10    21 294          187
   1998   3    25  84          11     5 309          225
             MEAN=104              MEAN=292     MEAN=187
 
 LENGTH OF SEASON FOR STATION NUMBER  112   BASE TEMP=28
 LAST SPRING OCCURENCE FIRST FALL OCCURENCE  LENGTH OF SEASON
   YEAR MONTH DAY DOY         MONTH DAY DOY
   1951   4    17 107          10    31 304          197
   1952   4    15 106          10     6 280          174
   1953   4    20 110          10    29 302          192
   1954   4     4  94          10    30 303          209
   1955   3    28  87          10    24 297          210
   1956   4    24 115          11     8 313          198
   1957   4    14 104          10    25 298          194
   1958   4    29 119          11     6 310          191
   1959   4    11 101          10    28 301          200
   1960   4    10 101          10    20 294          193
   1961   4    16 106          11     3 307          201
   1962   4    15 105          10    24 297          192
   1963   3    22  81          11     2 306          225
   1964   4     9 100          10     9 283          183
   1965   3    31  90          10    24 297          207
   1966   4    21 111          11     2 306          195
   1967   4    24 114          10    28 301          187
   1968   4     5  96          11     8 313          217
   1969   3    31  90          10    27 300          210
   1970   4     4  94          11    15 319          225
   1971   4     6  96          11     6 310          214
   1972   4     8  99          10    15 289          190
   1973   4    13 103          11     5 309          206
   1974   4     8  98          10     2 275          177
   1975   4    12 102          10     2 275          173
   1976   4    12 103          10     8 282          179
   1977   4     6  96          11    11 315          219
   1978   3    26  85          11     7 311          226
   1979   4    10 100          10    13 286          186
   1980   4    12 103          10    26 300          197
   1981   3    23  82          10    23 296          214
   1982   4    21 111          10    21 294          183
   1983   4    19 109          11     5 309          200
   1984   4     1  92           9    29 273          181
   1985   4     9  99          11     4 308          209
   1986   4    22 112          11     9 313          201
   1987   4     4  94          10     3 276          182
   1988   4    19 110          10     6 280          170
   1989   4    13 103          10    20 293          190
   1990   4    12 102          10    19 292          190
   1991   3    30  89          10    15 288          199
   1992   4    12 103          10    17 291          188
   1993   4     6  96          10    10 283          187
   1994   4     7  97          10    26 299          202
   1995   4     5  95          10    22 295          200
   1996   4     9 100          10    31 305          205
   1997   4    17 107          10    22 295          188
   1998   3    25  84          11     5 309          225
             MEAN=100              MEAN=297     MEAN=197
 
 LENGTH OF SEASON FOR STATION NUMBER  112   BASE TEMP=26
 LAST SPRING OCCURENCE FIRST FALL OCCURENCE  LENGTH OF SEASON
   YEAR MONTH DAY DOY         MONTH DAY DOY
   1951   3    26  85          11     1 305          220
   1952   4    11 102          10     6 280          178
   1953   4    20 110          11     5 309          199
   1954   4     4  94          10    30 303          209
   1955   3    28  87          11     2 306          219
   1956   4    24 115          11     9 314          199
   1957   4    14 104          10    25 298          194
   1958   4    29 119          11     6 310          191
   1959   3    22  81          11     5 309          228
   1960   4    10 101          10    20 294          193
   1961   4    16 106          11     3 307          201
   1962   4    15 105          10    25 298          193
   1963   3    22  81          11     2 306          225
   1964   4     9 100          10     9 283          183
   1965   3    30  89          11     9 313          224
   1966   4     9  99          11     2 306          207
   1967   4    24 114          10    28 301          187
   1968   3    23  83          11     8 313          230
   1969   3    31  90          10    27 300          210
   1970   4     2  92          11    15 319          227
   1971   4     6  96          11     6 310          214
   1972   4     8  99          10    19 293          194
   1973   4    13 103          11     5 309          206
   1974   3    25  84          10     2 275          191
   1975   4     6  96          11    13 317          221
   1976   4    12 103          10    16 290          187
   1977   4     6  96          11    12 316          220
   1978   3    25  84          11    14 318          234
   1979   4     6  96          10    13 286          190
   1980   4    12 103          10    26 300          197
   1981   3    20  79          10    23 296          217
   1982   4    11 101          10    22 295          194
   1983   4    18 108          11    17 321          213
   1984   3    23  83           9    29 273          190
   1985   4     9  99          11     5 309          210
   1986   4    22 112          11    10 314          202
   1987   4     4  94          10    11 284          190
   1988   4    19 110          10    28 302          192
   1989   4    13 103          10    20 293          190
   1990   4    12 102          11     7 311          209
   1991   3    30  89          10    19 292          203
   1992   4     2  93          10    17 291          198
   1993   4     5  95          10    30 303          208
   1994   4     7  97          10    26 299          202
   1995   4     5  95          11     3 307          212
   1996   4     9 100          11     1 306          206
   1997   4    17 107          10    22 295          188
   1998   3    25  84          11     6 310          226
             MEAN= 97              MEAN=301     MEAN=204
 
 LENGTH OF SEASON FOR STATION NUMBER  112   BASE TEMP=24
 LAST SPRING OCCURENCE FIRST FALL OCCURENCE  LENGTH OF SEASON
   YEAR MONTH DAY DOY         MONTH DAY DOY
   1951   3    24  83          11     1 305          222
   1952   4    10 101          10     6 280          179
   1953   3    26  85          11     5 309          224
   1954   4     3  93          10    31 304          211
   1955   3    28  87          11     3 307          220
   1956   4    23 114          11     9 314          200
   1957   4    13 103          10    25 298          195
   1958   4    29 119          11    26 330          211
   1959   3    22  81          11     5 309          228
   1960   4    10 101          10    20 294          193
   1961   4    16 106          11     3 307          201
   1962   4    15 105          11     5 309          204
   1963   3    10  69          11     2 306          237
   1964   3    30  90          11    19 324          234
   1965   3    30  89          11     9 313          224
   1966   3    27  86          11     2 306          220
   1967   3    18  77          11     4 308          231
   1968   3    23  83          11     8 313          230
   1969   3    31  90          11    13 317          227
   1970   4     2  92          11    15 319          227
   1971   4     5  95          11     7 311          216
   1972   4     8  99          10    19 293          194
   1973   4    13 103          11     5 309          206
   1974   3    25  84          10     2 275          191
   1975   4     4  94          11    14 318          224
   1976   3    22  82          10    17 291          209
   1977   3    22  81          11    12 316          235
   1978   3    25  84          11    19 323          239
   1979   4     6  96          10    13 286          190
   1980   4    12 103          10    26 300          197
   1981   3    20  79          10    23 296          217
   1982   4     9  99          11     4 308          209
   1983   4    18 108          11    23 327          219
   1984   3    23  83          11     2 307          224
   1985   4     9  99          11    19 323          224
   1986   3    21  80          11    10 314          234
   1987   4     4  94          10    11 284          190
   1988   3    20  80          10    30 304          224
   1989   4    10 100          11    16 320          220
   1990   4    12 102          11     7 311          209
   1991   3    30  89          10    19 292          203
   1992   4     2  93          11    14 319          226
   1993   4     5  95          10    31 304          209
   1994   4     7  97          11    16 320          223
   1995   4     5  95          11     3 307          212
   1996   4     9 100          11     1 306          206
   1997   4    14 104          10    27 300          196
   1998   3    25  84          11     6 310          226
             MEAN= 92              MEAN=307     MEAN=214
 
 THESE ARE THE MONTHLY AVG. MAX TEMPS 1951-1998 FOR STATION # 112
 YEAR    JAN   FEB  MARCH APRIL  MAY  JUNE  JULY AUGUST SEPT   OCT   NOV   DEC   ANN
  
 1951   30.9  35.5  39.3  55.8  74.1  75.7  85.5  84.2  73.1  65.4  45.1  32.5  58.1
 1952   36.6  42.3  44.1  64.5  72.8  87.9  88.1  83.3  81.7  66.5  52.5  37.4  63.1
 1953   34.7  42.5  49.5  57.3  73.4  87.7  89.9  90.3  83.9  75.0  56.9  41.5  65.2
 1954   34.5  50.9  46.2  67.8  70.1  86.6  93.9  85.2  82.4  64.7  54.3  39.5  64.7
 1955   32.3  35.5  49.6  70.0  76.2  79.8  93.1  91.1  82.6  67.7  44.8  35.5  63.2
 1956   32.0  37.4  49.5  63.5  79.4  89.7  87.5  86.2  80.9  76.3  50.1  39.9  64.4
 1957   27.9  41.6  48.7  61.1  71.8  82.2  91.5  87.0  75.5  63.5  46.3  43.7  61.7
 1958   33.7  28.9  45.1  63.9  78.0  79.3  81.4  85.3  77.5  70.1  54.7  35.2  61.1
 1959   27.3  35.7  48.1  61.3  75.3  83.9  85.5  87.9  76.7  61.6  42.9  41.6  60.7
 1960   32.2  29.9  33.7  63.6  73.1  79.5  86.3  87.3  80.7  67.9  54.1  37.4  60.5
 1961   34.9  42.1  47.8  56.5  71.2  84.7  86.2  86.1  75.7  68.5  49.1  31.6  61.2
 1962   26.0  32.1  42.2  62.4  82.1  81.9  84.4  86.1  76.0  67.1  51.6  37.0  60.8
 1963   21.6  32.5  53.2  66.4  72.8  88.5  86.7  81.8  76.3  77.5  54.1  25.2  61.4
 1964   39.9  41.4  45.2  62.5  77.5  80.7  86.9  81.6  74.6  64.8  54.0  33.6  61.9
 1965   31.5  34.9  33.0  60.9  76.9  79.2  84.2  83.4  72.6  66.9  54.2  46.8  60.4
 1966   26.4  39.0  55.8  59.5  72.4  80.9  90.0  82.0  74.1  67.5  52.2  35.2  61.3
 1967   37.0  35.8  53.2  63.2  69.7  80.2  84.3  82.6  75.5  63.0  46.4  38.4  60.8
 1968   31.8  35.7  57.1  65.1  70.4  84.8  86.0  85.3  76.3  65.8  45.2  32.3  61.3
 1969   27.2  35.1  42.7  64.4  74.2  79.2  86.9  86.0  77.2  62.3  51.0  33.0  59.9
 1970   24.3  41.8  43.4  64.6  78.1  82.4  89.3  84.5  76.0  63.2  47.7  38.9  61.2
 1971   27.3  32.9  46.2  66.7  71.5  88.9  84.8  86.1  81.8  72.3  51.0  38.5  62.3
 1972   31.5  36.2  51.6  63.3  74.4  83.0  85.8  85.2  78.6  63.2  43.3  30.6  60.6
 1973   33.0  39.8  54.8  59.3  70.9  83.4  85.6  85.6  75.4  71.6  51.0  32.8  61.9
 1974   31.3  40.7  52.9  67.4  71.9  79.1  91.3  81.5  73.9  67.4  48.9  37.1  61.9
 1975   34.2  31.3  40.3  58.8  76.4  82.0  88.6  88.0  73.8  71.5  55.8  39.6  61.7
 1976   35.7  49.9  53.1  68.0  71.9  83.0  88.4  85.2  78.6  61.2  46.0  34.8  63.0
 1977   22.1  41.6  56.4  70.1  79.9  85.8  93.3  83.3  77.4  63.7  48.9  32.1  62.9
 1978   22.7  26.6  43.9  63.0  71.0  84.0  86.0  85.3  83.1  65.2  49.8  34.3  59.6
 1979   18.2  26.2  47.1  58.2  74.9  83.4  85.2  86.2  81.7  69.1  48.6  43.4  60.2
 1980   32.2  32.0  46.3  64.7  77.5  82.7  92.6  90.0  79.5  65.0  52.8  38.2  62.8
 1981   38.4  43.5  55.5  71.7  71.7  84.4  84.2  83.6  79.6  66.3  53.1  32.8  63.7
 1982   27.2  34.3  47.2  59.1  76.3  77.6  86.5  82.3  74.4  66.4  50.3  42.0  60.3
 1983   35.5  42.2  49.1  54.5  70.1  83.2  92.4  96.1  79.8  63.6  50.6  19.9  61.4
 1984   32.8  46.7  39.8  58.4  69.7  83.0  85.6  85.4  76.0  64.6  50.7  39.8  61.0
 1985   27.8  32.1  53.5  68.2  75.1  79.3  86.7  80.8  75.9  63.0  40.6  25.5  59.0
 1986   37.2  30.3  55.2  67.8  72.4  84.3  86.7  78.8  77.3  63.7  45.0  35.8  61.2
 1987   35.6  47.4  54.1  68.6  78.1  85.0  89.1  82.2  76.0  61.0  52.8  38.5  64.0
 1988   33.0  32.6  53.2  65.2  78.9  87.5  91.5  90.4  79.9  59.6  51.2  40.9  63.7
 1989   44.1  26.5  49.8  65.1  73.0  79.5  86.0  84.2  73.3  66.9  50.2  26.8  60.4
 1990   44.0  43.4  53.4  61.9  68.2  81.2  83.6  83.2  79.6  65.5  56.9  33.2  62.8
 1991   27.3  44.4  55.5  65.1  75.8  84.0  86.3  85.5  77.8  64.3  41.1  39.7  62.2
 1992   40.3  43.8  53.1  60.8  73.5  81.7  80.9  77.9  73.2  63.9  41.4  35.0  60.5
 1993   31.1  28.8  42.6  58.2  72.4  79.0  82.1  83.4  70.5  62.9  46.9  38.6  58.0
 1994   24.5  33.5  53.5  66.1  73.5  82.2  83.1  83.7  77.4  65.6  51.8  40.5  61.3
 1995   29.1  39.3  51.3  59.8  67.6  79.4  86.1  89.3  74.6  64.7  45.0  34.2  60.0
 1996   30.2  36.0  45.3  63.7  67.7  80.0  83.6  82.8  74.6  66.8  41.0  33.7  58.8
 1997   29.6  36.5  53.7  57.7  68.0  81.2  85.7  81.3  77.0  63.5  43.9  34.8  59.4
 1998   34.8  44.5  41.6  59.6  74.2  77.4  84.7  83.5  80.0  64.9  51.8  41.5  61.6
 MEANS  31.5  37.4  48.5  63.0  73.7  82.5  87.0  85.0  77.3  66.1  49.3  36.1  61.4
 
 THESE ARE THE MONTHLY AVG. MIN TEMPS 1951-1998 FOR STATION # 112
 YEAR    JAN   FEB  MARCH APRIL  MAY  JUNE  JULY AUGUST SEPT   OCT   NOV   DEC   ANN
  
 1951   13.5  19.1  21.5  37.8  52.5  57.2  63.7  62.8  51.4  44.6  24.3  14.5  38.6
 1952   16.0  26.5  26.5  39.8  51.0  65.5  65.2  61.1  53.6  36.3  30.6  23.5  41.3
 1953   18.3  23.0  30.0  36.2  50.8  64.2  65.2  63.6  53.0  47.3  32.5  22.2  42.2
 1954   12.5  28.6  25.6  43.6  45.8  64.3  68.5  64.8  57.3  44.9  34.0  24.0  42.8
 1955   15.5  16.5  27.1  47.0  52.7  57.9  70.0  65.4  56.0  43.8  23.0  15.3  40.9
 1956   14.1  18.9  27.1  37.2  53.3  64.0  63.6  64.3  53.0  49.4  30.2  21.6  41.4
 1957    9.0  24.3  27.4  41.5  51.4  60.4  69.0  63.8  52.1  41.6  30.0  25.2  41.3
 1958   18.4   8.3  28.0  40.4  51.8  58.0  63.4  63.7  56.1  44.1  33.4  15.1  40.0
 1959    8.6  18.0  29.0  40.2  54.6  61.6  62.2  68.4  56.2  41.6  23.3  28.7  41.0
 1960   16.1  13.7  15.5  43.0  50.1  58.8  63.4  64.8  56.9  44.1  31.7  18.5  39.7
 1961   13.2  23.2  31.8  36.1  48.0  59.4  64.3  63.6  53.8  45.5  31.9  15.4  40.5
 1962    7.0  17.8  23.1  38.6  58.6  61.2  64.1  62.8  52.1  47.5  33.1  18.3  40.4
 1963    4.6  12.9  32.6  44.3  51.2  62.8  65.6  61.3  55.3  52.9  33.8   6.0  40.3
 1964   20.5  21.4  24.7  41.4  57.1  60.8  66.5  58.6  54.8  38.4  33.6  16.5  41.2
 1965   11.4  14.7  16.3  41.2  56.6  61.1  64.3  61.1  54.0  43.0  33.1  29.2  40.5
 1966    8.2  17.8  32.2  38.4  47.6  61.0  69.1  61.2  53.4  44.3  32.4  20.3  40.5
 1967   18.3  15.5  31.7  44.2  47.1  61.1  62.3  60.5  53.3  45.3  30.8  24.0  41.2
 1968   15.1  15.4  33.9  42.6  49.1  63.8  65.7  65.3  55.6  45.5  29.3  17.7  41.6
 1969   11.9  22.3  22.5  43.4  52.9  56.7  67.8  64.6  55.6  43.0  30.9  20.1  41.0
 1970    7.7  18.6  26.2  42.2  55.2  61.7  65.4  64.4  56.1  45.0  30.7  21.0  41.2
 1971    9.1  17.5  27.2  41.2  48.3  65.8  62.2  61.7  58.0  50.2  33.6  25.3  41.7
 1972   11.9  14.2  27.8  38.8  52.5  57.8  64.1  63.9  56.4  41.2  30.2  14.1  39.4
 1973   16.6  22.4  37.8  39.9  48.8  61.3  64.6  63.7  55.6  47.5  31.4  15.1  42.1
 1974   13.3  19.4  31.3  43.7  50.8  57.0  66.7  59.4  47.4  42.1  31.2  22.2  40.4
 1975   17.8  16.4  22.4  36.2  51.9  60.3  65.6  64.7  51.4  44.3  36.2  22.9  40.8
 1976   13.5  27.3  32.6  43.8  47.9  58.8  64.4  60.2  52.4  38.1  23.4  12.3  39.6
 1977    1.8  19.3  35.4  45.7  57.1  61.0  67.3  60.9  56.5  43.6  31.3  16.6  41.4
 1978    4.4   5.7  23.8  41.7  51.3  59.7  65.8  63.4  59.9  42.4  32.1  18.5  39.1
 1979    1.5   6.5  28.3  38.2  49.9  59.9  63.8  64.1  54.1  44.4  31.0  24.0  38.8
 1980   17.8  14.8  26.5  40.3  51.6  60.0  68.9  67.0  56.2  40.0  32.3  20.7  41.3
 1981   17.6  21.4  32.5  47.2  48.6  62.2  66.3  62.4  55.2  42.9  35.1  17.2  42.4
 1982    6.0  15.8  26.7  37.4  55.8  56.6  65.2  63.1  55.0  44.2  31.3  25.9  40.2
 1983   21.0  25.3  31.9  36.3  47.7  60.7  67.8  68.8  54.6  44.5  34.2   5.2  41.5
 1984   14.2  27.3  24.7  40.3  47.3  62.0  62.9  63.1  51.8  43.9  29.5  19.6  40.6
 1985    5.4  13.6  30.6  43.3  52.6  56.9  64.0  60.3  56.7  44.7  26.5   5.9  38.4
 1986   19.0  16.5  33.9  43.2  52.5  63.4  68.3  58.9  59.5  45.2  26.2  24.6  42.6
 1987   19.1  26.1  34.0  43.2  54.7  62.7  67.8  63.2  54.4  37.9  37.6  25.6  43.9
 1988   12.5  11.9  27.8  38.6  52.3  61.4  64.2  67.2  55.4  36.8  31.8  20.0  40.0
 1989   24.9   7.5  28.4  39.9  47.8  57.1  65.4  61.9  51.4  43.2  27.2   7.1  38.5
 1990   24.9  22.4  33.9  40.1  48.1  62.5  65.1  64.2  57.7  42.7  34.7  15.4  42.6
 1991    9.4  24.0  32.1  43.7  57.5  63.1  65.0  62.8  54.2  42.5  23.8  23.4  41.8
 1992   22.8  27.6  33.2  39.4  48.6  54.9  62.0  57.0  52.9  43.1  30.5  20.5  41.1
 1993   16.0  15.8  26.6  38.2  52.6  59.2  65.5  65.5  49.5  42.4  29.3  21.0  40.1
 1994    7.2  13.7  29.4  39.6  49.2  61.9  62.1  60.5  54.1  45.8  33.7  25.1  40.2
 1995   14.3  19.3  30.0  37.4  48.6  61.5  65.1  68.1  51.3  42.9  23.7  19.2  40.1
 1996   10.2  16.8  22.6  37.6  50.3  60.6  61.6  61.5  51.9  44.2  26.1  17.5  38.4
 1997    9.7  21.4  30.5  36.2  45.5  59.3  64.9  61.7  54.5  41.1  27.9  22.9  39.6
 1998   19.2  30.4  26.5  41.4  55.1  59.0  65.7  65.1  57.8  43.8  34.0  22.5  43.4
 MEANS  13.4  18.7  28.4  40.7  51.3  60.6  65.2  63.1  54.5  43.6  30.6  19.3  40.8
 
 THESE ARE THE MONTHLY AVG. MEAN TEMPS 1951-1998 FOR STATION # 112
 YEAR    JAN   FEB  MARCH APRIL  MAY  JUNE  JULY AUGUST SEPT   OCT   NOV   DEC   ANN
  
 1951   22.2  27.3  30.4  46.8  63.3  66.4  74.6  73.5  62.2  55.0  34.7  23.5  48.3
 1952   26.3  34.4  35.3  52.1  61.9  76.7  76.6  72.2  67.7  51.4  41.5  30.5  52.2
 1953   26.5  32.7  39.7  46.7  62.1  75.9  77.6  77.0  68.4  61.1  44.7  31.9  53.7
 1954   23.5  39.7  35.9  55.7  58.0  75.4  81.2  75.0  69.9  54.8  44.1  31.8  53.7
 1955   23.9  26.0  38.4  58.5  64.5  68.8  81.6  78.3  69.3  55.8  33.9  25.4  52.0
 1956   23.1  28.2  38.3  50.3  66.3  76.8  75.6  75.2  66.9  62.8  40.2  30.8  52.9
 1957   18.4  33.0  38.0  51.3  61.6  71.3  80.2  75.4  63.8  52.5  38.1  34.5  51.5
 1958   26.0  18.6  36.6  52.2  64.9  68.7  72.4  74.5  66.8  57.1  44.0  25.2  50.6
 1959   17.9  26.9  38.5  50.8  65.0  72.8  73.9  78.1  66.4  51.6  33.1  35.2  50.8
 1960   24.1  21.8  24.6  53.3  61.6  69.2  74.8  76.0  68.8  56.0  42.9  27.9  50.1
 1961   24.0  32.6  39.8  46.3  59.6  72.1  75.2  74.9  64.8  57.0  40.5  23.5  50.9
 1962   16.5  25.0  32.7  50.5  70.3  71.6  74.2  74.4  64.1  57.3  42.4  27.7  50.6
 1963   13.1  22.7  42.9  55.3  62.0  75.7  76.2  71.5  65.8  65.2  43.9  15.6  50.8
 1964   30.2  31.4  35.0  51.9  67.3  70.7  76.7  70.1  64.7  51.6  43.8  25.0  51.5
 1965   21.5  24.8  24.6  51.0  66.8  70.2  74.2  72.3  63.3  55.0  43.7  38.0  50.4
 1966   17.3  28.4  44.0  49.0  60.0  70.9  79.6  71.6  63.8  55.9  42.3  27.8  50.9
 1967   27.7  25.6  42.4  53.7  58.4  70.7  73.3  71.5  64.4  54.2  38.6  31.2  51.0
 1968   23.5  25.5  45.5  53.9  59.7  74.3  75.9  75.3  65.9  55.6  37.3  25.0  51.4
 1969   19.6  28.7  32.6  53.9  63.5  67.9  77.3  75.3  66.4  52.7  41.0  26.5  50.5
 1970   16.0  30.2  34.8  53.4  66.6  72.1  77.4  74.5  66.1  54.1  39.2  29.9  51.2
 1971   18.2  25.2  36.7  54.0  59.9  77.3  73.5  73.9  69.9  61.2  42.3  31.9  52.0
 1972   21.7  25.2  39.7  51.1  63.5  70.4  75.0  74.5  67.5  52.2  36.7  22.3  50.0
 1973   24.8  31.1  46.3  49.6  59.9  72.3  75.1  74.7  65.5  59.6  41.2  23.9  52.0
 1974   22.3  30.0  42.1  55.5  61.4  68.0  79.0  70.4  60.6  54.8  40.0  29.6  51.2
 1975   26.0  23.8  31.3  47.5  64.2  71.1  77.1  76.4  62.6  57.9  46.0  31.3  51.3
 1976   24.6  38.6  42.9  55.9  59.9  70.9  76.4  72.7  65.5  49.7  34.7  23.6  51.3
 1977   12.0  30.4  45.9  57.9  68.5  73.4  80.3  72.1  66.9  53.6  40.1  24.4  52.1
 1978   13.5  16.1  33.9  52.4  61.2  71.8  75.9  74.3  71.5  53.8  41.0  26.4  49.3
 1979    9.9  16.3  37.7  48.2  62.4  71.7  74.5  75.1  67.9  56.7  39.8  33.7  49.5
 1980   25.0  23.4  36.4  52.5  64.6  71.3  80.7  78.5  67.8  52.5  42.5  29.5  52.1
 1981   28.0  32.5  44.0  59.4  60.2  73.3  75.2  73.0  67.4  54.6  44.1  25.0  53.1
 1982   16.6  25.1  36.9  48.2  66.0  67.1  75.8  72.7  64.7  55.3  40.8  34.0  50.3
 1983   28.3  33.8  40.5  45.4  58.9  71.9  80.1  82.5  67.2  54.0  42.4  12.5  51.5
 1984   23.5  37.0  32.3  49.3  58.5  72.5  74.2  74.2  63.9  54.3  40.1  29.7  50.8
 1985   16.6  22.9  42.1  55.7  63.9  68.1  75.4  70.6  66.3  53.8  33.6  15.7  48.7
 1986   28.1  23.4  44.5  55.5  62.5  73.9  77.5  68.9  68.4  54.4  35.6  30.2  51.9
 1987   27.4  36.8  44.1  55.9  66.4  73.8  78.5  72.7  65.2  49.5  45.2  32.1  54.0
 1988   22.7  22.2  40.5  51.9  65.6  74.5  77.9  78.8  67.7  48.2  41.5  30.4  51.8
 1989   34.5  17.0  39.1  52.5  60.4  68.3  75.7  73.0  62.3  55.1  38.7  16.9  49.5
 1990   34.5  32.9  43.6  51.0  58.2  71.8  74.3  73.7  68.7  54.1  45.8  24.3  52.7
 1991   18.3  34.2  43.8  54.4  66.7  73.6  75.6  74.1  66.0  53.4  32.5  31.6  52.0
 1992   31.6  35.7  43.1  50.1  61.0  68.3  71.5  67.5  63.0  53.5  36.0  27.8  50.8
 1993   23.5  22.3  34.6  48.2  62.5  69.1  73.8  74.4  60.0  52.6  38.1  29.8  49.1
 1994   15.9  23.6  41.4  52.9  61.4  72.1  72.6  72.1  65.8  55.7  42.7  32.8  50.7
 1995   21.7  29.3  40.7  48.6  58.1  70.4  75.6  78.7  63.0  53.8  34.3  26.7  50.1
 1996   20.2  26.4  34.0  50.7  59.0  70.3  72.6  72.2  63.2  55.5  33.6  25.6  48.6
 1997   19.7  28.9  42.1  47.0  56.7  70.3  75.3  71.5  65.8  52.3  35.9  28.8  49.5
 1998   27.0  37.4  34.1  50.5  64.6  68.2  75.2  74.3  68.9  54.3  42.9  32.0  52.5
 MEANS  22.4  28.0  38.4  51.8  62.5  71.5  76.1  74.0  65.9  54.9  40.0  27.7  51.1
 
 THESE ARE THE MONTHLY PRECIP TOTALS AND NUMBER OF MISSING DAYS 1951-1998 FOR STATION # 112
 YEAR    JAN   FEB  MARCH APRIL  MAY  JUNE  JULY AUGUST SEPT   OCT   NOV   DEC   ANN
  
 1951   0.78  1.79  5.73  3.79  5.53  8.20  2.66  6.18  1.75  4.46  1.29  1.24 43.40
           0     0     0     0     0     0     0     0     0     0     0     0     0
 1952   0.73  1.11  3.68  2.15  5.02  7.67  3.23  5.46  1.25  0.06  5.34  1.81 37.51
           0     0     0     0     0     0     0     0     0     0     0     0     0
 1953   0.62  1.79  4.38  2.11  1.80  4.15  1.19  0.43  1.04  0.26  0.45  1.34 19.56
           0     0     0     0     0     0     0     0     1     0     0     0     1
 1954   0.20  0.82  2.19  5.97  2.73  3.94  0.72  7.42  1.45  5.54  0.31  0.62 31.91
           0     0     0     0     0     0     0     0     0     0     0     0     0
 1955   2.18  1.87  1.28  4.17  4.62  2.35  4.31  3.23  3.19  0.58  0.41  0.25 28.44
           0     0     0     0     0     0     0     0     0     0     0     0     0
 1956   0.28  1.09  0.76  1.18  1.81  2.44  6.16  8.18  0.88  0.38  1.12  0.62 24.90
           0     0     0     0     0     0     0     0     0     0     0     0     0
 1957   0.80  0.17  2.57  6.40  2.98  4.25  5.10  1.33  3.76  2.05  2.19  1.72 33.32
           0     0     0     0     0     0     0     0     0     0     0     0     0
 1958   1.13  0.73  0.44  1.53  2.10  3.65 12.62  4.63  4.05  1.17  1.97  0.19 34.21
           0     0     0     0     0     0     0     0     0     0     0     0     0
 1959   1.46  1.55  4.16  4.96  6.38  2.34  4.03  2.99  5.65  3.72  0.71  2.26 40.21
           0     0     0     0     0     0     0     0     0     0     0     0     0
 1960   3.17  2.22  2.50  4.67  9.54  5.89  2.42  3.35  2.01  3.95  1.70  0.57 41.99
           0     0     0     0     0     0     0     0     0     0     0     0     0
 1961   0.43  1.50  5.32  1.49  1.32  1.23  7.48  1.36 10.51  2.17  8.40  1.86 43.07
           0     0     0     0     0     0     0     0     0     0     0     0     0
 1962   1.32  2.42  0.93  1.40  8.02  2.97  5.26  5.23  1.54  4.87  1.42  0.42 35.80
           0     0     0     0     0     0     0     0     0     0     0     0     0
 1963   0.79  0.63  3.98  2.06  3.49  1.23  4.66  3.43  2.61  1.17  2.10  0.55 26.70
           0     0     0     0     0     0     0     0     0     0     0     0     0
 1964   0.63  0.00  1.68  4.87  2.33  6.70  3.20  3.17  4.32  0.11  1.11  1.12 29.24
           0    29     0     0     0     0     0     0     0     0     0     0    29
 1965   2.85  1.15  2.53  6.55  4.26  5.06  2.36  4.46 10.05  1.58  1.76  2.48 45.09
           0     0     0     0     0     0     0     0     0     0     0     0     0
 1966   1.13  0.51  1.00  2.81  5.89  5.10  3.15  1.51  2.53  1.54  0.80  1.29 27.26
           0     0     0     0     0     0     0     0     0     0     0     0     0
 1967   1.42  1.04  2.93  5.94  5.02 10.59  1.28  0.81  3.89  6.86  0.71  1.47 41.96
           0     0     0     0     0     0     0     0     0     0     0     0     0
 1968   0.82  0.39  1.85  5.75  2.26  2.17  3.13  2.09  4.90  2.53  4.58  1.21 31.68
           0     0     0     0     0     0     0     0     0     0     0     0     0
 1969   2.15  0.92  1.57  5.06  4.27  3.96  4.74  2.37  2.69  3.11  0.01  1.21 32.06
           0     0     0     0     0     0     0     0     0     0     0     0     0
 1970   0.32  0.14  0.00  4.00  2.40  3.81  3.80  6.03  9.43  5.04  1.14  1.89 38.00
           0     0    31     0     0     0     0     0     0     0     0     0    31
 1971   1.63  1.63  0.85  1.29  2.23  1.37  3.87  1.50  3.50  3.41  3.40  2.51 27.19
           0     0     0     0     0     0     0     0     0     0     0     0     0
 1972   0.65  0.57  1.38  3.98  4.81  4.02  3.86  5.88  5.22  1.84  2.91  1.59 36.71
           0     0     0     0     0     0     0     0     0     0     0     0     0
 1973   2.47  1.52  4.54  5.93  7.75  5.43  8.67  3.81  8.87  3.07  1.27  2.85 56.18
           0     0     0     0     0     0     0     0     0     0     0     0     0
 1974   2.54  0.95  3.06  2.39  9.22  5.17  3.33  4.03  1.89  3.28  1.72  1.31 38.89
           0     0     0     0     0     0     0     0     0     0     0     0     0
 1975   1.09  1.33  2.19  3.31  3.72  4.70  0.41  3.50  3.23  0.03  4.80  1.01 29.32
           0     0     0     0     0     0     0     0     0     0     0     0     0
 1976   0.34  1.99  3.47  7.18  6.33  4.93  4.06  1.62  2.01  2.41  0.22  0.13 34.69
           0     0     0     0     0     0     0     0     0     0     0     0     0
 1977   0.72  0.64  4.48  1.77  3.63  2.48  4.10 12.64  5.25  4.07  1.09  0.94 41.81
           0     0     0     0     0     0     0     0     0     0     0     0     0
 1978   0.51  1.30  1.10  5.53  4.94  5.77  7.74  2.96  6.32  2.09  3.62  1.09 42.97
           0     0     0     0     0     0     0     0     0     0     0     0     0
 1979   2.50  0.66  4.96  3.22  2.57  4.17  2.92  2.45  1.60  3.66  1.91  0.45 31.07
           0     0     0     0     0     0     0     0     0     0     0     0     0
 1980   1.72  0.90  2.30  2.63  0.72  8.86  2.52  6.05  5.06  2.97  0.83  3.48 38.04
           0     0     0     0     0     0     0     0     0     0     0     0     0
 1981   0.02  2.56  0.74  4.78  2.02  4.68  9.71  2.24  2.16  3.05  4.42  0.00 36.38
           0     0     0     0     0     0     0     0     0     0     0    31    31
 1982   0.00  0.00  0.00  0.00  5.26  7.27 18.33  5.02  4.55  2.15  2.73  3.38 48.69
          31    28    31    30     0     0     0     0     0     0     0     0   120
 1983   0.51  1.04  2.83  4.45  3.13  4.10  0.81  2.40  4.92  4.00  6.53  1.58 36.30
           0     0     0     0     0     0     0     0     0     0     0     0     0
 1984   0.48  0.84  2.59  5.69  4.51  4.98  3.21  0.00  0.00  0.00  0.00  0.00 22.30
          17     0     0     0     0     0     8    31    30    31    30    31   178
 1985   0.00  0.00  0.00  0.00  3.60  2.77  4.44  2.50  5.62  4.33  2.82  1.56 27.64
          31    28    31    30     0     0     0     0     0     0     0     0   120
 1986   0.06  0.99  2.00  2.11 10.57  3.07  6.10  4.97  9.42  3.07  1.06  0.97 44.39
           0     0     0     0     0     0     0     0     0     0     0     0     0
 1987   0.40  1.87  2.12  1.50  3.52  2.05  3.78  8.83  2.01  1.38  4.92  2.80 35.18
           0     0     0     0     0     0     0     0     0     0     0     0     0
 1988   0.28  0.65  0.90  0.91  2.60  1.81  1.32  3.74  3.71  0.34  3.65  0.40 20.31
           0     0     0     0     0     0     0     0     0     0     0     0     0
 1989   1.05  0.73  0.40  1.58  4.25  3.26  4.44  4.19  7.81  2.66  0.08  0.52 30.97
           0     0     0     0     0     0     0     0     0     0     0     0     0
 1990   2.00  1.07  4.22  2.67  7.26  7.93  7.04  2.30  2.00  3.04  2.34  1.98 43.85
           0     0     0     0     0     0     0     0     0     0     0     0     0
 1991   0.81  0.43  3.80  5.64  5.90  2.61  2.55  2.63  2.27  2.52  5.81  1.91 36.88
           0     0     0     0     0     0     0     0     0     0     0     0     0
 1992   0.76  2.03  1.92  4.35  1.01  0.85 10.58  1.44 10.77  1.11  5.36  1.63 41.81
           0     0     0     0     0     0     0     0     0     0     0     0     0
 1993   1.33  1.15  2.55  4.83  4.85  4.76 12.24  4.45  4.19  0.54  1.26  0.57 42.72
           0     0     0     0     0     0     0     0     0     0     0     0     0
 1994   0.40  2.21  0.44  2.15  2.25  5.47  5.54  1.75  3.34  2.21  3.78  1.38 30.92
           0     0     0     0     0     0     0     0     0     0     0     0     0
 1995   0.98  0.71  2.36  5.22  8.12  5.79  2.54  1.86  2.68  2.30  2.49  0.40 35.45
           0     0     0     0     0     0     0     0     0     0     0     0     0
 1996   3.27  0.60  1.79  1.83 10.50  2.70  1.48  2.28  3.63  2.51  2.11  0.24 32.94
           0     0     0     0     0     0     0     0     0     0     0     0     0
 1997   1.05  3.51  1.44  3.00  5.72  3.20  3.56  4.31  2.37  5.09  1.14  1.57 35.96
           0     0     0     0     0     0     0     0     0     0     0     0     0
 1998   1.03  1.92  4.38  5.04  5.60  7.70  5.62  4.97  4.21  6.28  2.11  0.41 49.27
           0     0     0     0     0     0     0     0     0     0     0     0     0
 
 MEANS  1.08  1.16  2.34  3.54  4.55  4.37  4.71  3.71  4.09  2.60  2.33  1.27 35.73
 PRECIPITATION MEANS AND TOTALS ARE BASED ON DATA AVAILABLE
 NO ATTEMPT WAS MADE TO ESTIMATE MISSING PRECIPITATION DATA
 *****************************************************************************************
 *****************************************************************************************
 
 THESE ARE THE MONTHLY HEATING DEGREE DAYS 1951-1998 FOR STATION # 112
 YEAR    JAN    FEB   MARCH  APRIL   MAY    JUNE   JULY  AUGUST  SEPT   OCT   NOV   DEC
 
 1951  1326.5 1055.5 1073.0  564.5  117.0   54.5    0.0    4.5  123.0  350.5  908.5 1285.5
 1952  1199.0  886.5  921.0  411.0  157.5    0.5    0.0    5.0   55.5  427.5  704.0 1071.0
 1953  1193.5  903.5  784.0  550.5  175.0    3.0    0.0    0.0   44.5  203.0  611.0 1027.5
 1954  1287.5  707.5  901.5  306.5  250.5   41.0    0.0    0.0   29.0  346.5  626.0 1030.0
 1955  1274.5 1091.5  826.0  212.0   86.0   42.5    0.0    0.0   55.0  295.5  932.0 1228.0
 1956  1299.5 1067.5  828.5  454.5   91.5   11.0    0.0   10.0   64.5  117.0  744.5 1060.5
 1957  1444.0  897.0  836.0  428.5  145.0   10.0    0.0    0.0   82.5  386.5  806.0  947.0
 1958  1207.5 1299.5  881.5  392.5   86.0   27.5    3.5   19.0   60.5  275.5  629.0 1234.5
 1959  1459.0 1068.0  820.5  430.0  113.0    7.0    5.5    0.5   99.0  415.5  957.0  925.0
 1960  1266.5 1253.0 1253.5  377.5  153.5   19.0    0.0    0.0   55.0  297.0  662.5 1149.0
 1961  1270.5  906.5  781.5  560.5  202.5    6.0    0.0    1.5  130.0  262.5  735.5 1286.5
 1962  1504.0 1120.5 1002.5  450.5   28.0   20.5    1.5    0.0  111.0  287.5  678.5 1157.5
 1963  1607.5 1184.0  685.0  307.5  140.0    0.5    0.0   19.5   63.0   89.0  632.0 1531.0
 1964  1078.5  974.0  931.5  398.5   63.0   25.5    1.0   29.0  111.0  416.5  636.5 1238.5
 1965  1350.0 1126.0 1251.0  433.0   80.5    2.0    0.0   18.0  126.0  316.5  641.5  836.5
 1966  1479.5 1025.5  653.0  482.0  213.0   12.5    0.0   10.0  112.0  296.5  682.0 1154.5
 1967  1157.5 1103.0  707.5  358.0  270.5   13.5   13.0   13.0   86.0  371.5  791.5 1047.0
 1968  1288.0 1145.0  605.5  336.0  191.5   15.0    1.0    2.5   54.5  329.0  832.5 1240.0
 1969  1408.5 1017.0 1003.0  333.0  136.0   44.0    0.0    0.0   49.0  416.0  720.5 1193.0
 1970  1518.5  975.5  937.0  381.0   80.5   15.0    1.5    0.0   88.5  346.0  774.5 1087.0
 1971  1451.0 1114.0  877.5  346.0  196.0    0.0    8.5    2.0   82.5  154.5  680.5 1026.5
 1972  1342.0 1154.0  784.5  420.0  143.0   19.5    5.0    6.5   83.0  405.0  848.0 1323.0
 1973  1246.0  949.5  579.5  461.0  174.5    0.0    0.0    1.0   66.5  190.5  713.5 1273.0
 1974  1323.5  979.5  710.0  301.0  165.5   41.0    0.0    5.0  176.0  318.0  748.5 1096.0
 1975  1208.5 1152.5 1043.5  524.5  102.0   18.0    2.0    0.0  142.5  256.0  570.5 1045.5
 1976  1252.0  765.0  686.5  292.0  179.0    6.0    0.0    1.5   75.0  506.5  909.5 1284.0
 1977  1644.5  968.0  591.5  253.0   31.0    6.5    0.0    2.0   32.5  352.0  746.5 1259.0
 1978  1595.0 1368.0  967.5  378.5  196.0    8.5    0.0    2.5   40.5  353.0  721.5 1197.5
 1979  1709.5 1362.5  847.0  504.5  151.5    9.5    3.0    6.5   43.0  280.5  755.0  971.0
 1980  1239.5 1207.0  887.0  399.5   99.5    9.5    0.0    0.0   75.0  395.5  674.5 1102.0
 1981  1148.0  910.5  654.0  207.5  191.0    0.0   10.5    6.0   50.0  327.0  627.0 1240.5
 1982  1500.0 1118.0  870.5  503.0   50.5   31.5    0.0   10.5  119.5  315.5  726.0  962.5
 1983  1138.0  874.5  759.5  588.5  202.5   15.5    0.0    0.0   92.0  357.5  678.0 1626.5
 1984  1287.0  811.5 1014.5  480.5  214.5    0.5    2.0    6.5  155.0  337.5  747.0 1094.0
 1985  1501.0 1179.0  711.0  318.0   74.5   30.0    0.0    5.0  143.0  347.0  943.0 1528.0
 1986  1144.0 1164.0  645.5  317.0  120.5    1.5    0.0   23.0   41.5  327.5  881.5 1077.5
 1987  1167.0  791.0  648.5  301.5   75.5    8.0    2.0   24.5   56.5  481.5  597.0 1020.5
 1988  1310.0 1240.0  759.0  392.5   52.0   10.5    2.0    8.5   34.0  522.5  705.0 1071.5
 1989   945.0 1344.0  809.5  413.0  194.0   31.0    0.0    4.0  139.5  329.5  790.0 1490.5
 1990   946.0  899.0  664.0  444.0  217.0   23.0    1.5    2.5   79.0  355.0  579.5 1262.5
 1991  1447.0  862.0  666.0  337.5   98.5    3.0    0.0    2.5  132.0  381.0  976.5 1036.5
 1992  1036.0  850.0  678.5  455.5  175.0   19.5    1.5   39.0  131.5  371.5  871.5 1153.5
 1993  1285.5 1195.5  942.5  504.0  111.0   52.5    0.0    5.0  189.5  401.5  806.0 1091.5
 1994  1523.5 1159.0  732.0  390.0  162.5   19.0    0.0   10.0   88.0  309.0  668.5  997.5
 1995  1342.5 1000.5  754.0  492.5  217.5   10.0    7.5    0.0  141.0  358.0  919.5 1187.0
 1996  1388.5 1120.0  962.0  437.0  236.0   30.0    2.0    0.5  124.0  310.5  943.0 1221.5
 1997  1405.0 1010.0  709.0  541.0  267.0   17.5    5.5    4.5   72.0  446.0  873.0 1121.5
 1998  1178.0  772.0  964.5  436.0   95.0   69.0    0.0    0.0   44.0  334.0  662.5 1023.0
 *****************************************************************************************
 MEANS 1319.2 1044.3  825.0  408.5  145.3   17.9    1.7    6.5   88.5  334.8  751.4 1156.5
 
 THESE ARE THE MONTHLY COOLING DEGREE DAYS 1951-1998 FOR STATION # 112
 YEAR    JAN   FEB  MARCH APRIL  MAY  JUNE  JULY AUGUST SEPT   OCT   NOV   DEC   ANN
 
 1951    0.0   0.0   0.0  18.0  63.0  98.0 299.0 267.0  39.5  40.5   0.0   0.0
 1952    0.0   0.0   0.0  25.0  61.5 351.5 360.5 228.0 135.0   6.5   0.0   0.0
 1953    0.0   0.0   0.0   2.5  84.0 330.5 390.0 371.5 148.0  83.0   1.0   0.0
 1954    0.0   0.0   0.0  28.0  32.5 354.0 502.0 309.0 175.0  30.5   0.0   0.0
 1955    0.0   0.0   0.0  17.0  69.0 158.0 513.5 411.0 184.0   9.0   0.0   0.0
 1956    0.0   0.0   0.0  14.0 132.5 366.0 328.0 326.5 123.0  49.5   0.0   0.0
 1957    0.0   0.0   0.0  18.0  39.5 198.0 472.5 321.5  46.5   0.0   0.0   0.0
 1958    0.0   0.0   0.0   7.5  83.0 137.0 233.0 313.5 114.0  30.5   0.5   0.0
 1959    0.0   0.0   0.0   3.0 111.5 240.5 280.5 408.0 142.0   0.0   0.0   0.0
 1960    0.0   0.0   0.0  27.0  47.5 144.0 305.0 342.5 169.0  17.5   0.0   0.0
 1961    0.0   0.0   0.0   0.0  34.0 218.0 317.5 307.5 122.5  14.5   0.0   0.0
 1962    0.0   0.0   0.0  16.0 193.5 217.5 288.0 292.5  82.5  49.0   0.0   0.0
 1963    0.0   0.0   0.0  17.0  47.0 320.5 346.0 222.5  86.0  95.0   0.0   0.0
 1964    0.0   0.0   0.0   6.0 133.0 197.5 363.0 188.5 102.0   0.0   0.5   0.0
 1965    0.0   0.0   0.0  14.0 135.5 157.0 286.5 243.0  75.0   5.5   1.5   0.0
 1966    0.0   0.0   1.0   1.5  58.0 191.0 452.0 215.0  75.0  14.5   0.0   0.0
 1967    0.0   0.0   7.5  18.5  65.0 183.0 270.0 215.0  68.5  36.0   0.0   0.0
 1968    0.0   0.0   0.0   2.0  28.5 293.5 338.0 321.5  82.0  38.5   0.0   0.0
 1969    0.0   0.0   0.0   0.0  91.0 132.5 382.5 319.5  91.0  34.0   0.0   0.0
 1970    0.0   0.0   0.0  33.5 130.5 226.5 384.5 293.0 120.0   8.5   0.0   0.0
 1971    0.0   0.0   0.0  15.5  37.5 370.5 272.0 278.0 230.0  37.5   0.0   0.0
 1972    0.0   0.0   0.0   2.0  96.0 182.0 314.0 302.0 159.0   8.0   0.0   0.0
 1973    0.0   0.0   0.0   0.0  15.5 220.5 314.5 301.0  81.5  22.5   0.0   0.0
 1974    0.0   0.0   0.0  17.5  52.5 132.0 433.0 173.5  44.5   0.5   0.0   0.0
 1975    0.0   0.0   0.0   0.0  76.5 202.0 377.0 352.0  69.5  36.5   0.0   0.0
 1976    0.0   0.0   0.0  18.5  21.5 183.0 353.0 239.5  90.5  31.0   0.0   0.0
 1977    0.0   0.0   0.0  40.5 139.0 259.0 474.5 221.0  91.0   0.0   0.0   0.0
 1978    0.0   0.0   2.0   0.0  77.5 214.0 338.0 292.0 236.0   5.5   1.0   0.0
 1979    0.0   0.0   0.0   0.0  71.0 209.5 297.5 321.0 130.0  24.5   0.0   0.0
 1980    0.0   0.0   0.0  25.5  86.0 200.0 488.0 417.5 160.5   7.0   0.0   0.0
 1981    0.0   0.0   3.0  40.5  41.5 249.0 328.0 254.5 123.0   5.5   0.0   0.0
 1982    0.0   0.0   0.0   0.0  83.0  95.0 336.0 248.5 110.0  15.0   0.0   0.0
 1983    0.0   0.0   0.0   0.0  13.0 223.0 468.5 542.0 159.0  18.0   0.0   0.0
 1984    0.0   0.0   0.0  10.0  14.0 226.0 288.0 292.5 121.0   4.5   0.0   0.0
 1985    0.0   0.0   0.0  40.0  39.0 123.5 321.5 178.0 182.0   0.5   0.0   0.0
 1986    0.0   0.0  11.0  31.5  42.5 267.5 388.5 142.5 143.0   0.0   0.0   0.0
 1987    0.0   0.0   0.0  28.5 119.0 273.0 419.5 262.5  62.5   0.0   4.0   0.0
 1988    0.0   0.0   0.0   0.0  71.0 294.5 401.5 436.5 113.5   1.0   0.0   0.0
 1989    0.0   0.0   7.5  38.5  50.5 129.5 331.5 253.0  60.0  22.0   0.0   0.0
 1990    0.0   0.0   2.0  23.5   5.0 228.0 291.0 272.5 188.5  16.5   4.0   0.0
 1991    0.0   0.0   8.5  18.5 150.0 259.5 330.0 285.5 161.5  21.5   0.0   0.0
 1992    0.0   0.0   0.0   8.5  51.5 119.0 202.5 116.0  73.0  15.0   0.0   0.0
 1993    0.0   0.0   0.0   0.0  34.0 175.0 272.0 297.0  40.0  17.5   0.0   0.0
 1994    0.0   0.0   1.0  26.5  49.5 231.0 235.5 230.0 111.5  21.0   0.0   0.0
 1995    0.0   0.0   0.0   0.0   4.5 173.5 336.0 425.5  80.0  10.5   0.0   0.0
 1996    0.0   0.0   0.0   7.5  50.0 190.0 238.0 222.5  71.0  15.0   0.0   0.0
 1997    0.0   0.0   0.0   0.0  11.0 175.0 324.5 205.5  95.0  51.5   0.0   0.0
 1998    0.0   0.0   6.5   1.0  84.0 166.0 317.0 288.0 161.5   3.5   0.0   0.0
 *****************************************************************************************
 MEANS   0.0   0.0   1.0  13.8  67.2 214.3 345.9 286.8 115.2  20.3   0.3   0.0
 
 THESE ARE THE HEAT STRESS VARIABLES 1951-1998 FOR STATION # 112
             # OF DAYS MAXT >86                           HEAT INDEX
 YEAR   MAY  JUNE  JULY   AUG  SEPT  TOTAL     MAY    JUNE   JULY   AUG    SEPT  TOTAL
 1951   0.0   1.0  14.0  10.0   2.0   27.0      0.0    2.0   63.0   46.0    3.0  114.0
 1952   4.0  20.0  18.0   9.0   9.0   60.0     12.0  127.0  116.0   33.0   34.0  322.0
 1953   4.0  18.0  21.0  19.0   8.0   70.0     26.0  101.0  159.0  160.0   78.0  524.0
 1954   1.0  18.0  27.0  14.0   9.0   69.0      2.0  132.0  268.0   88.0   58.0  548.0
 1955   2.0   3.0  27.0  23.0   8.0   63.0      4.0   13.0  226.0  180.0   72.0  495.0
 1956   7.0  22.0  17.0  17.0  11.0   74.0     36.0  152.0  122.0   76.0   43.0  429.0
 1957   0.0   8.0  25.0  14.0   1.0   48.0      0.0   31.0  188.0   95.0    4.0  318.0
 1958   2.0   5.0   3.0  17.0   3.0   30.0      6.0   31.0    3.0   97.0    8.0  145.0
 1959   0.0  10.0  11.0  20.0   6.0   47.0      0.0   40.0   44.0  128.0   30.0  242.0
 1960   1.0   3.0  15.0  18.0   9.0   46.0      1.0    8.0   78.0   83.0   78.0  248.0
 1961   0.0  11.0  15.0  14.0   6.0   46.0      0.0   55.0   71.0   71.0   29.0  226.0
 1962  12.0  10.0   9.0  15.0   3.0   49.0     38.0   31.0   44.0   80.0   16.0  209.0
 1963   2.0  20.0  16.0   7.0   3.0   48.0      8.0  129.0   57.0   35.0    5.0  234.0
 1964   4.0   7.0  18.0   8.0   4.0   41.0     11.0   20.0  103.0   53.0   14.0  201.0
 1965   0.0   1.0  10.0  14.0   1.0   26.0      0.0    4.0   45.0   69.0    3.0  121.0
 1966   5.0   8.0  22.0   8.0   2.0   45.0     15.0   22.0  155.0   21.0    3.0  216.0
 1967   6.0   3.0  11.0   5.0   0.0   25.0     21.0    4.0   57.0   12.0    0.0   94.0
 1968   2.0  18.0  12.0  15.0   0.0   47.0      4.0   66.0   54.0   88.0    0.0  212.0
 1969   1.0   6.0  17.0  14.0   1.0   39.0      2.0   16.0   76.0   52.0    2.0  148.0
 1970   2.0   8.0  21.0  13.0   5.0   49.0      6.0   33.0  155.0   50.0   12.0  256.0
 1971   0.0  21.0  13.0  15.0  14.0   63.0      0.0  118.0   53.0   81.0   68.0  320.0
 1972   2.0   9.0  18.0  15.0   6.0   50.0      2.0   41.0   69.0   98.0   24.0  234.0
 1973   0.0  10.0  15.0  16.0   1.0   42.0      0.0   27.0   59.0   53.0    2.0  141.0
 1974   0.0   6.0  24.0   7.0   0.0   37.0      0.0   20.0  181.0   22.0    0.0  223.0
 1975   4.0   9.0  24.0  17.0   3.0   57.0      5.0   24.0  120.0  116.0   28.0  293.0
 1976   0.0   9.0  15.0  13.0   5.0   42.0      0.0   16.0  105.0   55.0   12.0  188.0
 1977   2.0  15.0  27.0  10.0   0.0   54.0      2.0   66.0  237.0   29.0    0.0  334.0
 1978   3.0  12.0  14.0  13.0  13.0   55.0      9.0   46.0   66.0   45.0   52.0  218.0
 1979   0.0   6.0  14.0  15.0   9.0   44.0      0.0   13.0   43.0  102.0   21.0  179.0
 1980   5.0   9.0  25.0  23.0   9.0   71.0     14.0   38.0  227.0  152.0   28.0  459.0
 1981   0.0  10.0  10.0   8.0   7.0   35.0      0.0   30.0   59.0   24.0   14.0  127.0
 1982   0.0   1.0  19.0   8.0   3.0   31.0      0.0    3.0   57.0   34.0    5.0   99.0
 1983   0.0  10.0  28.0  28.0   9.0   75.0      0.0   28.0  212.0  319.0   42.0  601.0
 1984   0.0   3.0  13.0  13.0   6.0   35.0      0.0    8.0   68.0   60.0   33.0  169.0
 1985   1.0   5.0  16.0   6.0   9.0   37.0      1.0   23.0   59.0   22.0   42.0  147.0
 1986   0.0  10.0  19.0   2.0   0.0   31.0      0.0   30.0   69.0    3.0    0.0  102.0
 1987   0.0  13.0  21.0  10.0   0.0   44.0      0.0   59.0  137.0   52.0    0.0  248.0
 1988   3.0  17.0  27.0  19.0   5.0   71.0      6.0  118.0  194.0  188.0   14.0  520.0
 1989   2.0   3.0  12.0   8.0   0.0   25.0      4.0    7.0   85.0   26.0    0.0  122.0
 1990   0.0   8.0   9.0  10.0   9.0   36.0      0.0   22.0   48.0   44.0   39.0  153.0
 1991   3.0   9.0  15.0  14.0   6.0   47.0      3.0   41.0   91.0   66.0   19.0  220.0
 1992   0.0   4.0   4.0   4.0   0.0   12.0      0.0    7.0   12.0    9.0    0.0   28.0
 1993   0.0   2.0   7.0  11.0   1.0   21.0      0.0    3.0   18.0   31.0    3.0   55.0
 1994   0.0  10.0   8.0   8.0   4.0   30.0      0.0   22.0   22.0   33.0   12.0   89.0
 1995   0.0   5.0  14.0  23.0   3.0   45.0      0.0   15.0   79.0  128.0    6.0  228.0
 1996   2.0   8.0   8.0   9.0   0.0   27.0      3.0   23.0   25.0   19.0    0.0   70.0
 1997   0.0   6.0  15.0   8.0   3.0   32.0      0.0   12.0   88.0   30.0    8.0  138.0
 1998   2.0   6.0  10.0   9.0   5.0   32.0      4.0   20.0   39.0   27.0   18.0  108.0
 *****************************************************************************************
 MEANS  1.8   9.1  16.1  12.8   4.6   44.4      5.1   39.5   96.0   70.5   20.5  231.6
