 
 THIS IS FOR STATION NUMBER 1541 1951-> 1998
                                 # OF PRECIPITATION EVENTS - % IN PARENS
 CL                   MAX   MEAN  0.01-  0.26-  0.51-  1.01-          # OF DAYS
 WK    TIME PERIOD    VAL   RAIN    0.25   0.51   1.00   2.00  >2.01 MISSING TOTAL
  1 3/1-->3/7        1.43   0.39  43(57) 17(22) 14(18)  1( 1)  0( 0)    7       75
  2 3/8-->3/14       1.90   0.45  55(68) 11(13)  9(11)  5( 6)  0( 0)    7       80
  3 3/15-->3/21      1.29   0.42  60(68) 14(16) 10(11)  3( 3)  0( 0)    7       87
  4 3/22-->3/28      2.60   0.51  51(61) 18(21)  9(10)  4( 4)  1( 1)    7       83
  5 3/29-->4/4       1.75   0.57  64(64) 18(18) 12(12)  5( 5)  0( 0)    7       99
  6 4/5-->4/11       1.77   0.42  52(60) 26(30)  7( 8)  1( 1)  0( 0)    7       86
  7 4/12-->4/18      2.68   0.69  64(58) 23(20) 17(15)  5( 4)  1( 0)    7      110
  8 4/19-->4/25      2.25   0.77  53(50) 25(23) 22(20)  5( 4)  1( 0)    7      106
  9 4/26-->5/2       3.48   0.92  59(54) 23(21) 16(14)  8( 7)  3( 2)    7      109
 10 5/3-->5/9        2.00   0.73  54(51) 27(25) 18(17)  4( 3)  1( 0)    7      104
 11 5/10-->5/16      2.34   0.88  64(52) 33(27) 15(12)  6( 4)  3( 2)    7      121
 12 5/17-->5/23      2.34   0.84  63(55) 23(20) 19(16)  6( 5)  2( 1)    7      113
 13 5/24-->5/30      2.00   1.15  72(51) 31(22) 22(15) 14(10)  1( 0)    7      140
 14 5/31-->6/6       2.92   0.78  56(54) 23(22) 13(12)  9( 8)  1( 0)    7      102
 15 6/7-->6/13       4.22   1.13  53(48) 18(16) 22(20) 15(13)  2( 1)    7      110
 16 6/14-->6/20      2.49   1.14  61(51) 19(15) 20(16) 17(14)  2( 1)    7      119
 17 6/21-->6/27      5.15   1.34  41(39) 30(28) 15(14) 13(12)  6( 5)    7      105
 18 6/28-->7/4       2.75   0.98  54(54) 16(16) 15(15)  9( 9)  6( 6)    7      100
 19 7/5-->7/11       5.16   1.15  49(46) 19(18) 21(20) 11(10)  5( 4)    5      105
 20 7/12-->7/18      5.28   1.23  52(48) 13(12) 26(24) 11(10)  5( 4)    0      107
 21 7/19-->7/25      2.38   0.75  61(60) 15(14) 15(14)  8( 7)  2( 1)    0      101
 22 7/26-->8/1       4.75   0.81  38(45) 17(20) 22(26)  6( 7)  1( 1)    0       84
 23 8/2-->8/8        2.23   0.86  53(51) 20(19) 16(15) 12(11)  1( 0)    0      102
 24 8/9-->8/15       2.77   0.74  52(57) 18(19)  9( 9) 10(10)  2( 2)    0       91
 25 8/16-->8/22      2.62   0.84  48(48) 15(15) 27(27)  5( 5)  3( 3)    0       98
 26 8/23-->8/29      3.24   1.13  53(48) 24(21) 16(14) 11(10)  6( 5)    0      110
 27 8/30-->9/5       3.25   0.82  43(51) 17(20) 10(11) 12(14)  2( 2)    0       84
 28 9/6-->9/12       1.97   0.65  50(55) 16(17) 18(20)  6( 6)  0( 0)    0       90
 29 9/13-->9/19      2.25   0.71  51(54) 17(18) 17(18)  8( 8)  1( 1)    0       94
 30 9/20-->9/26      5.74   0.87  55(52) 24(22) 16(15)  9( 8)  1( 0)    1      105
 31 9/27-->10/3      1.59   0.62  45(54) 16(19) 12(14)  9(10)  0( 0)    0       82
 32 10/4-->10/10     1.85   0.56  49(57) 15(17) 17(20)  4( 4)  0( 0)    0       85
 33 10/11-->10/17    2.54   0.60  37(52) 14(20) 10(14)  7(10)  2( 2)    0       70
 34 10/18-->10/24    2.10   0.51  47(63) 13(17)  6( 8)  7( 9)  1( 1)    0       74
 35 10/25-->10/31    1.39   0.39  46(63) 16(22)  6( 8)  4( 5)  0( 0)    0       72
 36 11/1-->11/7      2.35   0.44  51(67) 11(14)  9(11)  3( 3)  2( 2)    0       76
 37 11/8-->11/14     2.75   0.35  45(67) 12(17)  7(10)  2( 2)  1( 1)    0       67
 38 11/15-->11/21    1.79   0.50  33(49) 16(23) 15(22)  3( 4)  0( 0)    0       67
 39 11/22-->11/28    0.98   0.25  55(77) 14(19)  2( 2)  0( 0)  0( 0)    0       71
 40 11/29-->12/5     0.90   0.26  49(73) 13(19)  5( 7)  0( 0)  0( 0)    0       67
 41 12/6-->12/12     1.10   0.24  45(76)  6(10)  7(11)  1( 1)  0( 0)    0       59
 42 12/13-->12/19    0.68   0.19  38(74) 10(19)  3( 5)  0( 0)  0( 0)    0       51
 43 12/20-->12/26    0.82   0.24  46(70) 15(23)  4( 6)  0( 0)  0( 0)    0       65
 44 12/27-->1/2      0.86   0.19  47(79)  5( 8)  7(11)  0( 0)  0( 0)    6       59
 45 1/3-->1/9        0.90   0.15  42(79)  8(15)  3( 5)  0( 0)  0( 0)   21       53
 46 1/10-->1/16      0.44   0.15  44(80) 11(20)  0( 0)  0( 0)  0( 0)   22       55
 47 1/17-->1/23      0.70   0.17  48(84)  5( 8)  4( 7)  0( 0)  0( 0)   21       57
 48 1/24-->1/30      1.45   0.20  59(88)  6( 8)  1( 1)  1( 1)  0( 0)   21       67
 49 1/31-->2/6       0.82   0.16  39(75) 10(19)  3( 5)  0( 0)  0( 0)   15       52
 50 2/7-->2/13       0.89   0.14  40(83)  5(10)  3( 6)  0( 0)  0( 0)   14       48
 51 2/14-->2/20      1.35   0.26  40(71)  8(14)  7(12)  1( 1)  0( 0)   14       56
 52 2/21-->2/27      1.32   0.22  48(78)  9(14)  3( 4)  1( 1)  0( 0)   16       61
 53 2/28-->2/29      0.60   0.02   4(80)  0( 0)  1(20)  0( 0)  0( 0)    2        5
 ANNUAL TOTALS       5.74   2621(59)848(19)623(14)282( 6) 65( 1)  284     4439
 
 THESE ARE THE MONTHLY AVERAGES FOR 1951-->1998 FOR STATION NUMBER 1541
   JAN  FEB  MAR  APR  MAY  JUN  JUL  AUG  SPT  OCT  NOV  DEC  ANNUAL
   0.70 0.79 1.99 2.95 3.90 4.94 4.19 3.98 3.16 2.24 1.62 1.01 31.49  <-- PRECIP
  
   14.9 21.1 32.5 47.8 60.7 70.5 74.1 71.6 63.0 51.2 34.8 21.0  51.6  <-- TEMP
 
 TWELVE SIGNIFICANT RAINFALL EVENTS  
 MONTH  DAY  YEAR   AMOUNT
   9     20  1983     5.74
   7     17  1968     5.28
   6     26  1951     5.15
   7     10  1982     5.16
   7     31  1964     4.75
   6      9  1967     4.22
   6     21  1954     3.98
   6     24  1981     3.79
   6     23  1994     3.70
   4     29  1963     3.48
   4     27  1991     3.41
   7      9  1993     3.40
 
 GROWING DEGREE DAYS FOR 4 BASE TEMPS FOR STATION NUMBER  1541
               MARCH                       APRIL  
     ****************************  *************************** 
 YEAR  40-86  48-86  50-86  52-86   40-86  48-86  50-86  52-86  
     ****************************  *************************** 
 1951      8      0      0      0    184     95     80     66
 1952     42     20     17     14    355    230    205    183
 1953    126     52     38     28    176     82     65     50
 1954     38      7      3      1    404    251    220    192
 1955     93     45     34     25    460    292    260    229
 1956     55     17     11      7    257    155    132    111
 1957     81     30     22     15    353    217    193    172
 1958     40      8      5      3    331    194    163    136
 1959     61     21     16     11    333    202    176    150
 1960     10      0      0      0    364    221    195    171
 1961     57     21     15     10    207    105     84     65
 1962     22     13     11      9    297    178    157    139
 1963    160    107     95     83    391    241    210    180
 1964     71     27     19     13    327    187    164    142
 1965      4      0      0      0    234    127    106     87
 1966    191    100     81     66    203    106     85     65
 1967    193    124    110     97    353    218    186    155
 1968    273    178    159    140    396    248    217    187
 1969     15      1      0      0    329    186    156    129
 1970     20      2      1      0    355    225    199    174
 1971     51     22     19     16    378    249    219    191
 1972     80     35     25     19    264    144    119     96
 1973    154     64     48     35    281    160    136    114
 1974     75     27     20     15    329    193    165    140
 1975     26      5      3      2    166     74     60     47
 1976    113     59     49     42    396    244    212    180
 1977    183     90     74     61    471    318    284    253
 1978     83     42     33     26    251    134    109     88
 1979     34      9      6      3    205    103     84     67
 1980     47     15     12      9    314    195    171    150
 1981    185     93     76     61    381    228    197    169
 1982     52     15     10      6    250    146    125    106
 1983     81     41     32     25    153     83     70     58
 1984     19      2      0      0    226    106     82     62
 1985    132     55     41     30    422    276    246    219
 1986    141     83     74     66    351    208    178    149
 1987    155     86     74     62    410    277    251    227
 1988    142     69     55     43    284    173    148    124
 1989     89     47     39     32    319    193    168    144
 1990    154     78     62     47    332    203    177    152
 1991    108     48     39     30    339    201    173    147
 1992    120     56     42     32    215    119    103     88
 1993     18      3      2      1    206    104     87     72
 1994    113     53     44     35    318    207    181    156
 1995    116     53     43     35    197    103     85     69
 1996     79     28     22     17    239    142    123    107
 1997     97     43     34     26    256    153    131    109
 1998     91     46     40     35    303    177    150    125
     ****************************  *************************** 
 MEAN   89.8   42.8   34.8   28.0  303.7  181.0  156.2  133.4
 STDV   60.2   37.8   33.2   28.9   80.5   60.8   56.3   51.9
 
               MAY                         JUNE   
     ****************************  *************************** 
 YEAR  40-86  48-86  50-86  52-86   40-86  48-86  50-86  52-86  
     ****************************  *************************** 
 1951    678    462    412    365    702    475    421    369
 1952    546    346    303    265    941    704    646    589
 1953    579    374    332    295    915    679    620    563
 1954    476    308    269    234    906    672    617    562
 1955    691    467    420    378    766    538    486    437
 1956    624    425    382    342    949    713    655    599
 1957    554    347    302    263    824    586    528    471
 1958    683    490    443    400    730    500    450    404
 1959    685    472    424    376    900    663    606    550
 1960    619    411    363    318    795    563    511    461
 1961    553    369    331    293    848    615    564    514
 1962    761    535    484    434    835    597    540    485
 1963    617    404    360    318    960    721    662    605
 1964    759    532    482    434    861    626    571    517
 1965    749    529    475    423    872    633    575    518
 1966    545    374    337    303    866    631    574    521
 1967    509    342    305    271    837    599    543    490
 1968    514    340    305    272    890    655    600    548
 1969    655    448    401    357    711    492    444    396
 1970    702    496    448    403    888    653    597    542
 1971    552    374    336    301    993    753    693    634
 1972    657    449    401    356    834    609    557    506
 1973    573    368    325    288    911    671    611    552
 1974    499    312    271    236    768    537    483    433
 1975    695    476    425    382    852    615    558    502
 1976    545    355    314    276    864    629    572    517
 1977    837    597    540    490    865    627    569    513
 1978    627    419    374    329    834    603    551    499
 1979    536    349    309    274    826    591    536    481
 1980    644    437    393    352    851    612    556    503
 1981    529    338    297    259    863    623    564    507
 1982    662    430    375    324    690    466    416    368
 1983    459    277    242    209    848    616    562    508
 1984    497    304    264    228    892    653    594    536
 1985    728    496    445    398    754    527    475    427
 1986    591    381    336    292    880    641    583    525
 1987    774    554    505    458    943    707    648    593
 1988    765    546    499    456    941    707    651    596
 1989    599    406    364    324    811    580    526    475
 1990    500    309    267    230    875    641    584    530
 1991    718    505    456    410    974    734    674    614
 1992    620    427    388    351    828    591    535    481
 1993    529    332    292    255    767    540    486    434
 1994    645    443    398    357    902    663    605    547
 1995    482    293    257    222    868    632    577    523
 1996    474    280    239    203    847    611    554    500
 1997    419    258    225    193    911    671    612    554
 1998    775    535    481    431    777    549    496    444
     ****************************  *************************** 
 MEAN  613.4  411.1  366.8  325.8  853.8  619.3  563.5  509.4
 STDV  101.0   85.2   80.4   75.8   70.6   66.9   64.6   62.0
 
               JULY                        AUGUST 
     ****************************  *************************** 
 YEAR  40-86  48-86  50-86  52-86   40-86  48-86  50-86  52-86  
     ****************************  *************************** 
 1951    942    694    632    571    875    628    568    510
 1952   1000    754    693    632    891    648    591    535
 1953    990    742    683    624    949    701    640    580
 1954   1055    807    745    683    910    662    602    543
 1955   1117    869    807    745   1036    789    728    668
 1956    915    667    605    544    952    712    654    597
 1957   1088    840    778    716    947    700    639    580
 1958    894    647    586    526    967    723    663    606
 1959    955    708    649    591   1061    813    751    690
 1960    962    714    655    598    976    728    666    604
 1961    950    702    641    580    947    700    639    580
 1962    925    679    620    562    926    681    621    563
 1963   1005    757    695    633    920    674    615    559
 1964   1051    803    741    680    841    604    548    494
 1965    985    737    677    617    874    630    571    513
 1966   1060    812    750    688    860    618    561    507
 1967    916    676    621    566    852    622    568    517
 1968    948    703    644    587    916    671    612    555
 1969   1002    754    693    632    942    694    632    573
 1970    983    739    680    623    914    670    612    555
 1971    888    647    590    534    895    654    598    544
 1972    941    700    641    583    928    685    626    568
 1973    996    748    686    624    942    694    633    573
 1974   1061    814    753    693    820    579    522    468
 1975   1010    763    702    644    969    721    659    598
 1976   1016    768    708    648    915    673    613    556
 1977   1039    791    729    667    822    582    525    472
 1978    962    714    653    593    916    671    613    558
 1979    968    720    658    596    901    654    594    537
 1980   1047    799    737    675    952    704    642    580
 1981    971    723    662    602    879    631    573    516
 1982   1010    762    700    638    874    631    574    520
 1983   1074    826    764    702   1077    829    767    705
 1984    937    690    629    569    992    744    684    625
 1985    955    707    645    583    808    564    508    454
 1986   1013    765    703    641    770    536    481    429
 1987   1059    811    749    687    858    613    555    502
 1988    993    745    684    625    972    740    683    627
 1989   1011    763    701    639    903    661    602    544
 1990    961    713    651    589    927    681    622    563
 1991    984    736    676    616    940    692    631    571
 1992    836    589    528    468    801    560    504    452
 1993    910    662    600    538    934    686    624    563
 1994    884    636    575    516    822    579    523    467
 1995    983    735    675    615   1055    807    745    683
 1996    901    655    595    536    869    621    560    500
 1997    978    732    671    610    860    612    551    492
 1998   1025    777    715    653   1003    755    693    631
     ****************************  *************************** 
 MEAN  982.7  735.6  674.7  614.5  916.1  671.7  612.5  554.9
 STDV   59.0   58.3   57.7   56.8   68.0   66.0   64.4   62.3
 
               SEPTEMBER                   OCTOBER
     ****************************  *************************** 
 YEAR  40-86  48-86  50-86  52-86   40-86  48-86  50-86  52-86  
     ****************************  *************************** 
 1951    523    342    301    262      0      0      0      0
 1952    523    373    337    302      0      0      0      0
 1953    687    494    451    410    503    347    313    280
 1954    710    486    433    381    240    139    116     96
 1955    709    498    449    403    257    168    147    130
 1956    640    446    404    365      0      0      0      0
 1957    574    370    328    291    131     78     70     62
 1958    711    493    447    405      0      0      0      0
 1959    665    458    414    374    117     63     52     41
 1960    692    482    434    389    314    215    192    170
 1961    621    430    386    345      0      0      0      0
 1962    591    402    361    320    423    271    238    207
 1963    749    527    474    424    657    447    403    361
 1964    670    462    415    369    114     73     64     55
 1965    464    294    257    223      0      0      0      0
 1966    638    439    397    355    177    120    107     96
 1967    575    393    353    315      0      0      0      0
 1968    652    449    403    359     60     40     35     31
 1969    670    462    418    377    217    146    131    117
 1970    671    463    416    374    170    119    107     96
 1971    737    528    481    436    168    119    108     97
 1972    665    456    410    368      0      0      0      0
 1973    619    413    369    325    490    316    277    240
 1974    397    269    239    211      0      0      0      0
 1975    562    372    330    289     12      7      6      5
 1976    654    460    418    376    121     88     81     74
 1977    674    453    402    357     59     36     31     26
 1978    786    564    513    464    141     84     71     59
 1979    694    494    450    407    116     76     66     57
 1980    680    470    423    376    165    109     98     88
 1981    600    405    363    323     21     14     13     12
 1982    593    397    352    308    245    152    133    115
 1983    510    354    319    288      0      0      0      0
 1984    582    402    359    321      0      0      0      0
 1985    642    442    398    357      0      0      0      0
 1986    678    463    411    363     71     41     35     29
 1987    656    442    397    355     36     27     25     23
 1988    687    486    440    396     62     41     36     31
 1989    616    427    386    345     51     35     32     29
 1990    743    529    481    435    246    160    141    122
 1991    641    450    405    363     71     41     36     32
 1992    614    426    384    343    243    153    135    119
 1993    513    323    284    246    151    102     91     80
 1994    683    471    424    380    385    236    205    175
 1995    444    301    268    239      0      0      0      0
 1996    591    394    352    312    119     76     67     58
 1997    685    469    424    383    378    268    243    219
 1998    819    591    539    488    397    228    196    167
     ****************************  *************************** 
 MEAN  635.7  438.0  393.9  352.2  148.6   96.8   85.6   75.2
 STDV   85.0   67.0   63.0   58.9  160.7  106.2   94.6   83.7
 
 DAILY RECORD HIGHS AND LOWS OCCURRING DURING 1951-1998 FOR STATION NUMBER 1541
     JAN     FEB    MARCH   APRIL    MAY     JUNE    JULY    AUG     SEPT    OCT     NOV     DEC
 DY MX  MN  MX  MN  MX  MN  MX  MN  MX  MN  MX  MN  MX  MN  MX  MN  MX  MN  MX  MN  MX  MN  MX  MN
  1  48 -24  53 -22  55 -25  82  14  89  24  91  36  97  44 101  46  95  38  86  22  76  15  63  -9
  2  49 -22  52 -28  68  -8  80  16  92  25  91  38  95  46  99  47  94  40  92  22  76   7  67  -7
  3  48 -19  56 -29  66  -4  84   5  87  24  93  38  98  45  98  46  90  32  91  24  73   3  62 -13
  4  48 -19  52 -28  65 -10  71   9  90  27  95  40 100  43  98  42  92  39  94  23  75  -3  57  -7
  5  50 -23  55 -25  64 -25  77  10  90  24  95  40 102  42  93  44  92  35  94  25  70  -4  59  -7
  6  42 -29  47 -20  60 -12  85   3  87  25  97  37 100  49  94  46  95  38  92  22  69   7  61 -15
  7  44 -29  53 -18  67 -12  90   7  88  25  95  44  97  43  95  43  96  35  92  22  76  -2  46 -18
  8  55 -22  61 -26  73  -8  82  11  89  29  95  38 101  48 100  44  97  32  87  24  68  -3  60 -16
  9  49 -24  54 -30  73 -12  80  14  86  28 102  42  97  47  93  42  96  36  80  20  69   2  49 -26
 10  40 -22  60 -18  67  -6  88  15  90  26  92  40  98  44  93  43  94  35  83  25  66   6  50 -15
 11  47 -24  60 -21  65 -10  85  14  91  31  96  43  98  48  96  41  90  34  84  14  68  -9  59 -16
 12  48 -26  60 -24  65  -8  85  15  88  29  96  41  97  49  94  42  91  32  87  14  66  -8  64 -15
 13  50 -24  66 -15  72  -8  82  16  90  24  94  39  99  47  98  41  94  32  89  22  66  -5  51 -25
 14  55 -29  60 -14  69 -15  85  16  89  31 100  44 101  45  94  44  91  33  90  24  72 -12  53 -22
 15  49 -28  50 -13  69  -4  84  21  94  30  98  41  98  48  98  43  93  33  86  20  72   0  55 -17
 16  57 -24  52 -23  74  -8  88  21  91  29  95  43  98  46 102  46  91  30  83  21  72   0  54 -14
 17  50 -22  63 -26  71  -3  84  22  89  33  90  41  94  48 102  45  90  32  83  16  70  -7  50 -16
 18  50 -25  67 -14  70  -1  88  17  94  34  98  47  97  49 102  40  92  31  80  21  70   1  55 -23
 19  50 -30  63 -21  65   0  91  20  91  34  97  42  96  52  97  43  88  33  79  13  65   4  57 -26
 20  50 -27  56 -17  70  -4  88  20  93  32  96  42  95  46  97  42  92  30  82  14  64   5  52 -20
 21  47 -32  61 -14  71  -5  86  19  93  35  98  42  95  47  97  43  85  30  80  20  67  -4  52 -22
 22  46 -20  57 -10  65   5  93  20  94  27 100  41  97  47  95  46  85  25  80  12  71   2  52 -23
 23  50 -24  60 -11  78   2  96  21  92  31  93  43  96  51  95  43  82  27  81  18  60  -4  54 -25
 24  55 -18  57 -27  82  -4  85  20  87  33  94  45  92  48  92  43  86  30  79  19  56  -2  45 -26
 25  62 -12  59 -23  77  -1  85  26 100  31  98  43  94  50  92  40  89  34  78  20  67  -5  47 -22
 26  55 -22  56 -18  77   1  85  30  98  30  97  48  98  47  96  44  87  22  81  16  62 -18  51 -23
 27  41 -19  60 -15  79   5  87  26  91  34  98  44 100  46  97  40  89  30  82  16  65  -9  51 -22
 28  43 -21  61 -25  78   1  92  26  92  34  95  48  98  48  96  34  89  26  76  12  69 -13  48 -16
 29  47 -27 *** ***  82   0  89  24  93  34  98  48  98  45  96  38  86  21  72  14  59  -7  58 -16
 30  50 -21 *** ***  86   1  87  24  90  37  97  44 102  43  94  40  90  24  76  16  67  -9  51 -18
 31  48 -23 *** ***  80  11 *** ***  91  35 *** *** 103  43  92  36 *** ***  79  17 *** ***  55 -18
 
 DAILY MAXIMUM PRECIPITATION OCCURRING DURING 1951-1998 FOR STATION NUMBER 1541
     JAN   FEB   MARCH APRIL MAY   JUNE  JULY  AUG   SEPT  OCT   NOV   DEC
 
  1  0.55  0.30  1.43  0.52  1.70  1.49  0.91  1.53  1.60  0.62  2.31  0.42
  2  0.30  0.52  0.64  1.18  0.76  1.25  2.02  1.31  1.46  1.20  2.35  0.25
  3  0.41  0.25  0.57  1.75  0.66  0.87  0.65  1.75  0.48  0.50  0.62  0.45
  4  0.90  0.36  0.75  1.52  0.83  2.92  1.29  1.23  2.15  0.88  0.50  0.20
  5  0.50  0.82  0.52  0.76  2.00  1.71  1.46  1.25  1.81  0.57  0.71  0.90
  6  0.64  0.26  0.91  0.75  1.60  1.47  2.05  1.30  1.97  1.30  1.08  0.88
  7  0.23  0.31  0.70  1.77  1.00  1.87  2.10  1.14  1.02  0.76  0.72  0.80
  8  0.30  0.50  0.91  0.52  0.68  2.05  1.77  2.23  1.81  1.85  0.27  0.12
  9  0.12  0.12  1.10  0.50  0.78  4.22  3.40  1.32  1.53  1.40  0.53  0.74
 10  0.30  0.53  0.14  0.92  1.30  1.10  5.16  2.04  0.72  0.44  2.75  0.20
 11  0.40  0.30  1.22  0.35  2.31  0.90  1.47  0.59  0.64  2.54  1.00  1.10
 12  0.40  0.89  0.90  0.75  0.57  1.95  3.24  0.83  0.85  2.08  0.86  0.50
 13  0.44  0.30  1.90  1.07  1.04  1.64  0.75  2.77  2.25  1.33  0.76  0.68
 14  0.35  0.40  1.22  0.69  2.00  2.49  2.70  1.32  1.00  1.23  0.29  0.65
 15  0.30  0.73  1.12  1.05  0.45  1.69  3.20  1.75  1.22  1.30  0.60  0.50
 16  0.43  0.30  0.35  2.68  2.34  1.72  1.17  2.55  0.66  0.83  1.79  0.33
 17  0.66  0.20  0.36  0.77  0.82  2.45  5.28  0.82  0.85  1.87  1.17  0.25
 18  0.37  0.81  1.29  1.63  1.60  1.52  1.18  2.35  0.61  2.10  0.80  0.43
 19  0.65  1.35  1.00  0.86  2.34  0.72  1.15  0.95  1.27  0.37  1.15  0.20
 20  0.37  0.80  0.70  1.26  0.58  1.37  2.08  1.03  5.74  1.02  0.94  0.61
 21  0.20  0.34  0.40  2.25  0.90  3.98  1.13  1.69  0.82  1.00  0.75  0.25
 22  0.70  1.32  0.65  1.10  0.75  2.11  1.37  2.62  1.32  1.10  0.98  0.42
 23  0.52  0.63  2.60  1.02  1.68  3.70  2.38  3.24  0.95  1.57  0.45  0.60
 24  0.23  0.20  0.48  0.90  2.00  3.79  0.92  0.96  1.17  1.28  0.45  0.82
 25  1.45  0.72  1.16  0.70  0.86  1.70  0.92  2.00  1.43  0.77  0.49  0.42
 26  0.12  0.38  1.05  1.48  1.89  5.15  0.74  2.30  1.27  0.47  0.80  0.43
 27  0.61  0.20  0.85  3.41  0.95  1.32  1.13  1.02  1.54  1.05  0.18  0.37
 28  0.44  0.60  1.00  1.87  1.50  2.50  1.75  1.64  1.17  0.29  0.47  0.86
 29  0.38******  0.81  3.48  1.96  2.13  0.72  2.52  1.21  0.43  0.47  0.51
 30  0.45******  1.53  2.20  1.25  2.75  0.96  3.25  1.59  1.39  0.63  0.65
 31  0.16******  0.57******  1.16******  4.75  1.24******  1.29******  0.20
 
 RECORD LARGEST AND SMALLEST DAILY RANGES (MAX-MIN) DURING 1951-1998 FOR STATION NUMBER 1541
     JAN     FEB    MARCH   APRIL    MAY     JUNE    JULY    AUG     SEPT    OCT     NOV     DEC
 DY MX  MN  MX  MN  MX  MN  MX  MN  MX  MN  MX  MN  MX  MN  MX  MN  MX  MN  MX  MN  MX  MN  MX  MN
  1 33   3  47   1  42   3  48   4  46   4  40   9  32   5  36   9  37  13  45   7  41   4  33   1
  2 30   1  48   6  40   4  36   2  42   5  41   9  32  17  32   9  37  10  45  12  36   4  32   2
  3 33   3  39   6  38   3  59   5  46   4  43   8  40   8  32  10  38   5  45   4  39   5  34   4
  4 32   5  43   4  46   3  55   4  48   9  35  10  33   9  31   4  40   8  53   4  39   3  35   6
  5 34   2  35   4  39   4  42   6  37   7  45  11  37  13  36   4  36   3  41   6  33   3  30   3
  6 38   1  34   5  41   6  45   5  46   7  37   8  34   9  33   8  33  13  42   9  31   4  45   5
  7 44   2  40   2  37   5  40   6  42   7  34   9  39   9  37   5  45   8  41   5  39   3  30   1
  8 38   4  40   3  39   3  44   3  41   3  42   7  34  15  35   9  39  10  42   7  33   4  42   2
  9 33   3  39   3  42   6  43   4  42   5  46   9  35   8  34  12  44   8  42   5  38   4  35   3
 10 34   5  36   4  35   3  47   3  42  10  37   6  39  12  46  12  45   5  50   6  36   4  36   1
 11 40   3  36   5  39   3  44   4  38   6  37   6  30   9  36  12  37   8  42   7  44   2  37   5
 12 39   2  36   3  34   3  45   5  43   7  34   3  33   9  36  10  43   9  51   6  42   2  35   3
 13 42   5  43   4  35   5  43   4  48   6  35  15  33  12  38   8  39   8  42   4  35   3  40   3
 14 33   7  39   5  35   3  41   4  42   7  37  10  35   9  36   7  35   8  48   5  30   4  31   2
 15 40   4  39   3  41   4  45   3  44   9  36   7  37   8  32   9  41   7  41   7  36   3  46   2
 16 40   4  44   4  42   3  45   3  47   4  32  11  38  10  37  11  42   7  38   4  35   6  52   4
 17 31   3  37   5  40   3  46   5  43   7  35  11  30  11  38   8  36   9  38   5  33   4  38   4
 18 45   4  38   3  35   4  44   5  44   5  32   8  29  10  32   7  39   6  48   4  36   3  39   5
 19 38   5  40   3  31   3  50   6  43   3  37   5  30  11  31   9  41   5  43   7  43   3  35   4
 20 38   3  42   4  34   3  46  10  42   9  35   7  30   6  39   7  38   7  48   3  43   4  31   4
 21 36   5  45   4  40   4  42   7  38   9  38   9  33   7  35   8  40   9  46   6  47   5  41   3
 22 41   3  40   4  39   3  38   6  39   8  39  10  32   4  41   7  42   6  45   5  46   5  34   5
 23 35   5  39   5  47   4  51   5  41   6  37   7  31   8  32   8  44   5  41   4  34   2  35   3
 24 38   7  50   4  50   4  42   6  35  10  35  11  39   6  37   8  40   7  49   4  33   3  48   4
 25 38   2  39   0  39   3  40   7  42   4  35  14  33  12  34   9  41   9  41   6  40   3  32   4
 26 33   6  36   6  52   5  36   5  36   3  33  10  33  11  37   4  40  10  42   7  36   4  41   4
 27 37   4  43   3  38   3  42   7  39   5  37  13  35  11  36   6  42   7  45   5  37   4  37   4
 28 43   5  39   7  45   4  40   7  37   8  38  13  33  10  39   5  41   6  39   7  37   3  50   2
 29 38   4  **  **  43   3  49   8  38   4  38   4  37   9  37   9  45   5  42   6  37   2  47   2
 30 37   4  **  **  48   6  52   4  34   8  34   6  32  14  36  12  44   7  36   5  38   4  33   3
 31 44   5  **  **  47   4  **  **  35  12  **  **  38   6  39   9  **  **  41   3  **  **  32   2
 
 DAILY  MEAN  HIGHS AND LOWS OCCURRING DURING 1951-1998 FOR STATION NUMBER 1541
     JAN     FEB    MARCH   APRIL    MAY     JUNE    JULY    AUG     SEPT    OCT     NOV     DEC
 DY MX  MN  MX  MN  MX  MN  MX  MN  MX  MN  MX  MN  MX  MN  MX  MN  MX  MN  MX  MN  MX  MN  MX  MN
  1 26   9  25   6  35  16  50  30  64  40  74  51  82  60  82  59  78  54  71  44  52  33  34  18
  2 25   8  24   5  35  17  49  31  67  41  75  52  83  60  83  60  79  56  71  43  49  31  36  18
  3 25   6  24   4  35  18  51  29  66  42  76  51  82  60  83  60  78  56  68  42  49  30  35  18
  4 24   4  25   6  35  18  50  29  67  42  78  53  82  60  81  60  77  54  66  41  48  28  33  16
  5 22   4  26   7  35  17  50  30  68  44  79  54  82  60  81  59  78  53  66  41  47  27  34  16
  6 23   4  24   7  36  16  52  30  68  42  79  56  83  60  81  60  77  54  65  42  46  27  32  14
  7 22   2  25   5  34  13  54  31  67  42  79  57  84  61  81  59  78  53  64  40  47  26  29  14
  8 22   2  26   7  34  16  53  32  67  44  80  56  84  61  82  60  78  53  64  41  48  28  29  13
  9 22   4  26   6  36  18  51  30  68  44  78  55  83  60  81  59  77  53  64  39  46  26  29  10
 10 21   2  28  10  38  19  52  31  69  44  78  56  83  60  81  58  76  50  63  38  48  26  29  11
 11 22   2  27   9  39  22  55  33  70  45  79  57  83  61  80  57  76  50  64  39  45  25  29  10
 12 23   6  28   9  39  22  54  34  70  44  79  57  84  63  80  57  76  51  65  40  44  25  28  10
 13 25   6  29  10  39  22  55  33  71  45  81  57  83  62  82  58  74  51  63  40  44  26  28   9
 14 26   6  31  12  40  23  56  34  70  46  82  58  83  62  80  59  72  49  64  40  44  25  28  11
 15 23   4  29  11  39  21  57  34  72  47  80  58  83  60  81  59  72  48  64  39  45  26  29  11
 16 23   2  29   9  40  21  60  37  71  47  79  57  84  61  81  58  71  48  63  38  44  25  29  10
 17 23   6  31  11  41  23  61  36  73  49  80  57  84  62  82  59  71  49  62  37  44  26  28  10
 18 24   5  32  15  40  24  61  37  73  49  81  59  85  64  81  59  73  49  61  36  44  25  27   9
 19 23   4  31  14  41  25  63  39  72  49  80  58  85  63  81  58  73  50  58  34  42  23  27  10
 20 23   4  33  13  41  24  61  39  75  48  81  58  83  62  81  57  72  48  59  34  42  24  26   9
 21 23   4  32  14  42  23  61  38  74  50  81  58  83  61  80  57  69  46  61  36  41  23  25   8
 22 26   7  32  14  42  23  61  38  74  51  82  58  83  61  80  58  68  44  59  36  40  21  27  10
 23 25   5  34  16  45  25  61  38  73  50  81  58  82  60  79  57  66  42  58  36  40  21  27  11
 24 25   5  33  14  44  24  63  38  73  49  82  59  83  60  79  57  67  43  58  35  38  19  27   8
 25 24   6  33  14  44  25  65  40  73  50  82  59  84  61  80  57  70  44  57  34  39  21  25   9
 26 21   4  34  16  45  25  65  41  72  51  82  60  83  61  80  58  71  44  57  33  37  20  26   8
 27 21   3  35  18  47  28  64  41  72  51  84  60  83  61  81  59  70  43  57  33  35  18  27   9
 28 23   4  35  18  48  29  63  39  73  52  84  60  82  61  80  57  71  44  56  32  33  15  28  11
 29 24   4  **  **  46  29  64  40  74  53  84  61  83  59  80  58  69  44  55  31  31  16  28   9
 30 23   3  **  **  49  29  64  40  75  52  82  61  82  60  80  58  70  44  56  34  35  16  25   8
 31 24   3  **  **  49  29  **  **  76  52  **  **  82  59  79  56  **  **  53  33  **  **  25   9
  
  # OF DAYS EACH YEAR WHERE MIN >=32 F  1951-1998 FOR STATION # 1541
   51  52  53  54  55  56  57  58  59  60  61  62  63  64  65  66  67  68  69  70
  198 192 207 204 208 193 201 205 204 201 192 201 218 209 210 207 198 205 199 203
 
   71  72  73  74  75  76  77  78  79  80  81  82  83  84  85  86  87  88  89  90
  207 206 218 198 209 193 220 204 185 199 214 210 200 196 207 203 207 185 181 196
 
   91  92  93  94  95  96  97  98
  201 202 189 204 203 187 183 231
  
 MEAN=202
 
 LENGTH OF SEASON FOR STATION NUMBER 1541   BASE TEMP=32
 LAST SPRING OCCURENCE FIRST FALL OCCURENCE  LENGTH OF SEASON
   YEAR MONTH DAY DOY         MONTH DAY DOY
   1951   4    26 116           9    28 271          155
   1952   4    24 115           9    23 267          152
   1953   5    13 133          10     4 277          144
   1954   5    20 140           9    22 265          125
   1955   5     8 128          10     8 281          153
   1956   5    16 137           9    20 264          127
   1957   5     4 124          10    10 283          159
   1958   4    29 119          10     1 274          155
   1959   4    22 112          10     9 282          170
   1960   5    11 132          10    16 290          158
   1961   5     4 124           9    28 271          147
   1962   5     2 122           9    20 263          141
   1963   5    23 143          10    28 301          158
   1964   4    15 106          10     5 279          173
   1965   4    28 118           9    26 269          151
   1966   5    14 134          10     1 274          140
   1967   5     9 129           9    28 271          142
   1968   5    12 133          10     4 278          145
   1969   5    12 132          10    14 287          155
   1970   5     2 122          10    10 283          161
   1971   5    12 132          10     7 280          148
   1972   4    25 116           9    30 274          158
   1973   5     3 123           9    18 261          138
   1974   5     6 126           9     3 246          120
   1975   4    20 110           9    12 255          145
   1976   5     8 129          10     6 280          151
   1977   4     8  98          10     3 276          178
   1978   5     2 122          10     8 281          159
   1979   5    12 132          10     5 278          146
   1980   5     7 128           9    17 261          133
   1981   5    11 131          10     2 275          144
   1982   4    22 112           9    21 264          152
   1983   5    15 135           9    22 265          130
   1984   5     1 122           9    16 260          138
   1985   4    15 105           9    26 269          164
   1986   5     2 122           9     8 251          129
   1987   4     5  95          10     3 276          181
   1988   4    28 119          10     3 277          158
   1989   5     7 127           9    23 266          139
   1990   5     2 122          10    10 283          161
   1991   4    25 115           9    20 263          148
   1992   5    26 147           9    27 271          124
   1993   4    22 112          10     2 275          163
   1994   5     2 122          10    10 283          161
   1995   4    28 118           9    22 265          147
   1996   5     1 122          10     3 277          155
   1997   5    16 136          10    14 287          151
   1998   4    18 108          10    20 293          185
             MEAN=123              MEAN=273     MEAN=150
 
 LENGTH OF SEASON FOR STATION NUMBER 1541   BASE TEMP=30
 LAST SPRING OCCURENCE FIRST FALL OCCURENCE  LENGTH OF SEASON
   YEAR MONTH DAY DOY         MONTH DAY DOY
   1951   4    23 113           9    28 271          158
   1952   4    24 115           9    23 267          152
   1953   5    13 133          10    26 299          166
   1954   5     8 128           9    22 265          137
   1955   4     7  97          10    15 288          191
   1956   5    16 137           9    30 274          137
   1957   5     4 124          10    10 283          159
   1958   4    29 119          10     1 274          155
   1959   4    22 112          10     9 282          170
   1960   5     8 129          10    16 290          161
   1961   5     4 124           9    28 271          147
   1962   4    19 109           9    20 263          154
   1963   5    22 142          10    29 302          160
   1964   4     9 100          10     6 280          180
   1965   4    28 118           9    26 269          151
   1966   5    10 130          10     1 274          144
   1967   5     6 126           9    28 271          145
   1968   5    10 131          10     4 278          147
   1969   5    12 132          10    14 287          155
   1970   5     2 122          10    10 283          161
   1971   5    12 132          10    10 283          151
   1972   4    25 116           9    30 274          158
   1973   5     2 122          10    16 289          167
   1974   4    16 106           9    22 265          159
   1975   4    12 102          10     2 275          173
   1976   5     7 128          10     6 280          152
   1977   4     7  97          10     3 276          179
   1978   5     2 122          10     8 281          159
   1979   5    12 132          10     5 278          146
   1980   4    15 106           9    26 270          164
   1981   5    10 130          10     2 275          145
   1982   4    22 112           9    21 264          152
   1983   5    15 135           9    23 266          131
   1984   4    18 109           9    16 260          151
   1985   4     9  99          10     1 274          175
   1986   4    22 112          10     6 279          167
   1987   4     4  94          10     3 276          182
   1988   4    24 115          10     5 279          164
   1989   5     7 127           9    23 266          139
   1990   5     2 122          10    10 283          161
   1991   4    24 114          10     7 280          166
   1992   5    26 147           9    29 273          126
   1993   4    21 111          10    10 283          172
   1994   5     1 121          10    10 283          162
   1995   4    25 115           9    22 265          150
   1996   4    30 121          10     8 282          161
   1997   5    13 133          10    20 293          160
   1998   4     4  94          11     3 307          213
             MEAN=119              MEAN=277     MEAN=158
 
 LENGTH OF SEASON FOR STATION NUMBER 1541   BASE TEMP=28
 LAST SPRING OCCURENCE FIRST FALL OCCURENCE  LENGTH OF SEASON
   YEAR MONTH DAY DOY         MONTH DAY DOY
   1951   4    23 113           9    28 271          158
   1952   4    16 107           9    23 267          160
   1953   4    20 110          10    26 299          189
   1954   5     7 127          10    18 291          164
   1955   4     7  97          10    15 288          191
   1956   4    30 121           9    30 274          153
   1957   5     4 124          10    10 283          159
   1958   4    29 119          10     1 274          155
   1959   4    14 104          10    12 285          181
   1960   4    18 109          10    19 293          184
   1961   5     2 122           9    28 271          149
   1962   4    19 109          10    24 297          188
   1963   5    22 142          10    29 302          160
   1964   4     9 100          10     9 283          183
   1965   4    28 118           9    26 269          151
   1966   5    10 130          10    11 284          154
   1967   5     3 123           9    28 271          148
   1968   5     5 126          10     4 278          152
   1969   4    29 119          10    14 287          168
   1970   5     2 122          10    10 283          161
   1971   5     3 123          10    10 283          160
   1972   4    25 116           9    30 274          158
   1973   4    16 106          11     4 308          202
   1974   4    15 105           9    22 265          160
   1975   4    12 102          10     2 275          173
   1976   5     7 128          10     6 280          152
   1977   4     7  97          10     6 279          182
   1978   3    29  88          10    14 287          199
   1979   4    30 120          10    10 283          163
   1980   4    14 105          10    12 286          181
   1981   4    15 105          10     2 275          170
   1982   4    21 111          10    16 289          178
   1983   4    19 109           9    23 266          157
   1984   4    18 109           9    26 270          161
   1985   4     9  99          10     1 274          175
   1986   4    22 112          10     6 279          167
   1987   4     4  94          10     3 276          182
   1988   4    24 115          10     5 279          164
   1989   5     7 127          10     4 277          150
   1990   4    19 109          10    19 292          183
   1991   4    11 101          10     7 280          179
   1992   4    13 104          10    17 291          187
   1993   4    10 100          10    10 283          183
   1994   4    17 107          10    26 299          192
   1995   4    25 115           9    22 265          150
   1996   4    27 118          10     8 282          164
   1997   5    13 133          10    21 294          161
   1998   3    25  84          11     4 308          224
             MEAN=112              MEAN=282     MEAN=170
 
 LENGTH OF SEASON FOR STATION NUMBER 1541   BASE TEMP=26
 LAST SPRING OCCURENCE FIRST FALL OCCURENCE  LENGTH OF SEASON
   YEAR MONTH DAY DOY         MONTH DAY DOY
   1951   4    23 113          10    24 297          184
   1952   4    15 106          10     5 279          173
   1953   4    20 110          10    27 300          190
   1954   5     7 127          10    30 303          176
   1955   4     7  97          10    24 297          200
   1956   4    30 121           9    30 274          153
   1957   4    14 104          10    25 298          194
   1958   4    29 119          10     1 274          155
   1959   4    13 103          10    12 285          182
   1960   4    18 109          10    19 293          184
   1961   5     2 122           9    28 271          149
   1962   4    16 106          10    24 297          191
   1963   4    24 114          10    29 302          188
   1964   4     9 100          10     9 283          183
   1965   3    31  90          10    12 285          195
   1966   5    10 130          10    24 297          167
   1967   5     3 123           9    28 271          148
   1968   5     5 126          10     4 278          152
   1969   4    29 119          10    14 287          168
   1970   5     2 122          10    16 289          167
   1971   5     3 123          10    10 283          160
   1972   4     8  99          10    15 289          190
   1973   4    13 103          11     5 309          206
   1974   4     8  98           9    22 265          167
   1975   4     5  95          10    25 298          203
   1976   4    12 103          10     6 280          177
   1977   4     7  97          10     6 279          182
   1978   3    26  85          10    19 292          207
   1979   4    28 118          10    13 286          168
   1980   4    14 105          10    12 286          181
   1981   3    23  82          10     2 275          193
   1982   4    21 111          10    21 294          183
   1983   4    19 109          10    13 286          177
   1984   4     1  92           9    26 270          178
   1985   4     9  99          10     1 274          175
   1986   4    22 112          10     6 279          167
   1987   4     4  94          10     3 276          182
   1988   4    20 111          10     6 280          169
   1989   4    20 110          10     4 277          167
   1990   4    18 108          10    19 292          184
   1991   4     1  91          10     7 280          189
   1992   4    13 104          10    17 291          187
   1993   4     6  96          10    10 283          187
   1994   4     8  98          10    26 299          201
   1995   4     6  96          10    22 295          199
   1996   4    27 118          10    28 302          184
   1997   5    13 133          10    21 294          161
   1998   3    24  83          11     4 308          225
             MEAN=106              MEAN=287     MEAN=180
 
 LENGTH OF SEASON FOR STATION NUMBER 1541   BASE TEMP=24
 LAST SPRING OCCURENCE FIRST FALL OCCURENCE  LENGTH OF SEASON
   YEAR MONTH DAY DOY         MONTH DAY DOY
   1951   4    17 107          10    31 304          197
   1952   4    11 102          10    15 289          187
   1953   4    20 110          10    27 300          190
   1954   4    12 102          10    31 304          202
   1955   3    28  87          10    24 297          210
   1956   4    30 121          10     9 283          162
   1957   4    14 104          10    25 298          194
   1958   4    29 119          10     1 274          155
   1959   4    13 103          10    12 285          182
   1960   4    10 101          10    20 294          193
   1961   5     1 121          10    20 293          172
   1962   4    15 105          10    24 297          192
   1963   3    21  80          10    29 302          222
   1964   3    31  91          10     9 283          192
   1965   3    30  89          10    24 297          208
   1966   4    21 111          10    29 302          191
   1967   4    24 114          10    11 284          170
   1968   5     5 126          10     4 278          152
   1969   3    31  90          10    27 300          210
   1970   4     2  92          11    15 319          227
   1971   5     3 123          10    31 304          181
   1972   4     8  99          10    15 289          190
   1973   4    13 103          11     5 309          206
   1974   3    25  84          10     2 275          191
   1975   4     5  95          10    29 302          207
   1976   3    22  82          10     6 280          198
   1977   4     6  96          10    16 289          193
   1978   3    25  84          10    26 299          215
   1979   4     7  97          10    13 286          189
   1980   3    25  85          10    12 286          201
   1981   3    23  82          10    19 292          210
   1982   4    10 100          10    21 294          194
   1983   4    15 105          11    16 320          215
   1984   3    31  91           9    26 270          179
   1985   4     9  99          11     2 306          207
   1986   4    22 112          10    14 287          175
   1987   4     4  94          10     3 276          182
   1988   4    20 111          10     6 280          169
   1989   4    15 105          10     4 277          172
   1990   4    18 108          10    25 298          190
   1991   3    30  89          10    19 292          203
   1992   4    13 104          10    17 291          187
   1993   4     6  96          10    31 304          208
   1994   4     8  98          10    26 299          201
   1995   4     5  95          10    22 295          200
   1996   4    23 114          10    28 302          188
   1997   5    13 133          10    22 295          162
   1998   3    24  83          11     6 310          227
             MEAN=100              MEAN=293     MEAN=192
 
 THESE ARE THE MONTHLY AVG. MAX TEMPS 1951-1998 FOR STATION #1541
 YEAR    JAN   FEB  MARCH APRIL  MAY  JUNE  JULY AUGUST SEPT   OCT   NOV   DEC   ANN
  
 1951   23.5  29.5  31.5  50.1  73.1  72.6  80.9  78.3  69.4  60.5  38.2  26.4  52.8
 1952   25.7  35.3  36.5  60.5  68.3  84.5  84.3  79.8  77.8  59.9  47.7  29.7  57.5
 1953   27.0  31.4  43.5  50.7  69.4  82.8  83.3  83.4  77.5  70.7  50.4  35.6  58.8
 1954   27.3  44.1  37.6  62.6  65.4  81.2  86.7  79.4  73.9  58.9  49.6  33.0  58.3
 1955   27.2  28.6  41.3  66.7  74.5  77.1  88.8  89.0  77.2  64.0  38.4  25.0  58.2
 1956   24.3  28.9  39.0  56.4  71.4  86.1  81.2  82.6  75.6  70.0  42.7  33.5  57.6
 1957   21.2  34.9  42.5  59.5  67.9  77.9  87.2  81.5  69.9  57.1  39.3  36.0  56.2
 1958   27.0  22.7  37.1  60.6  76.0  76.3  79.5  83.7  76.1  67.0  49.0  27.1  56.8
 1959   24.2  26.3  40.3  61.0  72.9  83.6  83.3  85.8  72.6  56.6  35.6  38.2  56.7
 1960   26.6  26.8  28.0  61.1  71.3  78.7  84.5  82.7  74.4  64.3  49.4  30.3  56.5
 1961   28.4  34.1  40.7  52.8  70.1  81.1  82.5  82.6  71.9  66.7  43.8  26.1  56.7
 1962   21.1  25.0  32.5  57.3  76.5  79.7  80.4  81.7  71.2  64.2  48.9  33.0  56.0
 1963   16.0  26.9  47.6  63.2  70.5  85.3  83.1  81.0  75.9  74.4  51.1  22.1  58.1
 1964   35.0  40.1  40.2  59.9  77.8  81.9  86.8  78.9  72.8  62.9  49.1  27.6  59.4
 1965   25.3  26.9  28.2  54.2  76.3  80.1  83.6  80.6  68.2  64.3  47.1  39.2  56.2
 1966   17.4  31.7  49.4  52.9  70.2  81.7  87.0  80.0  74.0  65.1  45.0  30.5  57.1
 1967   29.4  29.8  49.7  61.7  69.1  78.0  83.0  80.7  73.7  60.6  42.8  34.4  57.7
 1968   27.0  30.4  56.0  64.1  69.5  83.7  81.8  81.8  73.8  64.7  42.7  28.8  58.7
 1969   20.6  28.1  31.8  59.9  73.2  75.9  83.0  83.5  74.6  57.9  46.1  27.9  55.2
 1970   15.5  30.8  37.2  61.4  75.4  82.3  85.8  81.0  73.5  60.4  42.4  29.8  56.3
 1971   19.0  26.8  37.7  62.9  70.9  86.8  80.5  82.1  78.0  66.7  44.8  31.0  57.3
 1972   21.1  25.3  42.1  56.4  73.2  81.1  81.4  81.4  73.7  58.1  39.8  23.4  54.7
 1973   27.6  31.8  49.5  55.8  70.3  83.2  82.8  82.0  70.9  66.2  43.5  25.3  57.4
 1974   21.7  27.6  41.8  59.3  65.6  77.9  88.9  77.3  70.6  62.5  44.1  30.1  55.6
 1975   25.5  25.2  32.7  48.0  73.9  78.8  85.6  83.2  69.6  67.6  48.9  30.9  55.8
 1976   28.7  39.8  42.7  62.9  68.8  81.8  85.8  83.2  75.6  56.3  39.8  25.6  57.6
 1977   14.2  37.0  50.0  66.1  79.5  81.9  87.6  77.6  73.8  58.9  43.1  25.0  57.9
 1978   15.3  20.5  39.0  55.8  71.0  79.6  81.2  81.7  79.5  60.5  43.1  23.6  54.2
 1979    9.8  16.9  35.7  51.3  68.8  79.3  81.3  78.7  76.8  60.8  41.6  35.6  53.1
 1980   25.4  24.4  37.2  59.5  73.0  80.6  86.6  81.5  75.2  56.9  48.9  29.9  56.6
 1981   32.0  36.0  50.8  62.7  68.0  80.6  81.9  79.5  73.2  57.9  48.5  26.8  58.2
 1982   14.4  25.1  38.5  53.0  70.1  73.9  84.4  79.3  70.3  62.0  41.6  33.0  53.8
 1983   27.6  31.6  39.9  49.0  65.2  79.3  86.8  88.0  74.8  59.6  42.4  12.8  54.8
 1984   23.2  35.8  33.0  54.0  65.9  81.3  82.4  85.3  72.9  60.6  44.9  31.6  55.9
 1985   21.7  25.5  47.2  62.6  75.8  78.0  83.5  78.1  70.9  59.0  34.1  17.5  54.5
 1986   27.2  24.3  46.2  60.6  69.7  81.4  83.8  76.6  73.8  61.3  38.3  30.1  56.1
 1987   31.2  44.7  48.0  65.0  78.4  86.1  86.8  78.6  74.3  57.4  48.1  32.8  61.0
 1988   19.5  24.1  46.6  58.9  80.4  87.7  86.0  87.9  76.6  58.1  44.8  28.7  58.3
 1989   33.5  22.7  37.8  58.6  71.7  79.0  84.4  80.6  72.7  64.5  41.1  21.3  55.6
 1990   37.8  34.8  47.5  58.7  66.7  80.0  81.6  80.6  77.0  62.6  50.6  25.1  58.6
 1991   18.9  32.6  44.1  59.8  72.1  83.8  84.5  80.9  72.1  59.6  31.7  31.1  55.9
 1992   31.1  35.1  45.2  53.2  73.2  79.9  76.6  76.7  72.5  63.1  37.5  29.9  56.2
 1993   22.2  22.8  34.0  52.7  67.2  75.7  78.7  79.5  67.6  59.7  41.3  30.8  52.7
 1994   15.6  22.4  45.2  59.4  73.4  81.4  79.2  78.1  74.6  63.8  47.3  30.5  55.9
 1995   22.5  30.3  42.2  52.1  66.2  79.7  83.5  84.6  70.9  61.4  36.7  30.1  55.0
 1996   21.9  29.7  38.7  55.3  64.0  78.4  80.9  78.7  70.5  62.9  33.5  23.2  53.1
 1997   20.6  29.4  42.7  55.0  63.9  82.8  82.3  78.4  75.3  63.8  36.9  31.5  55.2
 1998   27.2  37.2  37.5  58.6  76.9  75.8  83.8  81.9  81.3  62.3  47.5  37.9  59.0
 MEANS  23.9  29.8  40.9  58.0  71.3  80.5  83.5  81.3  73.7  62.2  43.4  29.2  56.5
 
 THESE ARE THE MONTHLY AVG. MIN TEMPS 1951-1998 FOR STATION #1541
 YEAR    JAN   FEB  MARCH APRIL  MAY  JUNE  JULY AUGUST SEPT   OCT   NOV   DEC   ANN
  
 1951    3.7  12.5  15.7  34.2  50.1  54.2  60.3  58.4  47.1  40.5  18.3   8.1  33.6
 1952    4.7  22.7  21.9  35.6  46.5  60.5  61.6  57.8  49.0  29.5  24.8  16.2  35.9
 1953    8.2  14.7  24.9  31.8  47.5  59.9  61.3  59.4  47.7  42.6  27.6  16.2  36.8
 1954    2.3  24.4  20.6  37.8  41.6  60.4  64.0  59.5  53.3  40.2  29.3  19.0  37.7
 1955    9.9   8.5  20.2  42.2  49.9  54.3  67.6  62.5  50.7  38.9  18.3   6.4  35.8
 1956    6.4   9.0  20.7  31.0  48.2  60.4  58.5  60.6  47.2  44.1  25.3  16.3  35.6
 1957    2.0  18.1  23.5  36.3  47.1  57.1  65.7  60.1  48.3  37.6  25.5  19.4  36.7
 1958   12.7   2.3  24.3  35.2  47.0  52.9  58.2  60.5  50.9  39.6  25.9   6.6  34.7
 1959    2.1   4.9  22.2  35.9  51.1  58.1  59.1  64.6  51.8  36.6  15.8  23.8  35.5
 1960   10.3  11.2   7.4  37.7  47.0  54.5  58.9  61.1  52.7  38.5  26.5  10.2  34.7
 1961    7.1  14.9  27.7  31.6  43.5  56.7  59.4  59.0  50.4  40.2  26.5  10.0  35.6
 1962   -0.8  10.8  15.6  34.1  53.3  56.4  59.8  58.3  47.4  42.3  29.7  12.8  35.0
 1963   -1.6   5.6  26.8  37.6  48.1  60.9  62.4  58.8  54.0  49.3  30.3   3.6  36.3
 1964   14.4  14.8  18.2  37.4  51.9  57.0  64.0  56.0  51.5  35.9  28.5  11.5  36.7
 1965    4.0   4.9  10.6  35.4  51.6  58.4  61.2  57.2  47.5  40.2  26.5  23.3  35.1
 1966   -1.0  10.8  28.1  32.6  42.3  57.3  64.6  56.1  48.1  37.3  24.5  12.7  34.5
 1967   10.6   7.6  26.6  36.8  41.7  57.9  57.1  54.2  46.0  36.1  22.5  16.4  34.4
 1968    8.3   8.3  25.1  35.6  41.7  58.0  59.8  58.9  49.0  41.9  26.0  12.0  35.4
 1969    3.3  11.6  11.4  37.6  48.6  51.8  62.8  57.8  49.6  35.8  25.9  10.0  33.9
 1970   -4.8   7.4  21.4  36.4  49.5  58.3  60.1  58.5  51.5  40.0  27.6   8.8  34.5
 1971    0.6  10.3  22.6  35.0  42.6  62.5  57.2  56.3  51.4  44.8  28.7  14.2  35.5
 1972    1.8   5.2  24.3  34.8  49.4  55.4  60.1  60.5  50.7  36.4  27.6   6.4  34.4
 1973   11.0  15.4  33.0  35.0  45.1  58.8  62.4  59.5  49.8  43.0  28.0   9.8  37.6
 1974    3.8  12.1  24.1  37.0  45.8  53.9  63.8  55.8  42.9  37.1  26.6  15.1  34.8
 1975    8.8  11.0  16.8  32.9  51.4  58.5  62.0  60.8  46.5  37.4  29.1  16.3  36.0
 1976    5.7  18.7  24.4  39.2  44.2  56.5  61.7  57.1  47.6  31.5  14.9   1.1  33.5
 1977   -7.8  12.6  30.2  41.5  54.9  57.4  63.4  55.6  51.0  35.4  22.5   9.4  35.5
 1978   -4.0   1.6  21.2  37.0  48.9  56.3  61.7  58.0  54.3  34.3  21.2   4.7  32.9
 1979   -7.8  -2.9  19.1  32.5  44.0  56.4  61.3  60.0  49.3  35.9  24.7  15.7  32.3
 1980    8.3   6.2  20.6  36.5  47.9  57.4  63.5  60.8  49.5  34.9  25.1  12.0  35.2
 1981    8.6  14.3  23.9  40.2  45.1  57.7  62.2  57.2  46.1  36.3  30.7  10.7  36.1
 1982   -7.0   8.1  23.1  32.2  52.5  52.3  62.2  57.6  48.3  40.7  24.9  17.4  34.4
 1983   14.3  20.5  27.2  33.3  43.5  58.2  65.0  65.1  51.0  38.1  28.5  -4.8  36.7
 1984    3.8  20.3  18.4  36.6  45.2  58.5  58.7  60.7  45.8  40.2  25.0  11.9  35.4
 1985    2.0   7.6  29.6  41.0  51.3  53.6  58.8  54.6  51.5  38.1  17.0  -4.7  33.4
 1986    9.0   7.7  25.2  38.8  47.9  58.4  63.0  52.9  51.0  38.5  18.1  15.1  35.5
 1987   14.9  20.6  28.5  37.5  52.3  60.0  64.4  57.8  49.5  30.7  30.5  18.5  38.8
 1988   -0.9   4.3  24.4  31.7  49.6  59.0  60.8  59.9  49.1  29.9  24.5   8.6  33.4
 1989   17.0   0.6  20.2  33.1  44.5  55.7  62.9  57.9  46.9  35.7  17.8   1.5  32.8
 1990   15.5  12.0  26.4  32.5  44.2  59.3  61.4  59.7  52.6  35.4  27.4   3.9  35.8
 1991   -1.4  13.2  25.9  39.1  54.2  63.3  61.5  59.9  48.7  34.4  17.4  15.2  35.9
 1992   16.5  23.3  27.0  33.9  45.6  55.8  57.4  55.1  47.0  36.8  26.1  13.9  36.5
 1993    3.3   7.3  18.4  32.5  46.4  55.4  60.2  61.1  46.2  35.8  22.6  15.2  33.7
 1994   -3.7   2.8  24.1  32.7  47.2  59.7  57.9  55.2  51.3  41.0  26.8  13.8  34.1
 1995    5.8  10.4  25.2  31.3  44.1  59.6  61.8  64.7  46.3  37.7  18.5  14.1  35.0
 1996    3.5  10.6  15.3  30.5  45.9  59.2  57.6  57.5  48.4  37.2  18.3   9.2  32.8
 1997    2.6  13.3  24.3  31.4  39.8  58.5  62.4  57.5  50.3  37.8  22.9  18.6  34.9
 1998   12.6  23.9  23.2  38.1  53.8  56.7  63.1  63.4  54.6  41.0  30.2  16.5  39.8
 MEANS   5.0  11.2  22.5  35.4  47.4  57.5  61.4  58.8  49.4  38.0  24.6  11.7  35.2
 
 THESE ARE THE MONTHLY AVG. MEAN TEMPS 1951-1998 FOR STATION #1541
 YEAR    JAN   FEB  MARCH APRIL  MAY  JUNE  JULY AUGUST SEPT   OCT   NOV   DEC   ANN
  
 1951   13.6  21.0  23.6  42.2  61.6  63.4  70.6  68.3  58.2  50.5  28.3  17.3  43.2
 1952   15.2  29.0  29.2  48.0  57.4  72.5  73.0  68.8  63.4  44.7  36.3  23.0  46.7
 1953   17.6  23.1  34.2  41.3  58.5  71.4  72.3  71.4  62.6  56.7  39.0  25.9  47.8
 1954   14.8  34.3  29.1  50.2  53.5  70.8  75.4  69.4  63.6  49.5  39.4  26.0  48.0
 1955   18.6  18.5  30.8  54.5  62.2  65.7  78.2  75.7  64.0  51.5  28.3  15.7  47.0
 1956   15.4  18.9  29.9  43.7  59.8  73.3  69.8  71.6  61.4  57.1  34.0  24.9  46.6
 1957   11.6  26.5  33.0  47.9  57.5  67.5  76.5  70.8  59.1  47.3  32.4  27.7  46.5
 1958   19.9  12.5  30.7  47.9  61.5  64.6  68.9  72.1  63.5  53.3  37.5  16.9  45.8
 1959   13.1  15.6  31.2  48.5  62.0  70.9  71.2  75.2  62.2  46.6  25.7  31.0  46.1
 1960   18.5  19.0  17.7  49.4  59.1  66.6  71.7  71.9  63.5  51.4  37.9  20.3  45.6
 1961   17.7  24.5  34.2  42.2  56.8  68.9  70.9  70.8  61.2  53.5  35.1  18.0  46.2
 1962   10.2  17.9  24.0  45.7  64.9  68.1  70.1  70.0  59.3  53.2  39.3  22.9  45.5
 1963    7.2  16.2  37.2  50.4  59.3  73.1  72.8  69.9  64.9  61.8  40.7  12.8  47.2
 1964   24.7  27.5  29.2  48.6  64.8  69.4  75.4  67.5  62.2  49.4  38.8  19.5  48.1
 1965   14.6  15.9  19.4  44.8  64.0  69.3  72.4  68.9  57.8  52.3  36.8  31.2  45.6
 1966    8.2  21.3  38.7  42.8  56.2  69.5  75.8  68.1  61.0  51.2  34.8  21.6  45.8
 1967   20.0  18.7  38.1  49.2  55.4  67.9  70.0  67.5  59.8  48.4  32.6  25.4  46.1
 1968   17.6  19.3  40.5  49.8  55.6  70.8  70.8  70.4  61.4  53.3  34.3  20.4  47.0
 1969   11.9  19.9  21.6  48.8  60.9  63.8  72.9  70.7  62.1  46.9  36.0  19.0  44.5
 1970    5.4  19.1  29.3  48.9  62.5  70.3  73.0  69.7  62.5  50.2  35.0  19.3  45.4
 1971    9.8  18.6  30.1  48.9  56.8  74.6  68.9  69.2  64.7  55.7  36.8  22.6  46.4
 1972   11.4  15.3  33.2  45.6  61.3  68.2  70.7  70.9  62.2  47.3  33.7  14.9  44.6
 1973   19.3  23.6  41.3  45.4  57.7  71.0  72.6  70.8  60.4  54.6  35.8  17.6  47.5
 1974   12.8  19.8  33.0  48.2  55.7  65.9  76.4  66.5  56.7  49.8  35.3  22.6  45.2
 1975   17.1  18.1  24.8  40.5  62.6  68.6  73.8  72.0  58.0  52.5  39.0  23.6  45.9
 1976   17.2  29.2  33.5  51.0  56.5  69.1  73.7  70.2  61.6  43.9  27.4  13.4  45.6
 1977    3.2  24.8  40.1  53.8  67.2  69.7  75.5  66.6  62.4  47.2  32.8  17.2  46.7
 1978    5.6  11.0  30.1  46.4  60.0  67.9  71.5  69.9  66.9  47.4  32.2  14.2  43.6
 1979    1.0   7.0  27.4  41.9  56.4  67.8  71.3  69.4  63.1  48.4  33.1  25.7  42.7
 1980   16.8  15.3  28.9  48.0  60.5  69.0  75.0  71.1  62.3  45.9  37.0  20.9  45.9
 1981   20.3  25.1  37.4  51.4  56.5  69.2  72.0  68.4  59.6  47.1  39.6  18.8  47.1
 1982    3.7  16.6  30.8  42.6  61.3  63.1  73.3  68.5  59.3  51.3  33.3  25.2  44.1
 1983   21.0  26.0  33.6  41.1  54.4  68.8  75.9  76.6  62.9  48.9  35.5   4.0  45.7
 1984   13.5  28.0  25.7  45.3  55.5  69.9  70.5  73.0  59.4  50.4  34.9  21.8  45.7
 1985   11.9  16.6  38.4  51.8  63.5  65.8  71.2  66.3  61.2  48.6  25.6   6.4  43.9
 1986   18.1  16.0  35.7  49.7  58.8  69.9  73.4  64.8  62.4  49.9  28.2  22.6  45.8
 1987   23.0  32.6  38.3  51.3  65.4  73.0  75.6  68.2  61.9  44.0  39.3  25.6  49.9
 1988    9.3  14.2  35.5  45.3  65.0  73.3  73.4  73.9  62.8  44.0  34.7  18.6  45.8
 1989   25.2  11.7  29.0  45.8  58.1  67.3  73.7  69.2  59.8  50.1  29.5  11.4  44.2
 1990   26.7  23.4  36.9  45.6  55.5  69.7  71.5  70.1  64.8  49.0  39.0  14.5  47.2
 1991    8.8  22.9  35.0  49.5  63.1  73.6  73.0  70.4  60.4  47.0  24.5  23.1  45.9
 1992   23.8  29.2  36.1  43.5  59.4  67.8  67.0  65.9  59.8  49.9  31.8  21.9  46.4
 1993   12.8  15.0  26.2  42.6  56.8  65.6  69.5  70.3  56.9  47.7  32.0  23.0  43.2
 1994    6.0  12.6  34.6  46.0  60.3  70.5  68.6  66.7  63.0  52.4  37.1  22.1  45.0
 1995   14.1  20.3  33.7  41.7  55.1  69.7  72.7  74.7  58.6  49.5  27.6  22.1  45.0
 1996   12.7  20.1  27.0  42.9  55.0  68.8  69.3  68.1  59.5  50.0  25.9  16.2  42.9
 1997   11.6  21.4  33.5  43.2  51.9  70.7  72.3  67.9  62.8  50.8  29.9  25.1  45.1
 1998   19.9  30.5  30.4  48.3  65.3  66.2  73.5  72.6  67.9  51.6  38.9  27.2  49.4
 MEANS  14.4  20.5  31.7  46.7  59.4  69.0  72.4  70.0  61.6  50.1  34.0  20.4  45.9
 
 THESE ARE THE MONTHLY PRECIP TOTALS AND NUMBER OF MISSING DAYS 1951-1998 FOR STATION #1541
 YEAR    JAN   FEB  MARCH APRIL  MAY  JUNE  JULY AUGUST SEPT   OCT   NOV   DEC   ANN
  
 1951   0.60  2.61  3.70  5.08  4.07  9.19  4.60  5.17  2.19  2.95  0.69  1.00 41.85
           0     0     0     0     0     0     0     0     1     0     0     0     1
 1952   2.05  0.60  2.35  1.28  2.88  5.15  6.97  2.18  0.18  0.00  1.70  0.80 26.14
           0     1     0     0     0     0     0     0     0     0     0     0     1
 1953   1.30  1.30  2.60  4.38  2.35  4.30  3.31  2.46  0.51  0.30  2.35  0.85 26.01
           0     0     0     0     0     0     0     0     0     0     0     0     0
 1954   0.42  1.25  1.93  4.65  4.06  9.67  2.17  8.01  2.20  3.37  0.05  0.45 38.23
           0     0     0     0     0     0     0     0     0     0     0     0     0
 1955   0.70  1.20  1.20  2.18  2.86  1.42  2.28  3.02  4.00  2.03  0.20  0.95 22.04
           0     0     0     0     0     0     0     0     0     0     0     0     0
 1956   0.50  0.25  1.40  1.45  3.38  1.99  3.08  2.63  1.63  2.24  1.50  0.40 20.45
           1     0     0     0     0     0     0     0     0     0     0     0     1
 1957   0.65  0.40  1.74  0.90  6.37  6.02  3.00  3.66  2.71  1.67  2.58  0.65 30.35
           0     0     0     0     0     0     0     0     0     0     0     0     0
 1958   0.00  0.00  0.00  1.94  2.00  5.23  8.65  3.14  1.51  0.90  0.88  0.12 24.37
          31    28    31     0     0     0     0     0     0     0     0     0    90
 1959   0.26  1.23  2.91  1.34  6.01  5.36  0.26  4.97  5.10  1.41  1.87  0.90 31.62
           0     1     0     0     0     0     0     0     0     0     0     0     1
 1960   0.58  0.34  0.81  1.92  5.77  2.21  0.71  4.77  2.80  0.40  0.47  1.15 21.93
           0     0     0     0     0     0     0     0     0     0     0     0     0
 1961   0.13  1.75  3.12  2.05  2.08  2.89  5.87  2.34  4.27  3.77  1.15  1.11 30.53
           0     0     0     0     0     0     0     0     0     0     0     0     0
 1962   0.05  1.87  1.23  1.59  5.47  2.82  7.39  6.26  1.39  1.45  0.30  0.18 30.00
           0     0     0     0     0     0     0     0     0     0     0     0     0
 1963   0.30  0.78  1.98  4.43  3.37  3.77  6.02  3.07  3.43  2.51  1.49  0.39 31.54
           0     0     0     0     0     0     0     0     0     0     0     0     0
 1964   0.67  0.06  1.08  5.89  3.48  2.35  8.61  5.03  2.31  0.44  1.01  1.24 32.17
           0     0     0     0     0     0     0     0     0     0     0     0     0
 1965   0.72  1.64  3.73  3.88  5.04  2.06  2.64  3.19 11.13  0.60  0.85  1.54 37.02
           0     0     0     0     0     0     0     0     0     0     0     0     0
 1966   0.24  0.59  3.07  1.23  2.52  4.50  2.39  3.49  0.67  1.46  0.11  1.13 21.40
           0     0     0     0     0     0     0     0     0     0     0     0     0
 1967   1.76  0.27  0.85  1.58  4.33 13.11  0.75  3.18  1.85  1.53  0.30  0.96 30.47
           0     0     0     0     0     0     0     0     0     0     0     0     0
 1968   0.87  0.10  0.76  4.58  2.38  4.54  8.06  1.99  5.35  4.22  2.82  2.15 37.82
           0     0     0     0     0     0     0     0     0     0     0     0     0
 1969   1.84  0.00  0.82  2.60  4.66  7.61  5.89  2.03  2.75  3.52  0.68  2.45 34.85
           0    28     0     0     0     0     0     0     0     0     0     0    28
 1970   0.50  0.16  2.05  1.54  5.58  4.64  3.70  1.24  3.08  5.37  2.13  1.80 31.79
           0     0     0     0     0     0     0     0     0     0     0     0     0
 1971   0.00  3.55  1.60  1.13  2.75  6.86  4.51  0.59  2.47  4.84  3.20  1.49 32.99
          31     0     0     0     0     0     0     0     0     0     0     0    31
 1972   0.00  1.40  0.92  2.18  3.75  4.65  4.43  4.25  5.52  4.58  1.29  1.02 33.99
          31     0     0     0     0     0     0     0     0     0     0     0    31
 1973   2.00  1.75  2.89  0.00  0.00  0.00  1.37  4.51  6.44  1.82  1.90  2.03 24.71
           0     0     0    30    31    30     9     0     0     0     0     0   100
 1974   0.16  1.36  1.04  3.58  5.48  4.04  1.34  4.02  2.30  2.82  1.20  0.70 28.04
           0     0     0     0     0     0     0     0     0     0     0     0     0
 1975   1.30  0.47  2.19  5.07  4.34  5.79  1.06  6.33  1.47  0.18  4.68  0.72 33.60
           0     0     0     0     0     0     0     0     0     0     0     0     0
 1976   0.08  0.69  3.71  3.30  3.37  2.21  1.90  2.26  0.85  2.06  0.00  0.54 20.97
           0     0     0     0     0     0     0     0     0     0     0     0     0
 1977   0.34  0.34  2.29  2.95  3.90  1.77  2.89  6.06  4.06  3.10  0.81  0.51 29.02
           0     0     0     0     0     0     0     0     0     0     0     0     0
 1978   0.78  0.25  0.50  3.63  2.53  5.17  5.55  4.07  3.18  1.07  2.18  0.61 29.52
           0     0     0     0     0     0     0     0     0     0     0     0     0
 1979   0.76  0.12  3.88  2.54  3.29  2.69  7.74  6.77  1.59  3.18  2.58  0.44 35.58
           0     0     0     0     0     0     0     0     0     0     0     0     0
 1980   1.61  0.71  0.60  1.15  2.67  5.05  2.51  7.34  4.21  1.76  0.29  0.39 28.29
           0     0     0     0     0     0     0     0     0     0     0     0     0
 1981   0.00  0.96  0.44  3.19  3.68  7.40  4.37  2.86  1.59  2.29  0.80  0.64 28.22
           0     0     0     0     0     0     0     0     0     0     0     0     0
 1982   1.64  0.23  1.58  4.02  8.58  1.21  7.30  2.65  3.01  2.88  2.41  4.04 39.55
           0     0     0     0     0     0     0     0     0     0     0     0     0
 1983   0.84  1.02  2.93  2.49  4.75  6.55  3.26  2.57  7.97  3.22  3.61  0.57 39.78
           0     0     0     0     0     0     0     0     0     0     0     0     0
 1984   0.43  1.10  1.56  6.73  3.43  9.92  3.67  0.86  2.01  4.35  2.31  1.65 38.02
           0     0     0     0     0     0     0     0     0     0     0     0     0
 1985   0.56  0.59  2.04  2.74  2.39  3.02  1.04  4.80  5.79  2.00  1.27  0.96 27.20
           0     0     0     0     0     0     0     0     0     0     0     0     0
 1986   0.26  1.44  1.75  4.73  5.37  3.38  5.18  3.36  5.31  4.29  1.29  0.49 36.85
           0     0     0     0     0     0     0     0     0     0     0     0     0
 1987   0.00  0.01  2.13  2.12  2.50  0.98  6.96  6.86  3.01  0.74  2.47  1.75 29.53
           0     0     0     0     0     0     0     0     0     0     0     0     0
 1988   0.59  0.18  1.09  3.09  0.81  2.87  2.25  3.66  3.68  0.43  3.42  1.00 23.07
           0     0     0     0     0     0     0     0     0     0     0     0     0
 1989   0.93  0.22  1.23  2.05  4.78  3.33  3.18  3.02  2.90  2.12  0.43  0.09 24.28
           0     0     0     0     0     0     0     0     0     0     0     0     0
 1990   0.19  0.45  4.20  2.02  4.95  7.53  7.54  2.36  1.80  1.30  0.68  1.26 34.28
           0     0     0     0     0     0     0     0     0     0     0     0     0
 1991   0.54  0.29  4.79  7.02 10.29  5.64  3.17  4.42  2.45  2.72  4.29  1.66 47.28
           0     0     0     0     0     0     0     0     0     0     0     0     0
 1992   0.71  1.28  2.61  2.80  2.22  3.25  8.88  2.08  3.16  1.47  4.93  1.82 35.21
           0     0     0     0     0     0     0     0     0     0     0     0     0
 1993   0.94  0.98  1.87  4.05  4.45  9.44  9.75 11.60  1.71  1.26  1.13  0.90 48.08
           0     0     0     0     0     0     0     0     0     0     0     0     0
 1994   1.54  0.45  0.08  2.59  1.92  9.00  3.18  4.10  4.02  2.91  1.24  0.64 31.67
           0     0     0     0     0     0     0     0     0     0     0     0     0
 1995   0.78  0.26  3.63  3.51  3.72  7.39  3.39  5.41  4.77  1.84  1.25  0.22 36.17
           0     0     0     0     0     0     0     0     0     0     0     0     0
 1996   1.09  0.08  1.89  0.82  4.58  4.22  2.61  5.99  1.68  2.43  3.56  1.15 30.10
           0     0     0     0     0     0     0     0     0     0     0     0     0
 1997   0.80  0.69  2.25  1.79  4.23  5.56  3.28  1.13  3.52  2.15  0.63  0.66 26.69
           0     0     0     0     0     0     0     0     0     0     0     0     0
 1998   0.73  0.88  2.44  5.60  3.87  9.58  2.53  5.21  2.31  3.77  0.89  0.21 38.02
           0     0     0     0     0     0     0     0     0     0     0     0     0
 
 MEANS  0.70  0.79  1.99  2.95  3.90  4.94  4.19  3.98  3.16  2.24  1.62  1.01 31.49
 PRECIPITATION MEANS AND TOTALS ARE BASED ON DATA AVAILABLE
 NO ATTEMPT WAS MADE TO ESTIMATE MISSING PRECIPITATION DATA
 *****************************************************************************************
 *****************************************************************************************
 
 THESE ARE THE MONTHLY HEATING DEGREE DAYS 1951-1998 FOR STATION #1541
 YEAR    JAN    FEB   MARCH  APRIL   MAY    JUNE   JULY  AUGUST  SEPT   OCT   NOV   DEC
 
 1951  1592.5 1233.0 1283.5  689.0  140.5   92.5   14.5   23.0  210.0  464.5 1102.5 1480.0
 1952  1543.0 1043.5 1110.0  513.0  261.0   13.0    4.0   20.0  131.0  629.5  862.0 1303.0
 1953  1469.5 1174.0  954.5  711.5  241.5   22.0   11.0    5.0  136.5  287.5  780.5 1212.0
 1954  1557.5  861.0 1113.0  449.5  369.0   51.5    0.0   12.0  104.5  488.5  767.0 1209.5
 1955  1439.0 1301.5 1061.5  323.0  137.5   68.0    0.0    7.0  121.5  423.5 1100.0 1528.5
 1956  1539.0 1336.5 1089.5  641.5  223.0   20.0    8.5   29.0  158.0  261.0  930.5 1243.0
 1957  1656.5 1078.5  991.5  519.0  245.0   36.0    0.0   11.5  193.0  547.5  978.0 1156.0
 1958  1399.5 1470.0 1064.0  516.0  154.0   80.5    9.5   31.0   98.0  369.0  826.5 1492.5
 1959  1608.0 1383.5 1046.5  495.5  161.0   23.5   13.5    2.5  173.5  569.0 1178.0 1054.0
 1960  1442.0 1333.5 1465.5  487.0  195.5   40.0    5.5    5.0  151.5  428.0  812.0 1387.0
 1961  1466.0 1134.0  955.0  683.0  286.0   30.0    0.0    7.0  193.0  360.0  896.5 1455.5
 1962  1700.0 1318.5 1270.0  588.5  119.0   33.5   17.0   10.5  206.0  385.0  771.5 1304.5
 1963  1792.5 1365.5  861.5  443.5  219.5   10.0    0.0   23.0   78.0  141.5  728.0 1617.0
 1964  1249.0 1088.0 1110.5  493.5  101.5   28.5    1.0   53.0  157.0  484.0  785.0 1409.0
 1965  1562.0 1375.5 1413.5  606.5  108.0    3.5    2.0   39.0  229.5  405.0  846.5 1047.0
 1966  1761.0 1225.0  815.0  666.5  305.0   34.0    0.0   34.0  162.5  436.5  907.0 1344.5
 1967  1395.5 1296.5  837.0  484.5  358.0   20.5   36.0   48.0  164.5  523.0  971.0 1227.0
 1968  1469.0 1324.5  758.0  456.5  306.5   34.0   14.0   26.5  144.5  394.0  919.5 1381.5
 1969  1645.5 1263.5 1346.0  486.5  195.0   99.0    2.0    1.5  128.5  576.0  870.0 1427.5
 1970  1848.5 1285.5 1107.5  508.5  165.5   28.0   12.5   15.5  176.0  472.0  900.0 1416.0
 1971  1712.0 1300.5 1080.5  485.5  265.5    6.0   38.0   28.5  129.5  311.0  847.0 1314.0
 1972  1660.5 1442.5  986.5  581.5  189.5   43.5   21.5   27.5  140.0  550.0  940.0 1553.5
 1973  1416.0 1158.5  736.0  588.0  236.0    3.5    3.5    9.0  175.0  333.5  877.0 1470.0
 1974  1618.5 1264.5  992.5  512.5  306.0   71.0    4.0   54.0  273.0  473.0  890.0 1314.5
 1975  1483.5 1313.5 1247.5  736.0  166.0   44.0   16.5    3.5  236.5  401.0  779.0 1283.5
 1976  1482.5 1037.5  975.0  432.0  279.0   28.5    4.5   15.0  166.5  669.0 1129.5 1600.5
 1977  1915.5 1124.5  772.0  362.0   59.0   17.5    2.5   50.5  104.5  552.5  966.0 1483.0
 1978  1840.0 1511.5 1082.0  557.5  217.0   49.5    8.0   19.0   84.0  545.5  985.5 1575.0
 1979  1983.0 1624.0 1165.5  692.5  292.0   52.0    2.5   38.5  128.5  516.0  956.0 1219.0
 1980  1493.0 1441.5 1119.0  529.0  207.5   37.0    0.0    9.0  144.5  592.0  840.0 1366.0
 1981  1385.5 1116.0  857.0  414.5  273.0   19.5   19.0   19.0  190.5  555.5  762.5 1433.0
 1982  1899.5 1354.5 1060.0  671.0  140.0   98.5    0.0   41.5  212.5  430.0  952.5 1234.0
 1983  1365.5 1091.0  974.5  716.0  334.0   50.0    0.5    0.5  173.0  516.5  886.0 1890.5
 1984  1597.5 1072.5 1218.5  593.0  303.5    4.5    7.5    9.0  223.5  454.0  902.0 1339.5
 1985  1647.0 1356.5  824.0  435.0  110.0   83.5    5.0   44.5  230.5  509.5 1183.0 1817.0
 1986  1454.5 1371.5  908.5  463.5  204.0   19.0    4.0   69.0  132.0  467.5 1103.0 1314.5
 1987  1300.5  906.0  828.0  424.5  102.0   13.5    2.5   59.5  125.5  649.5  771.5 1220.0
 1988  1726.0 1473.5  915.0  591.0   75.5   13.0    7.0   33.0  127.0  650.0  910.0 1437.0
 1989  1233.5 1493.0 1116.0  578.0  245.0   54.0    0.0   18.5  199.5  465.5 1065.5 1662.5
 1990  1188.5 1165.5  870.5  606.0  300.5   40.0    8.5   13.0  121.0  505.5  779.5 1565.5
 1991  1743.5 1179.0  929.5  483.0  190.0    8.5   11.0   14.0  210.0  558.0 1214.0 1298.0
 1992  1277.5 1038.5  896.5  643.5  220.0   31.5   38.0   63.0  194.5  472.5  996.0 1336.0
 1993  1619.0 1399.5 1203.5  671.0  260.5   81.0    7.0   15.0  254.0  548.5  990.5 1301.0
 1994  1830.5 1468.0  941.0  582.0  200.5   16.5   12.5   46.5  131.0  395.0  838.0 1329.0
 1995  1577.0 1250.5  970.5  698.5  306.0   47.0   13.0    0.0  225.5  490.0 1122.5 1330.5
 1996  1621.0 1302.0 1179.0  663.0  340.5   54.5   11.0    7.0  211.0  470.0 1174.0 1513.0
 1997  1654.0 1222.0  977.0  655.0  409.5    2.5   18.0   26.0  115.5  489.5 1052.5 1238.0
 1998  1398.5  965.0 1074.0  500.0   79.5   94.5    0.0    0.0   52.0  414.0  783.5 1171.5
 *****************************************************************************************
 MEANS 1596.5 1279.5 1050.2  563.8  224.1   39.0    8.7   23.9  165.3  479.2  946.6 1406.5
 
 THESE ARE THE MONTHLY COOLING DEGREE DAYS 1951-1998 FOR STATION #1541
 YEAR    JAN   FEB  MARCH APRIL  MAY  JUNE  JULY AUGUST SEPT   OCT   NOV   DEC   ANN
 
 1951    0.0   0.0   0.0   4.0  34.5  45.0 188.5 126.5   6.5  16.0   0.0   0.0
 1952    0.0   0.0   0.0   4.5  24.5 238.0 250.5 139.0  83.0   0.0   0.0   0.0
 1953    0.0   0.0   0.0   0.0  39.0 213.0 237.5 203.5  65.5  29.0   0.0   0.0
 1954    0.0   0.0   0.0   5.5  13.0 225.5 322.0 149.5  63.5   9.0   0.0   0.0
 1955    0.0   0.0   0.0   7.0  51.0  89.0 410.5 340.0  90.0   4.0   0.0   0.0
 1956    0.0   0.0   0.0   2.0  61.0 268.5 158.5 233.5  50.5  15.0   0.0   0.0
 1957    0.0   0.0   0.0   6.0  12.5 111.5 355.0 191.5  16.0   0.0   0.0   0.0
 1958    0.0   0.0   0.0   3.0  45.5  67.5 130.0 250.5  54.0   6.5   0.0   0.0
 1959    0.0   0.0   0.0   0.0  67.5 199.5 204.5 320.0  89.5   0.0   0.0   0.0
 1960    0.0   0.0   0.0  19.0  14.0  88.5 214.0 219.0 108.0   6.0   0.0   0.0
 1961    0.0   0.0   0.0   0.0  31.5 146.0 184.0 187.0  78.0   3.0   0.0   0.0
 1962    0.0   0.0   0.0  10.0 115.5 126.0 174.5 165.5  34.5  20.5   0.0   0.0
 1963    0.0   0.0   0.0   5.5  43.5 253.5 240.5 174.5  76.0  43.0   0.0   0.0
 1964    0.0   0.0   0.0   2.5  96.0 161.0 323.0 129.5  71.5   0.5   0.0   0.0
 1965    0.0   0.0   0.0   0.0  75.5 131.0 231.0 159.5  15.0  10.0   0.0   0.0
 1966    0.0   0.0   0.0   0.0  33.0 169.5 335.0 129.0  43.0   8.0   0.0   0.0
 1967    0.0   0.0   4.5  11.0  60.5 109.0 192.0 124.0   9.0   7.5   0.0   0.0
 1968    0.0   0.0   0.0   2.0  16.0 209.0 193.5 193.5  37.0  31.0   0.0   0.0
 1969    0.0   0.0   0.0   0.0  67.5  63.5 248.0 177.0  42.5  13.5   0.0   0.0
 1970    0.0   0.0   0.0  25.5  86.5 187.5 259.0 162.5 101.0  13.5   0.0   0.0
 1971    0.0   0.0   0.0   3.5  10.5 295.0 158.5 159.5 120.0  24.0   0.0   0.0
 1972    0.0   0.0   0.0   0.0  74.5 140.0 199.0 211.0  55.5   0.0   0.0   0.0
 1973    0.0   0.0   0.0   0.0   9.0 183.0 239.5 187.5  36.5  11.0   0.0   0.0
 1974    0.0   0.0   0.0   7.5  17.5  98.0 356.5 101.0  24.5   1.0   0.0   0.0
 1975    0.0   0.0   0.0   0.0  93.0 153.0 289.0 220.5  28.0  12.5   0.0   0.0
 1976    0.0   0.0   0.0  12.5  16.0 152.0 275.5 175.0  64.5  14.0   0.0   0.0
 1977    0.0   0.0   0.0  26.5 127.0 157.5 328.0 100.5  26.5   0.0   0.0   0.0
 1978    0.0   0.0   0.0   0.0  60.5 138.0 208.0 170.0 141.0   0.0   0.0   0.0
 1979    0.0   0.0   0.0   0.0  26.0 137.5 197.5 174.0  70.5   0.0   0.0   0.0
 1980    0.0   0.0   0.0  18.0  67.0 157.0 311.0 199.0  65.0   0.0   0.0   0.0
 1981    0.0   0.0   0.0   7.5  11.0 144.0 237.5 124.0  29.5   0.0   0.0   0.0
 1982    0.0   0.0   0.0   0.0  25.5  41.5 257.5 148.5  41.5   6.0   0.0   0.0
 1983    0.0   0.0   0.0   0.0   4.5 163.5 338.5 359.0 110.5  16.5   0.0   0.0
 1984    0.0   0.0   0.0   1.5  10.0 152.0 179.5 256.5  55.0   0.5   0.0   0.0
 1985    0.0   0.0   0.0  38.5  65.0 106.5 196.5  86.0 117.0   0.0   0.0   0.0
 1986    0.0   0.0   0.0   4.5  12.0 165.5 264.0  62.5  53.0   0.0   0.0   0.0
 1987    0.0   0.0   0.0  12.5 113.0 254.0 330.0 159.5  33.0   0.0   0.0   0.0
 1988    0.0   0.0   0.0   0.0  74.5 263.0 268.0 309.5  62.5   0.0   0.0   0.0
 1989    0.0   0.0   0.0   3.0  32.5 123.5 268.5 150.0  43.0   3.0   0.0   0.0
 1990    0.0   0.0   0.0  23.5   5.0 180.0 210.0 172.5 115.0   9.0   0.0   0.0
 1991    0.0   0.0   0.0  16.5 132.0 266.0 259.0 181.5  72.5   0.0   0.0   0.0
 1992    0.0   0.0   0.0   0.0  47.0 117.0 100.0  92.0  37.0   5.5   0.0   0.0
 1993    0.0   0.0   0.0   0.0   7.0  98.0 145.5 178.0  11.0  13.5   0.0   0.0
 1994    0.0   0.0   0.0  13.0  55.0 182.0 123.0  98.0  69.5   5.0   0.0   0.0
 1995    0.0   0.0   0.0   0.0   0.0 187.0 251.5 300.5  34.5  10.5   0.0   0.0
 1996    0.0   0.0   0.0   0.0  29.5 168.5 143.0 102.5  45.0   6.5   0.0   0.0
 1997    0.0   0.0   0.0   0.0   3.0 172.5 245.0 116.5  49.5  49.5   0.0   0.0
 1998    0.0   0.0   0.0   0.0  89.5 131.0 262.5 237.0 140.0   0.0   0.0   0.0
 *****************************************************************************************
 MEANS   0.0   0.0   0.1   6.4  47.3 163.5 246.7 185.1  62.3   9.1   0.0   0.0
 
 THESE ARE THE HEAT STRESS VARIABLES 1951-1998 FOR STATION #1541
             # OF DAYS MAXT >86                           HEAT INDEX
 YEAR   MAY  JUNE  JULY   AUG  SEPT  TOTAL     MAY    JUNE   JULY   AUG    SEPT  TOTAL
 1951   0.0   0.0   6.0   2.0   0.0    8.0      0.0    0.0   14.0    6.0    0.0   20.0
 1952   2.0  15.0  11.0   3.0   9.0   40.0      5.0   67.0   42.0    5.0   22.0  141.0
 1953   2.0  11.0   6.0  11.0   2.0   32.0      8.0   51.0   23.0   49.0   15.0  146.0
 1954   0.0   9.0  16.0   1.0   3.0   29.0      0.0   35.0   83.0    4.0    9.0  131.0
 1955   2.0   2.0  18.0  19.0   7.0   48.0      2.0    9.0  137.0  143.0   37.0  328.0
 1956   2.0  18.0   6.0   9.0   5.0   40.0      3.0   99.0   19.0   54.0   11.0  186.0
 1957   0.0   1.0  15.0   6.0   0.0   22.0      0.0    2.0   83.0   16.0    0.0  101.0
 1958   0.0   4.0   1.0  15.0   0.0   20.0      0.0   14.0    2.0   54.0    0.0   70.0
 1959   3.0  11.0   6.0  15.0   3.0   38.0      6.0   51.0   21.0   63.0    8.0  149.0
 1960   0.0   3.0  12.0   6.0   7.0   28.0      0.0    6.0   43.0   26.0   34.0  109.0
 1961   2.0   8.0   3.0   5.0   4.0   22.0      5.0   35.0   17.0   15.0    7.0   79.0
 1962   8.0   5.0   6.0   3.0   1.0   23.0     28.0   14.0   14.0    7.0    3.0   66.0
 1963   1.0  14.0   5.0   4.0   1.0   25.0      3.0   66.0   20.0   13.0    1.0  103.0
 1964   4.0   9.0  19.0   5.0   2.0   39.0     27.0   43.0   91.0   20.0    4.0  185.0
 1965   2.0   4.0   9.0   8.0   0.0   23.0      3.0   11.0   37.0   42.0    0.0   93.0
 1966   2.0  10.0  17.0   7.0   0.0   36.0      7.0   38.0   99.0   20.0    0.0  164.0
 1967   4.0   1.0  10.0   2.0   0.0   17.0     35.0    3.0   30.0    2.0    0.0   70.0
 1968   2.0  13.0   5.0  11.0   0.0   31.0      6.0   69.0   13.0   51.0    0.0  139.0
 1969   3.0   2.0   9.0   7.0   0.0   21.0     14.0   11.0   37.0   17.0    0.0   79.0
 1970   6.0   9.0  17.0   4.0   5.0   41.0     16.0   42.0   76.0   15.0   20.0  169.0
 1971   1.0  16.0   4.0   6.0   6.0   33.0      1.0   92.0   15.0   22.0   33.0  163.0
 1972   6.0   6.0   6.0  11.0   1.0   30.0     19.0   24.0   22.0   60.0    2.0  127.0
 1973   0.0  11.0   7.0   9.0   0.0   27.0      0.0   36.0   30.0   23.0    0.0   89.0
 1974   0.0   6.0  21.0   2.0   1.0   30.0      0.0   18.0  133.0    4.0    1.0  156.0
 1975   5.0   4.0  16.0  12.0   1.0   38.0     19.0   13.0   74.0   45.0    2.0  153.0
 1976   0.0   7.0  12.0  10.0   3.0   32.0      0.0   18.0   59.0   39.0   10.0  126.0
 1977   5.0   7.0  16.0   3.0   0.0   31.0     13.0   49.0  123.0    6.0    0.0  191.0
 1978   2.0   4.0   7.0   6.0   9.0   28.0     12.0   11.0   26.0   19.0   41.0  109.0
 1979   2.0   7.0   3.0   4.0   3.0   19.0      8.0   19.0    4.0   18.0    7.0   56.0
 1980   4.0   7.0  19.0   7.0   4.0   41.0     10.0   37.0   78.0   26.0   14.0  165.0
 1981   0.0   5.0   9.0   1.0   2.0   17.0      0.0   23.0   44.0    2.0    5.0   74.0
 1982   1.0   2.0   9.0   4.0   0.0   16.0      2.0    5.0   45.0   16.0    0.0   68.0
 1983   0.0   8.0  18.0  21.0   5.0   52.0      0.0   33.0   77.0  112.0   22.0  244.0
 1984   0.0   4.0   7.0  13.0   4.0   28.0      0.0   11.0   19.0   61.0   17.0  108.0
 1985   3.0   6.0   7.0   5.0   6.0   27.0      4.0   37.0   23.0   17.0   19.0  100.0
 1986   1.0   6.0  11.0   2.0   2.0   22.0      1.0   32.0   44.0    5.0    3.0   85.0
 1987   7.0  18.0  18.0   5.0   2.0   50.0     24.0   94.0   86.0   33.0    3.0  240.0
 1988   4.0  17.0  12.0  16.0   3.0   52.0     19.0  118.0   86.0  158.0   11.0  392.0
 1989   1.0   4.0  10.0   2.0   1.0   18.0      2.0   16.0   64.0    7.0    2.0   91.0
 1990   1.0   7.0   7.0   4.0   6.0   25.0      1.0   29.0   31.0   14.0   13.0   88.0
 1991   6.0  10.0  13.0   4.0   0.0   33.0     14.0   66.0   77.0    5.0    0.0  162.0
 1992   2.0   5.0   1.0   3.0   0.0   11.0      9.0   14.0    1.0    5.0    0.0   29.0
 1993   0.0   2.0   2.0   2.0   1.0    7.0      0.0    3.0    6.0    7.0    3.0   19.0
 1994   2.0   7.0   2.0   3.0   3.0   17.0      5.0   27.0    2.0    9.0   10.0   53.0
 1995   0.0   9.0  10.0  11.0   0.0   30.0      0.0   44.0   60.0   40.0    0.0  144.0
 1996   2.0   8.0   4.0   1.0   0.0   15.0      7.0   34.0   11.0    2.0    0.0   54.0
 1997   0.0   6.0  11.0   4.0   3.0   24.0      0.0   18.0   47.0   10.0    3.0   78.0
 1998   5.0   4.0  10.0   6.0   8.0   33.0     20.0   19.0   25.0   17.0   37.0  118.0
 *****************************************************************************************
 MEANS  2.2   7.6  10.1   7.0   2.7   29.6      7.6   34.5   48.3   30.8    9.4  130.7
