 
 THIS IS FOR STATION NUMBER 7312 1951-> 1998
                                 # OF PRECIPITATION EVENTS - % IN PARENS
 CL                   MAX   MEAN  0.01-  0.26-  0.51-  1.01-          # OF DAYS
 WK    TIME PERIOD    VAL   RAIN    0.25   0.51   1.00   2.00  >2.01 MISSING TOTAL
  1 3/1-->3/7        1.03   0.42  57(66) 16(18) 10(11)  3( 3)  0( 0)    0       86
  2 3/8-->3/14       2.14   0.52  56(62) 14(15) 16(17)  2( 2)  1( 1)    0       89
  3 3/15-->3/21      1.39   0.38  56(70) 12(15)  8(10)  3( 3)  0( 0)    0       79
  4 3/22-->3/28      2.25   0.61  52(64)  7( 8) 15(18)  6( 7)  1( 1)    0       81
  5 3/29-->4/4       1.86   0.63  64(61) 20(19) 16(15)  4( 3)  0( 0)    4      104
  6 4/5-->4/11       2.63   0.52  47(59) 19(24)  8(10)  3( 3)  2( 2)    7       79
  7 4/12-->4/18      1.38   0.64  54(54) 25(25) 16(16)  5( 5)  0( 0)    7      100
  8 4/19-->4/25      1.98   0.76  70(60) 18(15) 21(18)  6( 5)  0( 0)    7      115
  9 4/26-->5/2       1.88   0.88  66(57) 19(16) 17(14) 12(10)  0( 0)    5      114
 10 5/3-->5/9        2.02   0.78  64(57) 20(17) 20(17)  7( 6)  1( 0)    0      112
 11 5/10-->5/16      2.04   0.80  61(52) 29(25) 20(17)  5( 4)  1( 0)    0      116
 12 5/17-->5/23      3.10   0.92  51(45) 27(24) 27(24)  6( 5)  1( 0)    0      112
 13 5/24-->5/30      2.06   1.24  63(48) 25(19) 19(14) 22(16)  1( 0)    0      130
 14 5/31-->6/6       4.45   0.86  56(52) 25(23) 18(16)  5( 4)  3( 2)    0      107
 15 6/7-->6/13       2.49   1.12  57(49) 25(21) 20(17)  9( 7)  5( 4)    0      116
 16 6/14-->6/20      3.61   1.31  63(50) 22(17) 20(16) 13(10)  6( 4)    0      124
 17 6/21-->6/27      3.48   1.23  50(45) 26(23) 12(11) 13(11)  8( 7)    0      109
 18 6/28-->7/4       3.08   0.95  42(43) 26(26) 16(16) 10(10)  3( 3)    0       97
 19 7/5-->7/11       2.44   0.93  55(53) 17(16) 15(14) 11(10)  4( 3)    0      102
 20 7/12-->7/18      4.63   0.96  52(55) 14(14) 15(15)  9( 9)  4( 4)    0       94
 21 7/19-->7/25      1.75   0.62  49(53) 24(26) 12(13)  7( 7)  0( 0)    0       92
 22 7/26-->8/1       2.25   0.77  45(50) 18(20) 17(18)  8( 8)  2( 2)    0       90
 23 8/2-->8/8        3.91   0.89  67(63) 14(13) 12(11)  8( 7)  4( 3)    0      105
 24 8/9-->8/15       2.99   0.68  52(58) 19(21)  9(10)  7( 7)  2( 2)    0       89
 25 8/16-->8/22      3.95   0.88  54(52) 20(19) 19(18)  7( 6)  2( 1)    0      102
 26 8/23-->8/29      2.50   0.94  45(45) 21(21) 20(20)  9( 9)  3( 3)    0       98
 27 8/30-->9/5       5.85   0.87  51(56) 13(14) 17(18)  6( 6)  3( 3)    0       90
 28 9/6-->9/12       1.74   0.70  43(50) 20(23) 14(16)  9(10)  0( 0)    0       86
 29 9/13-->9/19      4.63   0.94  53(54) 15(15) 16(16) 11(11)  3( 3)    0       98
 30 9/20-->9/26      3.67   0.67  57(58) 16(16) 20(20)  4( 4)  1( 1)    0       98
 31 9/27-->10/3      2.84   0.61  42(55) 16(21) 10(13)  7( 9)  1( 1)    0       76
 32 10/4-->10/10     2.10   0.73  51(58) 10(11) 12(13) 13(14)  1( 1)    0       87
 33 10/11-->10/17    2.30   0.47  36(59)  5( 8) 15(24)  4( 6)  1( 1)    0       61
 34 10/18-->10/24    1.45   0.48  44(59) 12(16) 14(18)  4( 5)  0( 0)    0       74
 35 10/25-->10/31    2.23   0.39  39(62) 10(16) 12(19)  0( 0)  1( 1)    0       62
 36 11/1-->11/7      1.58   0.34  50(75)  6( 9)  6( 9)  4( 6)  0( 0)    0       66
 37 11/8-->11/14     1.72   0.35  40(65) 12(19)  5( 8)  4( 6)  0( 0)    0       61
 38 11/15-->11/21    1.76   0.41  50(67) 10(13) 12(16)  2( 2)  0( 0)    0       74
 39 11/22-->11/28    1.01   0.20  54(80) 10(14)  2( 2)  1( 1)  0( 0)    0       67
 40 11/29-->12/5     2.59   0.28  42(75)  7(12)  4( 7)  2( 3)  1( 1)    0       56
 41 12/6-->12/12     0.98   0.24  48(77)  8(12)  6( 9)  0( 0)  0( 0)    0       62
 42 12/13-->12/19    1.30   0.24  39(73)  8(15)  4( 7)  2( 3)  0( 0)    1       53
 43 12/20-->12/26    0.83   0.18  42(80)  5( 9)  5( 9)  0( 0)  0( 0)    7       52
 44 12/27-->1/2      1.60   0.24  45(77)  8(13)  3( 5)  2( 3)  0( 0)    7       58
 45 1/3-->1/9        0.82   0.13  32(80)  6(15)  2( 5)  0( 0)  0( 0)    7       40
 46 1/10-->1/16      0.90   0.18  46(79)  8(13)  4( 6)  0( 0)  0( 0)    6       58
 47 1/17-->1/23      0.98   0.21  45(77)  7(12)  6(10)  0( 0)  0( 0)    2       58
 48 1/24-->1/30      0.48   0.14  53(89)  6(10)  0( 0)  0( 0)  0( 0)    2       59
 49 1/31-->2/6       0.70   0.17  35(76)  7(15)  4( 8)  0( 0)  0( 0)    1       46
 50 2/7-->2/13       0.90   0.18  39(78)  7(14)  4( 8)  0( 0)  0( 0)    0       50
 51 2/14-->2/20      1.34   0.31  50(76)  5( 7)  8(12)  2( 3)  0( 0)    0       65
 52 2/21-->2/27      0.85   0.21  48(77) 10(16)  4( 6)  0( 0)  0( 0)    0       62
 53 2/28-->2/29      0.70   0.03   6(75)  0( 0)  2(25)  0( 0)  0( 0)    0        8
 ANNUAL TOTALS       5.85   2628(60)769(17)629(14)277( 6) 66( 1)   63     4369
 
 THESE ARE THE MONTHLY AVERAGES FOR 1951-->1998 FOR STATION NUMBER 7312
   JAN  FEB  MAR  APR  MAY  JUN  JUL  AUG  SPT  OCT  NOV  DEC  ANNUAL
   0.70 0.89 2.19 2.94 4.15 4.77 3.66 3.90 3.27 2.22 1.44 1.01 31.14  <-- PRECIP
  
   17.1 23.4 34.4 49.4 61.5 71.3 75.6 73.3 64.2 52.6 36.0 23.0  52.9  <-- TEMP
 
 TWELVE SIGNIFICANT RAINFALL EVENTS  
 MONTH  DAY  YEAR   AMOUNT
   8     30  1962     5.85
   7     17  1972     4.63
   9     13  1978     4.63
   6      5  1967     4.45
   7     17  1982     3.98
   8     22  1988     3.95
   8      5  1996     3.91
   9     26  1973     3.67
   6     19  1954     3.61
   6     24  1998     3.48
   6     14  1957     3.15
   7      4  1981     3.08
 
 GROWING DEGREE DAYS FOR 4 BASE TEMPS FOR STATION NUMBER  7312
               MARCH                       APRIL  
     ****************************  *************************** 
 YEAR  40-86  48-86  50-86  52-86   40-86  48-86  50-86  52-86  
     ****************************  *************************** 
 1951     34      9      5      3    218    117     99     83
 1952     66     34     28     23    393    253    224    200
 1953    158     81     65     51    228    113     94     76
 1954     62     18     13      9    428    277    246    215
 1955    138     73     60     49    537    363    330    298
 1956    121     52     40     31    300    190    167    145
 1957    115     47     34     25    373    242    216    193
 1958     72     27     18      9    342    203    173    145
 1959    101     43     33     24    357    226    197    171
 1960     11      0      0      0    382    238    207    180
 1961     86     33     23     17    251    138    116     96
 1962     40     18     16     14    352    213    183    158
 1963    191    124    112    100    430    273    237    205
 1964     80     30     22     15    363    220    191    164
 1965      6      1      0      0    303    173    149    129
 1966    231    134    112     93    235    125    104     86
 1967    226    148    132    117    389    244    211    182
 1968    300    192    170    150    419    264    231    201
 1969     17      2      1      0    371    221    192    164
 1970     29      2      0      0    389    256    226    200
 1971     92     46     38     30    417    274    244    215
 1972    118     54     43     32    334    195    166    142
 1973    162     64     45     30    351    222    194    167
 1974    169     80     62     47    406    258    223    194
 1975     36      7      4      2    248    126    101     82
 1976    162     98     83     70    471    313    277    242
 1977    211    110     91     72    509    351    317    285
 1978    131     75     64     54    305    176    148    124
 1979     45     11      7      4    253    146    123    105
 1980     62     20     16     13    347    219    192    166
 1981    200     98     80     63    435    280    250    222
 1982     86     31     23     17    310    195    172    152
 1983     91     46     37     31    174    100     87     74
 1984     24      1      0      0    211     97     79     61
 1985    181     89     71     55    429    289    259    231
 1986    189    116    103     91    373    233    203    175
 1987    176     99     85     73    424    287    261    237
 1988    201    117     99     81    323    208    180    155
 1989    120     68     58     48    384    251    219    189
 1990    143     68     54     42    356    223    195    170
 1991    137     65     52     43    340    202    174    148
 1992    142     65     51     39    227    131    115    100
 1993     45     21     16     11    219    119     99     84
 1994    148     79     66     55    337    226    201    176
 1995    121     53     42     32    206    112     92     73
 1996     88     36     28     21    263    161    141    121
 1997    132     65     53     42    256    157    136    115
 1998     85     45     40     35    300    176    151    126
     ****************************  *************************** 
 MEAN  116.5   58.5   48.0   39.0  339.2  210.1  183.4  159.0
 STDV   66.6   43.3   38.3   33.5   83.6   65.2   60.5   56.0
 
               MAY                         JUNE   
     ****************************  *************************** 
 YEAR  40-86  48-86  50-86  52-86   40-86  48-86  50-86  52-86  
     ****************************  *************************** 
 1951    717    488    435    386    752    518    462    406
 1952    618    399    352    307   1022    782    723    664
 1953    654    438    394    352    997    759    700    641
 1954    544    365    326    289    968    730    672    616
 1955    785    551    500    454    842    606    550    497
 1956    687    478    432    389   1005    769    711    653
 1957    588    374    330    290    860    621    562    504
 1958    738    524    475    430    778    543    488    436
 1959    682    463    414    366    931    691    632    576
 1960    656    444    398    353    827    588    530    474
 1961    568    371    330    290    864    625    568    516
 1962    820    581    525    471    863    625    567    511
 1963    632    408    360    316    982    742    682    623
 1964    798    563    509    460    893    655    598    544
 1965    776    549    495    444    902    662    602    543
 1966    582    402    364    330    890    650    593    538
 1967    538    353    313    279    864    624    566    509
 1968    516    340    301    265    928    691    634    577
 1969    677    463    414    367    750    524    472    423
 1970    766    546    495    449    938    699    641    585
 1971    595    393    351    312   1014    775    717    659
 1972    672    456    408    363    876    641    586    531
 1973    586    382    339    298    915    675    615    556
 1974    587    384    340    301    813    578    526    476
 1975    724    506    457    411    867    630    574    519
 1976    585    396    354    315    879    647    591    537
 1977    805    575    522    469    905    670    612    555
 1978    620    428    384    342    857    631    580    531
 1979    548    365    327    292    827    593    539    485
 1980    634    443    402    362    839    604    549    498
 1981    524    339    301    267    848    609    550    496
 1982    646    422    371    323    716    486    438    393
 1983    479    312    281    251    852    618    563    510
 1984    572    379    340    302    904    665    606    547
 1985    700    486    442    401    765    536    484    437
 1986    634    422    377    335    919    679    620    562
 1987    764    549    501    455    949    713    655    599
 1988    791    563    516    473    942    703    646    591
 1989    588    405    364    329    787    554    501    450
 1990    495    311    271    235    859    627    571    517
 1991    706    490    442    395    938    698    638    578
 1992    609    420    380    340    785    549    496    445
 1993    540    334    292    253    769    539    486    433
 1994    627    433    392    356    895    658    600    542
 1995    476    282    245    212    836    601    545    491
 1996    486    294    254    217    861    624    569    514
 1997    434    272    239    208    902    663    606    551
 1998    737    502    450    402    774    546    492    441
     ****************************  *************************** 
 MEAN  635.8  430.3  385.7  344.1  874.1  638.1  581.6  526.9
 STDV   99.2   83.1   78.2   73.5   73.6   71.1   69.2   66.7
 
               JULY                        AUGUST 
     ****************************  *************************** 
 YEAR  40-86  48-86  50-86  52-86   40-86  48-86  50-86  52-86  
     ****************************  *************************** 
 1951    994    746    684    622    961    713    651    589
 1952   1054    806    744    683    957    709    647    587
 1953   1057    809    747    687   1014    766    704    643
 1954   1092    844    782    720    983    735    673    611
 1955   1161    913    851    789   1089    841    779    717
 1956    990    742    680    618    996    748    689    631
 1957   1127    879    817    755    994    746    685    624
 1958    923    675    613    552   1012    765    705    646
 1959   1008    761    700    639   1100    852    790    728
 1960   1014    766    704    642   1010    762    700    638
 1961    999    751    689    627    980    732    670    608
 1962    974    726    664    604    949    701    639    580
 1963   1066    818    756    694    962    714    653    593
 1964   1079    831    769    707    891    645    585    527
 1965   1035    787    725    663    939    692    632    573
 1966   1103    855    793    732    907    661    600    540
 1967    977    730    670    612    931    687    629    572
 1968   1014    766    704    644    973    725    663    601
 1969   1044    796    734    673   1033    785    723    661
 1970   1029    781    719    658   1001    753    691    630
 1971    968    722    662    603    979    732    672    613
 1972    988    742    682    624    956    709    649    590
 1973   1017    769    707    645   1027    779    717    655
 1974   1083    835    773    712    879    634    577    522
 1975   1053    805    743    682   1034    786    724    663
 1976   1038    790    730    672    965    722    662    603
 1977   1048    800    740    680    860    619    562    507
 1978   1030    782    720    658    984    736    675    616
 1979    971    723    661    599    901    653    593    537
 1980   1046    798    736    675    966    718    656    594
 1981    996    748    686    624    881    635    578    522
 1982   1040    792    730    668    914    668    609    551
 1983   1077    829    767    705   1096    848    786    724
 1984    984    737    676    616    997    751    691    633
 1985    961    713    651    591    838    592    534    482
 1986   1059    811    749    687    838    601    544    488
 1987   1058    810    748    687    892    644    584    528
 1988    968    720    659    600    954    711    652    595
 1989   1026    778    716    654    938    690    629    569
 1990    963    715    653    592    941    693    631    573
 1991    983    735    675    615    934    686    624    562
 1992    828    580    518    459    763    521    467    419
 1993    956    708    646    584    930    682    620    558
 1994    894    646    584    523    851    604    547    490
 1995    999    751    691    631   1068    820    758    696
 1996    929    681    620    559    903    655    593    532
 1997   1023    775    713    652    908    660    598    536
 1998   1038    790    728    666   1003    755    693    631
     ****************************  *************************** 
 MEAN 1016.2  768.3  706.7  645.7  956.1  709.3  648.8  589.6
 STDV   59.3   59.2   59.1   58.7   69.9   68.7   67.3   65.1
 
               SEPTEMBER                   OCTOBER
     ****************************  *************************** 
 YEAR  40-86  48-86  50-86  52-86   40-86  48-86  50-86  52-86  
     ****************************  *************************** 
 1951    615    401    354    309    357    228    203    181
 1952    796    571    519    471     67     44     39     34
 1953    789    570    523    479    625    430    388    349
 1954    780    549    495    443    383    220    188    159
 1955    783    562    513    468    409    279    248    219
 1956    710    493    447    404    619    412    367    330
 1957    636    416    370    328    310    165    138    115
 1958    780    554    504    458    473    315    283    252
 1959    696    486    439    399    121     66     56     47
 1960    739    512    464    417    344    242    219    196
 1961    596    407    366    327      0      0      0      0
 1962    625    426    383    341    450    293    259    228
 1963    766    536    481    428    693    476    430    389
 1964    705    490    442    394    119     75     65     56
 1965    522    315    272    235    391    257    227    198
 1966    672    462    420    379    267    180    160    143
 1967    661    448    401    359    166    104     93     83
 1968    688    456    404    360    415    260    226    195
 1969    732    502    452    406    232    157    142    127
 1970    725    503    453    409    379    229    198    169
 1971    751    537    488    442    527    342    305    269
 1972    702    486    435    388    254    172    154    138
 1973    686    464    414    365    529    353    315    280
 1974    437    301    270    243      0      0      0      0
 1975    601    410    366    323      8      4      3      2
 1976    732    528    485    442    121     87     80     73
 1977    729    502    450    402    113     59     48     38
 1978    855    627    574    522    363    225    196    168
 1979    691    493    451    411    153    102     90     78
 1980    691    483    434    388    146    102     93     84
 1981    646    447    401    361    208    118     98     78
 1982    651    449    403    359    263    162    142    126
 1983    686    481    435    393    335    185    158    133
 1984    627    427    379    340    341    212    181    153
 1985    654    454    408    364    350    213    183    156
 1986    719    496    442    390    166     96     82     70
 1987    691    465    419    377     39     29     27     25
 1988    673    461    415    372     53     31     27     23
 1989    616    428    385    342     49     36     33     30
 1990    752    534    487    440    139     92     82     72
 1991    646    456    412    370     70     40     35     31
 1992    599    413    370    327    218    131    116    104
 1993    491    293    255    220    144     97     86     75
 1994    688    470    421    374    368    220    188    159
 1995    588    403    359    319    296    189    166    145
 1996    582    387    345    307    399    252    222    194
 1997    713    495    451    408    395    275    248    222
 1998    819    591    538    485    411    248    216    187
     ****************************  *************************** 
 MEAN  682.2  472.0  425.2  381.3  276.9  177.4  156.5  137.3
 STDV   82.5   69.6   66.3   62.8  175.1  116.9  104.6   93.5
 
 DAILY RECORD HIGHS AND LOWS OCCURRING DURING 1951-1998 FOR STATION NUMBER 7312
     JAN     FEB    MARCH   APRIL    MAY     JUNE    JULY    AUG     SEPT    OCT     NOV     DEC
 DY MX  MN  MX  MN  MX  MN  MX  MN  MX  MN  MX  MN  MX  MN  MX  MN  MX  MN  MX  MN  MX  MN  MX  MN
  1  55 -21  56 -26  58 -19  85  12  90  26  90  39 100  47 105  47 100  40  91  26  77  14  62   1
  2  53 -14  53 -26  69  -6  81  17  92  24  90  39  96  48 100  51  97  45  95  18  78   6  67  -4
  3  51 -14  57 -26  70  -2  82   4  91  26  95  32  98  48 103  51  92  32  91  28  76   6  60 -11
  4  48 -17  51 -24  70 -13  77  15  93  29  97  39  98  46 100  48  97  38  91  28  74  -3  56  -4
  5  56 -17  55 -26  66 -16  77  10  90  31  97  41  97  45 100  47  96  40  94  27  71  -3  59  -5
  6  45 -19  48 -20  70  -9  87  13  90  30  95  44 100  51  98  48  96  40  94  25  69   4  60 -14
  7  45 -18  52 -14  71  -9  89  14  91  29  92  43 100  47  98  45  95  38  89  23  77 -11  49 -20
  8  56 -18  65 -17  74  -9  86  14  94  27  93  38  95  49  99  49  94  38  85  25  68 -11  60 -23
  9  49 -26  60 -28  65  -8  86  13  88  28 102  44  98  51  94  47  99  38  83  27  70   5  51 -13
 10  44 -24  60 -20  72  -2  85  14  91  31  99  45  99  48  98  46  92  40  85  26  70  12  52 -10
 11  51 -18  63 -23  63  -5  85  20  92  30  99  44 105  52  96  45  90  38  87  20  72  -6  60 -11
 12  53 -29  60 -28  67 -11  84  15  87  29 100  43 100  50  97  45  91  38  90  21  70  -5  60 -17
 13  54 -28  63 -11  73 -11  84  21  87  28 100  42 105  51 100  45  92  34  90  25  68  -3  54 -15
 14  57 -25  62 -14  70 -12  88  21  92  31  99  45 100  51  97  47  95  36  90  24  72 -10  50 -17
 15  51 -22  56 -11  73   0  82  20  92  33  99  42  98  51  99  44 101  34  90  24  72   7  56 -17
 16  54 -22  55 -20  77   2  86  22  88  33  97  42  97  50 102  45  99  34  83  26  76  -2  60 -11
 17  51 -18  62 -22  71   0  83  22  91  36  92  45  98  49 102  48  97  33  85  15  71  -4  53 -18
 18  54 -21  65 -15  71   0  87  21  95  36 100  46 100  52 102  41  89  35  82  24  70   5  59 -26
 19  47 -22  62 -14  75  -1  91  20  89  35  99  43 100  53 100  46  89  31  86  13  64   5  51 -23
 20  49 -22  64  -8  71   2  90  20  93  36  99  44  96  50 100  47  95  30  84  16  63   8  54 -26
 21  51 -26  63 -10  72  -3  88  24  93  36  98  43 100  49 101  50  90  30  79  24  65  -3  52 -23
 22  49 -13  61  -8  66   6  93  25  91  31 102  43 100  50  97  51  86  27  81  15  65   5  50 -25
 23  53 -21  66 -14  79   1  96  25  90  36  95  48  99  50  97  45  82  29  81  19  64   5  53 -26
 24  56 -18  63 -20  83  -3  86  24  95  37 100  47  95  52  97  44  92  31  83  23  58   1  48 -27
 25  63 -15  62 -20  75   6  88  30 101  36 102  42  99  52 102  47  92  30  82  22  73  -1  51  -9
 26  51 -13  63 -10  78   0  88  28  94  38 100  47 103  48 104  48  95  29  85  23  58  -5  53 -20
 27  43 -16  59 -11  79   6  90  30  90  35  98  44 105  48 107  45  93  29  81  19  63  -2  53 -11
 28  48 -16  54 -18  79   8  90  28  90  35  98  49 103  51 103  39  95  28  76  18  69  -2  52 -10
 29  48 -25 *** ***  85   0  90  24  91  40 100  49 104  50 101  39  88  29  72  19  59  -2  57  -9
 30  53 -17 *** ***  88   2  90  26  91  42  97  50 109  44 102  44  92  29  77  17  67  -8  55 -15
 31  50 -20 *** ***  83  11 *** ***  90  40 *** *** 109  48  97  42 *** ***  79   9 *** ***  55 -19
 
 DAILY MAXIMUM PRECIPITATION OCCURRING DURING 1951-1998 FOR STATION NUMBER 7312
     JAN   FEB   MARCH APRIL MAY   JUNE  JULY  AUG   SEPT  OCT   NOV   DEC
 
  1  0.06  0.37  1.02  0.43  1.84  0.80  2.14  2.15  0.98  0.75  1.58  1.09
  2  0.35  0.62  0.73  1.86  1.55  0.72  1.05  2.35  1.24  1.16  1.45  0.33
  3  0.74  0.25  0.65  1.10  0.60  2.02  1.27  0.49  0.47  1.00  0.45  0.76
  4  0.15  0.61  1.03  0.77  2.02  0.89  3.08  1.40  2.55  1.57  1.09  0.27
  5  0.43  0.70  0.65  2.63  1.64  4.45  2.41  3.91  1.92  0.70  1.40  0.26
  6  0.82  0.20  1.00  1.51  1.12  0.60  1.15  0.54  1.74  1.36  0.64  0.61
  7  0.16  0.90  0.68  2.23  1.19  2.49  2.15  1.28  1.31  1.55  0.35  0.90
  8  0.30  0.30  0.98  1.15  1.40  1.97  1.40  2.00  1.69  2.10  0.52  0.32
  9  0.28  0.52  0.60  1.00  1.20  2.44  2.44  2.99  1.08  1.06  1.71  0.50
 10  0.65  0.63  0.54  0.85  1.15  0.81  2.38  1.22  0.71  1.56  1.72  0.49
 11  0.90  0.66  1.30  0.69  1.69  1.01  1.63  0.94  1.37  1.82  0.63  0.98
 12  0.52  0.23  0.81  1.01  0.97  2.10  2.51  0.95  0.85  1.56  0.58  0.60
 13  0.32  0.37  1.00  0.99  2.04  2.30  1.08  2.20  4.63  1.41  1.20  0.57
 14  0.34  0.12  2.14  1.38  0.85  3.15  1.64  1.56  1.15  0.50  0.36  1.30
 15  0.37  0.51  1.05  1.32  1.92  2.20  0.82  0.90  1.60  2.30  0.72  0.40
 16  0.81  0.36  0.22  0.60  1.06  2.61  1.40  2.13  2.90  0.65  0.98  1.26
 17  0.30  0.19  0.72  0.57  1.38  2.82  4.63  0.97  1.21  1.12  0.67  0.31
 18  0.87  1.24  1.39  1.00  1.75  1.21  0.90  1.37  1.40  1.00  0.82  0.16
 19  0.98  0.77  0.49  0.83  3.10  3.61  1.70  1.59  2.13  0.89  1.16  0.76
 20  0.51  1.34  0.41  1.70  0.73  2.42  1.10  1.32  1.26  0.69  1.76  0.55
 21  0.50  0.72  0.24  1.98  0.80  2.27  0.97  1.67  1.00  0.78  0.76  0.13
 22  0.56  0.63  1.78  1.24  1.82  1.68  1.75  3.95  0.94  1.20  0.59  0.72
 23  0.40  0.48  2.25  1.70  1.81  2.52  1.19  0.75  1.13  1.45  0.42  0.26
 24  0.21  0.33  0.78  0.68  1.23  3.48  0.60  1.80  0.58  0.45  0.26  0.58
 25  0.10  0.85  0.92  0.66  1.67  2.00  1.28  1.49  1.05  0.30  0.46  0.83
 26  0.38  0.32  1.58  1.43  1.91  1.39  2.25  2.00  3.67  0.47  0.27  0.47
 27  0.48  0.57  1.51  1.73  1.60  2.26  1.02  2.22  2.84  0.85  1.01  1.18
 28  0.43  0.70  0.96  1.88  1.96  2.01  0.85  1.70  1.06  0.47  0.78  1.60
 29  0.43******  0.85  0.94  2.06  0.82  0.75  2.50  1.95  2.23  0.94  0.58
 30  0.08******  1.83  1.62  1.28  1.83  1.35  5.85  1.33  0.93  2.59  0.56
 31  0.17******  0.65******  2.10******  0.58  2.28******  0.73******  0.24
 
 RECORD LARGEST AND SMALLEST DAILY RANGES (MAX-MIN) DURING 1951-1998 FOR STATION NUMBER 7312
     JAN     FEB    MARCH   APRIL    MAY     JUNE    JULY    AUG     SEPT    OCT     NOV     DEC
 DY MX  MN  MX  MN  MX  MN  MX  MN  MX  MN  MX  MN  MX  MN  MX  MN  MX  MN  MX  MN  MX  MN  MX  MN
  1 30   3  48   1  39   3  45   6  40   5  35   7  31  10  41  12  44   7  47   3  42   4  32   3
  2 29   2  48   3  42   2  44   6  46   6  38   4  33   7  31  10  42   8  46   7  39   5  35   3
  3 41   5  44   4  38   3  64   3  39   5  45   9  34  10  33   5  41  11  40   3  36   4  33   6
  4 30   4  39   4  40   3  51   6  44   6  40   9  36   6  34  11  39  11  42   5  42   5  35   2
  5 35   2  41   4  40   5  46   3  45   8  43   6  35  13  32   6  39   8  38   7  36   3  34   3
  6 35   2  40   3  43   6  47   7  38   6  39   6  33  13  31   7  37   9  45   6  35   1  31   4
  7 34   4  36   3  42   4  43   6  43   3  42   9  33   9  35   4  41   9  40   6  40   5  34   3
  8 37   3  41   4  43   3  48   4  47   7  38   8  38  13  37   7  47  10  42   4  36   4  38   2
  9 31   5  42   3  39   2  48   4  43   9  40   5  35  11  32  11  38   6  42   5  35   5  34   5
 10 36   4  34   3  35   3  45   5  47  10  40   9  40  10  41  12  45  11  43   5  38   4  38   2
 11 39   1  45   4  35   2  40   2  39   4  35   7  37   8  42  12  41   5  49   6  40   4  42   5
 12 30   1  41   4  40   3  44   4  43   6  39   5  30  13  36   6  42   8  45   8  43   3  41   3
 13 33   1  44   5  37   4  44   7  42   7  40  13  39  12  35   6  39   7  45   6  33   4  41   4
 14 43   6  35   6  38   5  40   4  40   5  34   8  34   9  40   8  36   5  42  11  34   7  32   1
 15 43   3  34   2  46   4  40   3  42   8  35   7  32   8  36  12  43   8  40   4  36   3  43   3
 16 33   8  40   2  38   2  41   5  45   3  35   8  32  12  38  10  45   7  37   3  40   5  51   7
 17 30   5  38   2  40   3  45   6  40   6  38   8  38  10  36  10  39   8  37   6  37   3  29   4
 18 47   6  40   3  34   2  43   6  40   6  43   7  32  12  35   9  44   7  41   6  38   3  40   4
 19 35   5  36   4  40   2  50   4  40   3  33  11  32  11  33   9  38   7  47   2  42   6  30   6
 20 45   2  38   4  34   7  42   5  39  10  32   8  29  11  38   5  43   5  49   6  37   3  32   4
 21 36   2  49   4  36   6  44   4  38   9  37   9  35   4  36   8  39   6  39   5  32   4  43   5
 22 39   2  42   3  40   4  41   3  37   4  36   9  35   8  39   9  49   8  46   6  40   4  39   4
 23 36   4  39   5  49   3  51   7  42  10  38   8  36   7  42   9  45   6  42   3  34   3  34   4
 24 37   6  45   6  50   4  39   9  39   9  39   8  38   8  34   5  41   6  43   6  33   5  45   4
 25 44   2  39   4  42   2  41   8  45   4  34  12  38  13  38   9  39   7  43   8  40   3  33   2
 26 39   3  38   4  44   4  48  10  34   7  32   7  38   8  36   3  39   7  47   6  30   4  43   3
 27 38   3  34   4  46   5  42   7  37   6  36   6  36  12  35   7  41   9  43   7  37   3  36   6
 28 39   5  37   4  45   4  40   6  36   6  37   6  36   6  40   6  43   6  42   6  38   3  40   2
 29 39   9  **  **  47   5  47   8  36   3  39  13  34  13  44   7  45   7  40   5  32   3  45   3
 30 34   2  **  **  50   6  47   4  38   5  32   6  35   9  34   6  49   6  42   7  32   3  32   2
 31 40   8  **  **  49   2  **  **  35  11  **  **  37  10  34   6  **  **  44   3  **  **  30   2
 
 DAILY  MEAN  HIGHS AND LOWS OCCURRING DURING 1951-1998 FOR STATION NUMBER 7312
     JAN     FEB    MARCH   APRIL    MAY     JUNE    JULY    AUG     SEPT    OCT     NOV     DEC
 DY MX  MN  MX  MN  MX  MN  MX  MN  MX  MN  MX  MN  MX  MN  MX  MN  MX  MN  MX  MN  MX  MN  MX  MN
  1 27  11  28   8  38  18  53  31  65  41  76  52  84  61  84  61  80  57  72  44  53  33  37  21
  2 27  10  26   6  38  19  52  31  68  41  76  52  84  61  84  61  80  57  72  44  51  31  37  21
  3 27   8  27   7  37  18  54  30  68  43  78  51  84  60  84  61  80  56  70  44  49  30  37  19
  4 25   7  28   9  36  18  53  30  69  44  79  53  84  61  84  61  78  56  68  43  48  29  37  18
  5 25   6  29   9  37  18  53  29  70  45  79  55  84  62  83  61  79  55  67  42  49  29  35  17
  6 25   7  27   9  38  17  56  31  68  43  80  56  85  61  82  61  79  54  66  42  48  29  33  15
  7 23   4  28   8  37  16  58  33  68  43  80  57  85  61  83  61  81  55  65  41  49  28  31  15
  8 25   4  29  10  37  17  56  33  70  44  79  56  85  63  84  61  80  55  66  42  49  28  30  15
  9 23   5  29   9  39  20  53  32  70  45  79  56  85  61  83  60  77  54  64  40  47  28  31  13
 10 22   4  31  13  41  21  56  32  71  45  79  57  85  62  84  60  78  51  65  39  49  28  32  13
 11 24   6  30  11  42  23  58  35  70  46  79  57  85  62  82  58  78  52  65  41  46  26  32  13
 12 25   9  30  11  42  23  55  35  71  45  81  57  85  64  83  59  76  52  67  42  44  26  31  12
 13 27   8  32  11  42  24  57  33  71  45  83  58  85  63  83  60  75  52  65  42  46  27  31  12
 14 28   9  34  14  43  23  58  35  71  46  82  58  85  63  83  60  73  51  66  41  45  25  30  13
 15 25   6  31  13  41  22  60  36  73  47  82  58  84  62  83  59  72  50  65  41  47  27  30  12
 16 25   4  30  11  43  23  61  38  72  48  80  58  86  62  83  59  72  49  64  39  45  26  31  12
 17 26   8  34  13  44  24  63  37  74  50  82  58  87  63  84  60  72  49  63  40  46  26  29  13
 18 26   8  35  16  43  26  63  38  74  50  82  59  87  65  83  60  75  51  61  37  44  26  30  11
 19 25   7  34  15  43  26  64  40  74  49  82  59  87  65  82  60  74  51  60  36  44  25  29  12
 20 25   7  35  15  44  25  63  40  76  49  82  59  85  63  82  59  72  49  60  36  43  25  27  10
 21 25   7  35  16  45  23  63  39  76  50  82  59  85  62  82  59  71  47  61  38  41  24  27   9
 22 28   9  36  15  46  24  63  38  74  50  82  59  85  62  83  59  70  45  62  38  42  22  30  12
 23 27   7  36  18  47  25  63  39  74  50  82  58  85  62  81  60  67  44  59  37  41  23  28  13
 24 28   8  35  15  46  26  64  40  75  50  83  58  85  62  81  59  69  45  59  37  40  22  28  10
 25 27   8  36  15  47  27  67  40  74  51  84  60  87  62  83  59  71  46  59  36  41  22  28  11
 26 23   6  37  17  47  27  67  41  72  51  83  60  85  62  83  60  72  46  59  35  38  21  28  11
 27 24   5  38  20  52  28  66  41  73  51  85  60  84  62  83  61  71  45  59  36  36  20  29  12
 28 25   6  37  19  53  29  64  40  74  52  85  61  84  62  82  59  71  45  57  33  34  17  30  14
 29 27   6  **  **  49  30  64  40  74  53  86  63  85  61  82  59  70  45  57  33  34  18  29  12
 30 26   6  **  **  52  30  66  41  76  53  83  62  84  61  82  60  70  45  56  35  36  18  26   9
 31 28   7  **  **  52  30  **  **  76  52  **  **  84  61  80  57  **  **  54  34  **  **  27  10
  
  # OF DAYS EACH YEAR WHERE MIN >=32 F  1951-1998 FOR STATION # 7312
   51  52  53  54  55  56  57  58  59  60  61  62  63  64  65  66  67  68  69  70
  207 207 221 224 215 203 210 218 208 211 203 214 229 222 219 215 205 219 208 209
 
   71  72  73  74  75  76  77  78  79  80  81  82  83  84  85  86  87  88  89  90
  220 212 235 213 204 194 226 209 203 191 211 209 200 195 204 212 207 189 188 193
 
   91  92  93  94  95  96  97  98
  202 201 194 209 212 194 198 235
  
 MEAN=209
 
 LENGTH OF SEASON FOR STATION NUMBER 7312   BASE TEMP=32
 LAST SPRING OCCURENCE FIRST FALL OCCURENCE  LENGTH OF SEASON
   YEAR MONTH DAY DOY         MONTH DAY DOY
   1951   4    26 116           9    28 271          155
   1952   4    15 106          10     5 279          173
   1953   5    13 133          10    26 299          166
   1954   5     8 128          10    18 291          163
   1955   4     7  97          10    15 288          191
   1956   4    30 121           9    30 274          153
   1957   5     4 124          10    10 283          159
   1958   4    29 119          10     1 274          155
   1959   4    22 112          10     9 282          170
   1960   4    30 121          10    19 293          172
   1961   5     2 122           9    28 271          149
   1962   4    19 109          10    23 296          187
   1963   5    22 142          10    29 302          160
   1964   4     9 100          10     9 283          183
   1965   4    28 118           9    24 267          149
   1966   5    10 130          10    15 288          158
   1967   5     6 126           9    28 271          145
   1968   5     5 126          10     4 278          152
   1969   6     3 154          10    14 287          133
   1970   5     2 122          10    10 283          161
   1971   4    14 104          10    28 301          197
   1972   4    25 116           9    30 274          158
   1973   4    28 118          10    29 302          184
   1974   4    24 114           9     3 246          132
   1975   4    20 110           9    25 268          158
   1976   5     8 129          10     6 280          151
   1977   4    26 116          10     3 276          160
   1978   5     6 126          10     8 281          155
   1979   5    12 132          10     5 278          146
   1980   5     8 129           9    26 270          141
   1981   5    11 131          10     1 274          143
   1982   4    26 116          10    19 292          176
   1983   5    14 134           9    20 263          129
   1984   4    30 121           9    26 270          149
   1985   4    10 100          10     1 274          174
   1986   4    22 112          10     6 279          167
   1987   4     7  97          10     3 276          179
   1988   4    20 111          10     4 278          167
   1989   5     8 128           9    23 266          138
   1990   5     3 123          10    10 283          160
   1991   4    25 115           9    19 262          147
   1992   5     7 128           9    29 273          145
   1993   4    20 110          10     9 282          172
   1994   5     1 121          10    12 285          164
   1995   5     3 123           9    22 265          142
   1996   5     1 122          10     3 277          155
   1997   5    13 133          10    20 293          160
   1998   4    17 107          10    22 295          188
             MEAN=119              MEAN=279     MEAN=159
 
 LENGTH OF SEASON FOR STATION NUMBER 7312   BASE TEMP=30
 LAST SPRING OCCURENCE FIRST FALL OCCURENCE  LENGTH OF SEASON
   YEAR MONTH DAY DOY         MONTH DAY DOY
   1951   4    23 113           9    28 271          158
   1952   4    11 102          10     5 279          177
   1953   4    20 110          10    27 300          190
   1954   5     7 127          10    18 291          164
   1955   4     7  97          10    24 297          200
   1956   4    30 121          11     7 312          191
   1957   4    14 104          10    25 298          194
   1958   4    29 119          10    26 299          180
   1959   4    13 103          10     9 282          179
   1960   4    30 121          10    19 293          172
   1961   5     1 121           9    28 271          150
   1962   4    17 107          10    23 296          189
   1963   4    23 113          10    29 302          189
   1964   4     9 100          10     9 283          183
   1965   4    28 118          10    24 297          179
   1966   5     9 129          10    16 289          160
   1967   5     4 124          10    11 284          160
   1968   4    25 116          10    19 293          177
   1969   4     6  96          10    14 287          191
   1970   5     2 122          10    10 283          161
   1971   4    14 104          10    31 304          200
   1972   4     8  99           9    30 274          175
   1973   4    28 118          10    29 302          184
   1974   4    24 114           9    22 265          151
   1975   4    20 110           9    25 268          158
   1976   5     8 129          10     6 280          151
   1977   4    26 116          10     6 279          163
   1978   5     3 123          10    23 296          173
   1979   5    12 132          10     5 278          146
   1980   5     8 129          10     3 277          148
   1981   5    11 131          10     1 274          143
   1982   4    21 111          10    19 292          181
   1983   4    19 109           9    22 265          156
   1984   4     6  97           9    26 270          173
   1985   4    10 100          10     1 274          174
   1986   4    22 112          10    14 287          175
   1987   4     7  97          10     3 276          179
   1988   4    20 111          10     5 279          168
   1989   5     7 127          10     3 276          149
   1990   5     3 123          10    10 283          160
   1991   4    11 101           9    20 263          162
   1992   5     6 127           9    29 273          146
   1993   4    17 107          10    10 283          176
   1994   4    30 120          10    25 298          178
   1995   4    11 101           9    22 265          164
   1996   4    23 114          10     3 277          163
   1997   5    13 133          10    20 293          160
   1998   3    25  84          11     3 307          223
             MEAN=113              MEAN=284     MEAN=171
 
 LENGTH OF SEASON FOR STATION NUMBER 7312   BASE TEMP=28
 LAST SPRING OCCURENCE FIRST FALL OCCURENCE  LENGTH OF SEASON
   YEAR MONTH DAY DOY         MONTH DAY DOY
   1951   4    17 107          10    24 297          190
   1952   4    11 102          10     6 280          178
   1953   4    20 110          11     4 308          198
   1954   4     8  98          10    31 304          206
   1955   3    28  87          10    24 297          210
   1956   4    30 121          11     8 313          192
   1957   4    14 104          10    25 298          194
   1958   4    29 119          10    26 299          180
   1959   4    13 103          10    12 285          182
   1960   4    30 121          10    19 293          172
   1961   4    18 108           9    28 271          163
   1962   4    15 105          10    25 298          193
   1963   4     4  94          10    29 302          208
   1964   4     8  99          10     9 283          184
   1965   4    16 106          10    24 297          191
   1966   5     9 129          10    16 289          160
   1967   5     3 123          10    11 284          161
   1968   4     5  96          10    29 303          207
   1969   4     6  96          10    14 287          191
   1970   4     4  94          11    14 318          224
   1971   4     6  96          10    31 304          208
   1972   4     8  99          10    15 289          190
   1973   4    28 118          10    29 302          184
   1974   4    24 114           9    22 265          151
   1975   4    12 102          10     2 275          173
   1976   5     8 129          10     6 280          151
   1977   4     8  98          10    13 286          188
   1978   5     3 123          10    28 301          178
   1979   4    30 120          10    13 286          166
   1980   4    14 105          10    11 285          180
   1981   4    15 105          10    18 291          186
   1982   4    20 110          10    20 293          183
   1983   4    19 109          11     9 313          204
   1984   4     5  96          10    23 297          201
   1985   4    10 100          10    31 304          204
   1986   4    22 112          10    14 287          175
   1987   4     6  96          10     3 276          180
   1988   4    20 111          10     5 279          168
   1989   4    16 106          10     4 277          171
   1990   4    18 108          10    10 283          175
   1991   4    11 101          10     7 280          179
   1992   4    13 104          10    16 290          186
   1993   4     6  96          10    10 283          187
   1994   4     8  98          10    26 299          201
   1995   4     5  95          10    22 295          200
   1996   4    17 108          10    30 304          196
   1997   5    13 133          10    22 295          162
   1998   3    25  84          11     5 309          225
             MEAN=106              MEAN=292     MEAN=186
 
 LENGTH OF SEASON FOR STATION NUMBER 7312   BASE TEMP=26
 LAST SPRING OCCURENCE FIRST FALL OCCURENCE  LENGTH OF SEASON
   YEAR MONTH DAY DOY         MONTH DAY DOY
   1951   4    16 106          10    31 304          198
   1952   4    10 101          10    17 291          190
   1953   4    19 109          11     5 309          200
   1954   4     8  98          10    31 304          206
   1955   3    28  87          10    24 297          210
   1956   4    30 121          11     8 313          192
   1957   4    14 104          10    25 298          194
   1958   4    29 119          11     6 310          191
   1959   4    13 103          10    12 285          182
   1960   4    10 101          10    19 293          192
   1961   4    18 108          11     2 306          198
   1962   4    15 105          10    25 298          193
   1963   4     4  94          11     1 305          211
   1964   4     8  99          10    10 284          185
   1965   3    30  89          10    24 297          208
   1966   5     1 121          11     1 305          184
   1967   5     2 122          10    11 284          162
   1968   4     5  96          10    29 303          207
   1969   3    31  90          10    27 300          210
   1970   4     4  94          11    14 318          224
   1971   4     6  96          10    31 304          208
   1972   4     8  99          10    15 289          190
   1973   4    13 103          10    29 302          199
   1974   4     8  98          10     1 274          176
   1975   4    12 102          10     2 275          173
   1976   5     3 124          10     6 280          156
   1977   4     8  98          10    16 289          191
   1978   5     2 122          11     1 305          183
   1979   4     6  96          10    13 286          190
   1980   4    14 105          10    11 285          180
   1981   4    15 105          10    21 294          189
   1982   4    10 100          10    20 293          193
   1983   4    18 108          11    16 320          212
   1984   4     1  92          10    23 297          205
   1985   4    10 100          11     4 308          208
   1986   4    22 112          11     2 306          194
   1987   4     6  96          10    11 284          188
   1988   4    20 111          10     6 280          169
   1989   4    13 103          10    18 291          188
   1990   4    18 108          10    11 284          176
   1991   3    31  90          10    19 292          202
   1992   4    13 104          10    16 290          186
   1993   4     6  96          10    10 283          187
   1994   4     8  98          10    26 299          201
   1995   4     5  95          11     2 306          211
   1996   4    10 101          10    30 304          203
   1997   4    18 108          10    22 295          187
   1998   3    25  84          11     6 310          226
             MEAN=102              MEAN=296     MEAN=193
 
 LENGTH OF SEASON FOR STATION NUMBER 7312   BASE TEMP=24
 LAST SPRING OCCURENCE FIRST FALL OCCURENCE  LENGTH OF SEASON
   YEAR MONTH DAY DOY         MONTH DAY DOY
   1951   3    24  83          10    31 304          221
   1952   4    10 101          10    17 291          190
   1953   4    18 108          11     5 309          201
   1954   4     4  94          10    31 304          210
   1955   3    28  87          10    31 304          217
   1956   4    24 115          11    15 320          205
   1957   4    14 104          10    25 298          194
   1958   4    29 119          11    24 328          209
   1959   3    22  81          11     5 309          228
   1960   4    10 101          10    19 293          192
   1961   4    16 106          11     3 307          201
   1962   4    15 105          10    25 298          193
   1963   3    21  80          11     2 306          226
   1964   3    30  90          11    19 324          234
   1965   3    30  89          11     9 313          224
   1966   4    21 111          11     2 306          195
   1967   5     2 122          10    11 284          162
   1968   4     5  96          11     8 313          217
   1969   3    31  90          10    27 300          210
   1970   4     4  94          11    15 319          225
   1971   4     6  96          11     6 310          214
   1972   4     8  99          10    19 293          194
   1973   4    11 101          11     5 309          208
   1974   4     8  98          10     2 275          177
   1975   4     4  94          10    29 302          208
   1976   4    12 103          10    17 291          188
   1977   4     6  96          11    10 314          218
   1978   3    18  77          11    14 318          241
   1979   4     6  96          10    14 287          191
   1980   3    17  77          10    11 285          208
   1981   3    24  83          10    21 294          211
   1982   4    10 100          10    21 294          194
   1983   4    17 107          11    23 327          220
   1984   3    31  91          11     2 307          216
   1985   4     9  99          11     4 308          209
   1986   3    22  81          11     2 306          225
   1987   4     5  95          10    11 284          189
   1988   4    20 111          10    29 303          192
   1989   4    13 103          10    20 293          190
   1990   4    18 108          10    26 299          191
   1991   3    31  90          10    19 292          202
   1992   4    13 104          10    18 292          188
   1993   4     6  96          10    30 303          207
   1994   4     7  97          10    26 299          202
   1995   4     5  95          11     2 306          211
   1996   4    10 101          10    30 304          203
   1997   4    17 107          10    22 295          188
   1998   3    24  83          11     6 310          227
             MEAN= 97              MEAN=302     MEAN=205
 
 THESE ARE THE MONTHLY AVG. MAX TEMPS 1951-1998 FOR STATION #7312
 YEAR    JAN   FEB  MARCH APRIL  MAY  JUNE  JULY AUGUST SEPT   OCT   NOV   DEC   ANN
  
 1951   26.9  34.0  35.1  52.0  73.8  74.2  83.2  81.6  70.5  62.7  41.3  27.4  55.2
 1952   27.8  38.7  39.3  62.4  70.6  88.3  87.8  82.2  81.3  64.5  48.7  31.6  60.3
 1953   29.2  34.0  46.9  53.9  72.3  87.3  88.3  88.3  83.0  74.1  53.9  39.3  62.5
 1954   28.6  47.6  40.1  64.8  69.0  84.7  90.9  82.8  77.5  60.2  53.5  36.2  61.3
 1955   30.2  29.3  44.6  71.4  79.4  80.0  94.2  95.4  82.2  68.6  40.1  26.6  61.8
 1956   25.8  31.2  45.0  59.4  74.5  89.5  85.3  85.4  78.3  72.6  44.1  36.4  60.6
 1957   23.0  37.7  45.7  61.0  69.6  79.9  89.9  84.3  72.3  58.5  41.4  38.8  58.5
 1958   29.7  27.8  41.6  61.2  77.4  77.8  79.9  86.2  78.9  69.0  50.6  30.6  59.2
 1959   24.8  29.9  44.5  62.3  72.5  84.0  85.5  89.5  74.7  58.3  36.6  39.5  58.5
 1960   25.7  26.9  28.7  61.8  73.4  78.8  85.8  84.0  76.2  66.8  49.9  32.5  57.5
 1961   30.4  37.0  43.0  55.5  69.7  81.2  84.8  84.1  71.6  67.3  44.2  25.8  57.9
 1962   23.5  27.9  35.2  61.0  77.8  80.1  82.7  83.3  72.5  65.6  49.4  34.2  57.8
 1963   18.9  30.9  50.0  65.1  70.4  86.1  87.7  82.4  76.5  76.0  53.1  24.4  60.1
 1964   36.2  40.4  41.6  61.4  78.6  82.0  90.2  80.6  74.2  64.5  49.0  28.3  60.6
 1965   26.7  28.7  30.0  58.7  76.9  81.1  85.4  83.8  66.1  66.3  47.6  40.2  57.6
 1966   20.6  34.2  52.1  54.4  71.9  82.1  89.1  81.9  75.3  66.6  46.0  32.0  58.9
 1967   30.8  32.0  52.7  63.2  69.3  78.7  84.1  82.7  74.4  61.3  45.7  35.4  59.2
 1968   28.3  32.0  57.6  65.0  69.0  84.2  84.4  84.1  73.3  64.1  43.1  28.0  59.4
 1969   21.3  30.3  33.1  62.4  73.3  76.8  84.8  86.2  76.2  58.7  47.7  29.0  56.6
 1970   18.6  35.7  38.5  63.3  77.4  84.6  87.0  84.7  75.8  60.2  44.2  32.7  58.6
 1971   22.0  30.1  41.9  64.6  71.4  88.4  83.5  86.1  78.5  67.4  46.1  32.1  59.3
 1972   24.1  26.4  46.2  60.0  72.7  82.7  83.6  82.8  74.5  60.9  41.1  25.5  56.7
 1973   30.0  32.9  49.9  61.1  70.4  83.8  83.3  84.6  72.3  68.6  46.9  28.2  59.3
 1974   25.8  35.6  49.3  63.7  69.9  80.9  91.3  80.2  73.7  66.7  47.1  34.8  59.9
 1975   27.5  27.5  35.4  53.0  76.0  79.8  87.6  85.9  71.8  71.3  50.2  34.0  58.3
 1976   32.9  46.0  47.1  67.4  71.6  84.2  88.5  87.1  79.5  60.0  43.6  32.0  61.7
 1977   19.2  42.2  52.0  68.9  79.5  85.1  88.8  79.7  75.7  61.2  44.6  29.0  60.5
 1978   17.9  22.6  43.7  59.0  71.9  82.4  85.5  84.3  81.7  64.4  43.8  26.9  57.0
 1979   13.0  20.8  39.0  54.9  70.3  80.4  82.7  80.6  77.1  61.5  41.8  37.3  55.0
 1980   27.9  26.6  39.2  62.2  74.0  80.7  88.9  82.3  76.1  58.3  50.1  31.9  58.2
 1981   34.2  37.5  52.0  66.5  68.9  81.8  82.5  79.6  75.0  57.7  48.5  28.7  59.4
 1982   16.2  31.3  41.5  57.4  71.2  75.7  85.1  80.0  73.0  62.3  41.0  34.5  55.8
 1983   29.7  35.5  40.7  50.6  67.9  79.1  87.2  90.3  76.0  59.2  41.2  13.5  55.9
 1984   26.5  39.0  35.5  52.9  70.6  81.8  85.6  87.0  74.1  61.8  46.8  33.3  57.9
 1985   24.3  28.4  50.7  64.2  76.7  79.7  85.8  80.0  71.7  61.5  35.5  20.9  56.6
 1986   32.8  27.6  50.6  62.9  72.2  83.7  87.5  79.1  74.4  62.2  41.2  33.2  58.9
 1987   34.6  45.9  49.1  66.4  79.8  86.9  87.8  80.4  75.8  59.1  50.5  35.2  62.6
 1988   24.2  28.9  51.4  61.4  80.7  89.1  87.8  87.6  74.8  57.3  45.9  33.1  60.2
 1989   35.7  23.1  40.7  62.3  72.7  78.2  85.8  81.8  72.6  65.0  43.4  21.8  56.9
 1990   37.9  35.5  46.5  60.2  66.8  79.7  81.4  80.7  76.7  62.1  49.7  26.7  58.7
 1991   20.1  37.0  46.7  60.7  72.0  81.3  83.5  81.2  72.6  60.2  32.3  32.7  56.7
 1992   34.6  37.6  47.3  53.9  73.0  78.6  76.1  75.5  71.5  62.0  37.4  31.1  56.5
 1993   22.7  23.0  37.2  53.7  67.4  75.9  78.9  79.5  66.4  58.5  40.7  30.9  52.9
 1994   17.9  24.0  48.0  60.8  73.1  80.3  79.5  78.3  74.0  63.1  46.6  31.5  56.4
 1995   23.4  32.9  42.1  52.7  65.5  78.8  84.8  86.2  71.4  61.0  37.9  31.4  55.7
 1996   23.3  33.1  39.5  56.7  64.6  79.8  80.8  79.6  70.2  63.5  34.7  22.3  54.0
 1997   21.1  30.9  45.5  54.7  64.6  83.9  83.8  80.3  76.6  64.2  38.6  33.2  56.5
 1998   27.9  38.9  36.8  58.6  75.8  75.7  83.7  81.5  81.4  63.4  48.2  39.1  59.3
 MEANS  26.1  32.6  43.6  60.2  72.5  81.7  85.5  83.2  75.0  63.5  44.7  31.1  58.3
 
 THESE ARE THE MONTHLY AVG. MIN TEMPS 1951-1998 FOR STATION #7312
 YEAR    JAN   FEB  MARCH APRIL  MAY  JUNE  JULY AUGUST SEPT   OCT   NOV   DEC   ANN
  
 1951    8.0  15.4  16.7  35.4  52.3  56.1  62.8  61.3  50.1  41.5  22.2  11.2  36.1
 1952    9.0  25.0  23.9  38.5  49.6  63.8  63.7  60.4  53.5  35.7  28.1  18.7  39.2
 1953   12.4  18.3  27.7  34.3  49.7  63.0  63.6  61.8  51.9  45.5  30.9  17.6  39.7
 1954    4.9  27.3  22.5  39.1  44.1  62.7  65.6  61.8  55.5  41.9  32.7  20.5  39.9
 1955   11.6   8.9  21.8  43.6  51.8  56.9  69.4  64.8  53.1  41.3  17.9   8.3  37.5
 1956    7.1   9.8  21.9  31.9  49.7  62.6  61.1  61.9  49.9  46.3  26.7  19.0  37.3
 1957    3.5  19.2  25.0  37.3  48.1  58.0  67.2  61.7  50.2  40.2  27.5  22.7  38.4
 1958   16.4   7.9  25.2  37.8  50.2  54.7  59.8  62.3  53.4  42.2  26.8   9.3  37.2
 1959    4.9   9.4  25.9  37.0  51.4  60.0  61.1  66.6  52.4  37.5  18.3  25.5  37.5
 1960   10.7  11.4  11.0  39.2  47.9  56.6  61.8  62.6  54.6  40.4  28.3  14.1  36.6
 1961    9.4  17.6  28.2  33.5  46.0  57.6  61.1  60.7  50.0  42.1  26.4  10.0  36.9
 1962    4.0  13.8  18.7  35.7  55.3  57.9  61.3  59.2  48.9  44.8  31.9  15.5  37.2
 1963    1.0  10.4  29.9  40.1  49.9  61.9  63.7  61.2  54.7  50.3  32.1   5.9  38.4
 1964   16.5  17.7  19.7  39.2  53.6  58.6  64.7  58.2  53.0  39.2  29.8  10.8  38.4
 1965    6.8   7.5  15.4  37.0  53.1  59.4  63.4  59.8  48.4  42.9  27.2  24.1  37.1
 1966    2.2  11.7  28.6  34.1  44.1  58.2  66.1  58.0  49.4  39.6  24.8  13.8  35.9
 1967   11.6   8.8  27.6  38.4  44.9  59.1  60.7  57.7  49.0  39.7  25.8  17.6  36.7
 1968   10.3  11.6  29.0  39.0  43.6  59.7  62.3  61.6  52.6  42.5  27.6  12.5  37.7
 1969    5.0  16.0  15.3  38.7  50.2  53.3  64.6  62.2  52.4  39.0  27.1  15.1  36.6
 1970    0.3  14.0  22.2  37.2  52.1  60.2  62.4  62.1  53.5  41.2  27.9  13.4  37.2
 1971    4.4  14.1  24.6  38.1  46.4  63.2  60.4  59.4  52.4  45.9  29.0  18.1  38.0
 1972    5.7   6.2  25.1  36.5  50.9  56.8  61.4  61.3  51.7  37.5  28.8   8.6  35.9
 1973   12.5  17.4  33.5  36.1  46.4  58.6  63.6  62.4  53.3  45.2  30.1  12.3  39.3
 1974    7.6  16.6  26.9  38.5  47.4  54.8  64.4  56.8  45.7  40.1  28.0  16.2  36.9
 1975    8.0  11.4  17.4  35.5  50.9  58.4  63.3  62.7  47.5  38.1  27.3  18.3  36.6
 1976    9.6  21.6  26.0  39.2  43.9  55.6  61.9  58.5  49.6  33.5  18.5   6.3  35.3
 1977   -2.0  16.0  30.2  41.2  52.3  57.5  62.9  56.2  53.0  38.9  27.4  13.7  37.3
 1978   -1.6   2.4  21.8  37.1  46.5  55.7  63.2  60.6  56.6  39.7  25.2   9.7  34.7
 1979   -3.6  -0.9  23.3  34.6  43.0  55.7  60.7  58.7  48.8  35.4  24.0  15.7  32.9
 1980    9.9   7.6  21.5  36.2  45.9  56.3  62.9  61.2  49.3  33.7  24.6  13.5  35.2
 1981    9.9  14.1  23.9  39.7  43.3  55.9  63.2  57.5  47.7  35.8  29.5  12.2  36.1
 1982   -6.2   7.3  22.7  33.0  50.3  52.1  63.3  59.8  49.9  38.4  23.1  16.7  34.2
 1983   14.1  20.2  26.5  32.1  41.8  58.3  64.9  65.5  49.3  39.1  28.1  -2.9  36.4
 1984    9.4  21.0  19.6  36.5  45.5  59.1  59.7  60.4  47.0  40.1  25.4  11.7  36.3
 1985    3.6   8.1  28.6  40.0  48.5  52.7  57.9  54.9  51.8  37.5  17.3  -0.5  33.4
 1986   13.1  10.0  26.3  38.2  48.4  59.2  64.0  55.2  53.4  40.2  20.3  16.0  37.0
 1987   14.8  21.5  28.1  36.0  50.7  59.8  64.0  58.6  50.4  32.1  30.7  20.9  39.0
 1988    3.6   7.1  24.4  32.0  51.1  58.1  58.5  59.1  50.1  33.0  25.3  15.0  34.8
 1989   17.6   0.7  20.5  34.5  43.3  54.7  62.9  59.3  47.3  35.8  18.3   1.5  33.1
 1990   17.2  13.6  26.6  33.2  43.6  58.4  61.8  60.6  53.6  35.7  27.1   6.8  36.5
 1991    0.6  17.0  25.9  38.7  53.1  62.3  61.6  59.7  48.5  35.2  17.2  17.4  36.4
 1992   19.2  24.1  27.2  33.7  45.5  53.9  57.4  53.8  47.5  36.5  26.8  15.1  36.7
 1993    4.1   8.3  20.6  33.6  47.3  55.5  63.0  60.7  45.2  35.3  21.7  15.8  34.2
 1994   -2.7   3.2  24.8  34.1  46.6  60.0  58.3  56.9  51.7  41.5  27.7  14.6  34.7
 1995    8.0  14.1  25.7  32.5  44.6  58.0  62.0  65.3  46.9  38.4  19.6  17.5  36.1
 1996    4.7  12.2  15.5  31.4  46.5  58.9  59.6  58.7  48.4  37.9  20.4   9.1  33.6
 1997    3.0  14.0  24.9  31.8  40.8  57.3  63.8  59.0  51.0  39.2  23.7  20.8  35.8
 1998   14.8  24.5  21.6  38.4  52.1  56.5  64.1  63.8  54.2  41.5  30.6  18.4  40.0
 MEANS   7.4  13.2  23.7  36.4  48.0  58.0  62.5  60.3  50.8  39.5  25.7  13.8  36.6
 
 THESE ARE THE MONTHLY AVG. MEAN TEMPS 1951-1998 FOR STATION #7312
 YEAR    JAN   FEB  MARCH APRIL  MAY  JUNE  JULY AUGUST SEPT   OCT   NOV   DEC   ANN
  
 1951   17.5  24.7  25.9  43.7  63.0  65.2  73.0  71.5  60.3  52.1  31.7  19.3  45.6
 1952   18.4  31.8  31.6  50.5  60.1  76.1  75.8  71.3  67.4  50.1  38.4  25.2  49.7
 1953   20.8  26.2  37.3  44.1  61.0  75.1  76.0  75.1  67.4  59.8  42.4  28.5  51.1
 1954   16.8  37.5  31.3  52.0  56.5  73.7  78.3  72.3  66.5  51.0  43.1  28.3  50.6
 1955   20.9  19.1  33.2  57.5  65.6  68.4  81.8  80.1  67.6  54.9  29.0  17.5  49.6
 1956   16.5  20.5  33.5  45.7  62.1  76.0  73.2  73.7  64.1  59.5  35.4  27.7  49.0
 1957   13.2  28.4  35.4  49.1  58.8  68.9  78.5  73.0  61.3  49.4  34.5  30.7  48.4
 1958   23.1  17.8  33.4  49.5  63.8  66.3  69.9  74.2  66.2  55.6  38.7  19.9  48.2
 1959   14.9  19.6  35.2  49.6  61.9  72.0  73.3  78.1  63.5  47.9  27.4  32.5  48.0
 1960   18.2  19.1  19.9  50.5  60.6  67.7  73.8  73.3  65.4  53.6  39.1  23.3  47.0
 1961   19.9  27.3  35.6  44.5  57.8  69.4  73.0  72.4  60.8  54.7  35.3  17.9  47.4
 1962   13.7  20.8  27.0  48.3  66.5  69.0  72.0  71.2  60.7  55.2  40.6  24.8  47.5
 1963   10.0  20.7  40.0  52.6  60.1  74.0  75.7  71.8  65.6  63.1  42.6  15.1  49.3
 1964   26.3  29.1  30.6  50.3  66.1  70.3  77.5  69.4  63.6  51.9  39.4  19.5  49.5
 1965   16.7  18.1  22.7  47.8  65.0  70.3  74.4  71.8  57.2  54.6  37.4  32.2  47.4
 1966   11.4  22.9  40.3  44.2  58.0  70.1  77.6  70.0  62.3  53.1  35.4  22.9  47.4
 1967   21.2  20.4  40.1  50.8  57.1  68.9  72.4  70.2  61.7  50.5  35.8  26.5  48.0
 1968   19.3  21.8  43.3  52.0  56.3  72.0  73.4  72.9  62.9  53.3  35.3  20.2  48.6
 1969   13.2  23.1  24.2  50.6  61.7  65.0  74.7  74.2  64.3  48.8  37.4  22.0  46.6
 1970    9.4  24.9  30.4  50.3  64.8  72.4  74.7  73.4  64.7  50.7  36.0  23.1  47.9
 1971   13.2  22.1  33.2  51.3  58.9  75.8  71.9  72.7  65.4  56.6  37.5  25.1  48.7
 1972   14.9  16.3  35.7  48.2  61.8  69.8  72.5  72.0  63.1  49.2  35.0  17.1  46.3
 1973   21.3  25.1  41.7  48.6  58.4  71.2  73.5  73.5  62.8  56.9  38.5  20.2  49.3
 1974   16.7  26.1  38.1  51.1  58.7  67.8  77.8  68.5  59.7  53.4  37.6  25.5  48.4
 1975   17.7  19.4  26.4  44.3  63.5  69.1  75.4  74.3  59.7  54.7  38.8  26.1  47.4
 1976   21.2  33.8  36.5  53.3  57.7  69.9  75.2  72.8  64.6  46.7  31.0  19.1  48.5
 1977    8.6  29.1  41.1  55.0  65.9  71.3  75.9  67.9  64.3  50.1  36.0  21.3  48.9
 1978    8.2  12.5  32.8  48.0  59.2  69.1  74.3  72.5  69.2  52.0  34.5  18.3  45.9
 1979    4.7   9.9  31.1  44.8  56.7  68.0  71.7  69.7  63.0  48.5  32.9  26.5  43.9
 1980   18.9  17.1  30.3  49.2  60.0  68.5  75.9  71.7  62.7  46.0  37.3  22.7  46.7
 1981   22.0  25.8  37.9  53.1  56.1  68.8  72.9  68.5  61.4  46.8  39.0  20.5  47.7
 1982    5.0  19.3  32.1  45.2  60.8  63.9  74.2  69.9  61.4  50.3  32.0  25.6  45.0
 1983   21.9  27.8  33.6  41.3  54.9  68.7  76.1  77.9  62.7  49.2  34.6   5.3  46.2
 1984   17.9  30.0  27.5  44.7  58.1  70.4  72.7  73.7  60.5  50.9  36.1  22.5  47.1
 1985   13.9  18.3  39.7  52.1  62.6  66.2  71.8  67.5  61.7  49.5  26.4  10.2  45.0
 1986   22.9  18.8  38.5  50.6  60.3  71.4  75.7  67.1  63.9  51.2  30.8  24.6  48.0
 1987   24.7  33.7  38.6  51.2  65.3  73.4  75.9  69.5  63.1  45.6  40.6  28.1  50.8
 1988   13.9  18.0  37.9  46.7  65.9  73.6  73.2  73.4  62.5  45.1  35.6  24.0  47.5
 1989   26.7  11.9  30.6  48.4  58.0  66.5  74.4  70.5  59.9  50.4  30.9  11.7  45.0
 1990   27.6  24.5  36.6  46.7  55.2  69.1  71.6  70.6  65.2  48.9  38.4  16.8  47.6
 1991   10.3  27.0  36.3  49.7  62.6  71.8  72.6  70.4  60.5  47.7  24.7  25.0  46.6
 1992   26.9  30.8  37.3  43.8  59.2  66.2  66.8  64.7  59.5  49.2  32.1  23.1  46.6
 1993   13.4  15.7  28.9  43.6  57.4  65.7  70.9  70.1  55.8  46.9  31.2  23.4  43.6
 1994    7.6  13.6  36.4  47.5  59.9  70.1  68.9  67.6  62.9  52.3  37.2  23.1  45.6
 1995   15.7  23.5  33.9  42.6  55.0  68.4  73.4  75.8  59.2  49.7  28.8  24.5  45.9
 1996   14.0  22.6  27.5  44.0  55.6  69.4  70.2  69.2  59.3  50.7  27.5  15.7  43.8
 1997   12.0  22.4  35.2  43.2  52.7  70.6  73.8  69.7  63.8  51.7  31.2  27.0  46.1
 1998   21.3  31.7  29.2  48.5  64.0  66.1  73.9  72.7  67.8  52.4  39.4  28.8  49.6
 MEANS  16.8  22.9  33.7  48.3  60.2  69.8  74.0  71.8  62.9  51.5  35.2  22.5  47.5
 
 THESE ARE THE MONTHLY PRECIP TOTALS AND NUMBER OF MISSING DAYS 1951-1998 FOR STATION #7312
 YEAR    JAN   FEB  MARCH APRIL  MAY  JUNE  JULY AUGUST SEPT   OCT   NOV   DEC   ANN
  
 1951   0.37  2.49  3.44  5.75  5.19  5.45  4.13 10.66  2.56  2.34  0.34  0.66 43.38
           0     0     0     0     0     0     0     0     0     0     0     0     0
 1952   1.85  0.86  2.42  2.10  4.60  5.50  4.89  2.10  1.02  0.00  1.37  0.78 27.49
           0     0     0     0     0     0     0     0     0     0     0     0     0
 1953   0.71  1.10  2.01  3.36  2.93  4.36  1.03  1.98  0.28  0.49  1.55  0.95 20.75
           0     0     0     0     0     0     0     0     0     0     0     0     0
 1954   0.27  2.50  1.29  4.28  4.21  8.68  2.14  6.82  2.71  3.62  0.21  0.08 36.81
           0     0     0     0     0     0     0     0     0     0     0     0     0
 1955   0.48  1.06  0.96  3.23  0.70  1.74  3.92  1.46  1.76  1.06  0.12  0.46 16.95
           0     0     0     0     0     0     0     0     0     0     0     0     0
 1956   0.50  0.29  0.48  2.12  2.56  2.62  1.91  4.42  0.87  1.94  3.08  0.31 21.10
           0     0     0     0     0     0     0     0     0     0     0     0     0
 1957   0.44  0.35  1.54  1.03  4.21  7.86  4.87  2.75  3.88  4.01  3.02  0.70 34.66
           0     0     0     0     0     0     0     0     0     0     0     0     0
 1958   0.43  0.49  0.66  2.01  1.96  4.76  4.66  0.64  1.23  0.00  0.38  0.18 17.40
           0     0     0     0     0     0     0     0     0     0     0     0     0
 1959   0.30  1.20  3.01  2.57  8.86  2.72  0.64  2.43  3.62  1.91  1.94  1.95 31.15
           0     0     0     0     0     0     0     0     0     0     0     0     0
 1960   0.75  0.92  1.12  0.99  4.68  2.24  2.25  5.68  2.89  0.73  0.27  0.45 22.97
           0     0     0     0     0     0     0     0     0     0     0     0     0
 1961   0.15  1.63  4.10  1.29  3.08  3.59  4.35  2.03  3.93  2.02  0.98  1.33 28.48
           0     0     0     0     0     0     0     0     0     0     0     0     0
 1962   0.23  2.42  1.57  1.57  4.75  4.48  5.19  9.51  1.05  1.49  0.16  0.08 32.50
           0     0     0     0     0     0     0     0     0     0     0     0     0
 1963   0.53  0.38  1.44  2.25  4.92  2.99  3.97  2.83  2.44  1.29  0.21  0.37 23.62
           0     0     0     0     0     0     0     0     0     0     0     0     0
 1964   0.46  0.17  1.38  5.07  2.81  2.26  4.85  3.32  2.34  0.41  0.54  0.93 24.54
           0     0     0     0     0     0     0     0     0     0     0     0     0
 1965   0.58  1.66  3.32  3.33  7.10  2.34  1.76  2.62 12.01  1.12  0.50  1.20 37.54
           0     0     0     0     0     0     0     0     0     0     0     0     0
 1966   0.66  0.29  1.25  1.03  3.19  5.70  2.28  3.21  0.91  1.41  0.10  0.87 20.90
           0     0     0     0     0     0     0     0     0     0     0     0     0
 1967   0.41  0.32  1.00  2.26  2.32 13.30  2.38  3.24  2.44  1.09  0.06  0.92 29.74
           0     0     0     0     0     0     0     0     0     0     0     0     0
 1968   0.54  0.14  0.51  3.73  2.57  4.40  3.47  5.08  8.15  3.89  1.07  2.97 36.52
           0     0     0     0     0     0     0     0     0     0     0     0     0
 1969   1.21  1.58  0.60  2.15  2.24  5.54  2.65  1.25  1.82  2.87  0.22  1.78 23.91
           0     0     0     0     0     0     0     0     0     0     0     0     0
 1970   0.26  0.08  2.73  2.08  4.06  2.25  5.47  2.26  4.26  4.07  1.04  0.76 29.32
           0     0     0     0     0     0     0     0     0     0     0    13    13
 1971   0.00  3.02  0.95  0.73  2.29  2.56  3.57  1.46  2.80  5.98  1.64  0.89 25.89
          15     0     0     0     0     0     0     0     0     0     0     0    15
 1972   0.58  0.83  0.51  0.00  4.45  5.92  7.35  3.98  4.27  3.27  2.69  1.52 35.37
           0     0     0    30     0     0     0     0     0     0     0     0    30
 1973   1.92  1.64  3.51  2.89  5.58  4.58  6.78  1.78  7.63  3.59  3.13  1.43 44.46
           0     0     0     0     0     0     0     0     0     0     0     0     0
 1974   0.42  0.37  0.99  2.35  5.44  2.69  1.93  5.75  1.06  1.32  0.95  0.55 23.82
           0     0     0     0     0     0     0     0     0     0     0     0     0
 1975   2.53  1.01  2.28  5.23  5.14  5.28  1.81  3.29  1.36  0.23  4.68  1.30 34.14
           0     0     0     0     0     0     0     0     0     0     0     0     0
 1976   0.02  0.84  3.25  2.26  4.28  1.41  2.57  0.40  1.61  1.55  0.00  0.51 18.70
           0     0     0     0     0     0     0     0     0     0     0     0     0
 1977   0.22  0.69  4.39  3.29  2.48  4.18  2.38  6.10  4.92  2.66  1.47  0.62 33.40
           0     0     0     0     0     0     0     0     0     0     0     0     0
 1978   0.28  0.98  0.63  3.52  3.91  3.97  5.75  4.17  7.58  1.01  1.67  1.04 34.51
           0     0     0     0     0     0     0     0     0     0     0     0     0
 1979   1.43  0.71  7.76  2.15  3.12  4.85  1.82  3.93  2.63  3.50  1.75  0.26 33.91
           0     0     0     0     0     0     0     0     0     0     0     0     0
 1980   1.40  0.60  0.98  1.44  3.02  2.51  1.65  7.00  1.75  1.91  0.22  0.17 22.65
           0     0     0     0     0     0     0     0     0     0     0     0     0
 1981   0.00  0.49  0.98  1.37  4.59  3.66  5.45  4.75  1.04  2.95  1.03  1.25 27.56
           0     0     0     0     0     0     0     0     0     0     0     0     0
 1982   1.51  0.44  2.17  1.97  7.36  3.07  8.16  4.44  3.66  3.94  2.23  3.20 42.15
           0     0     0     0     0     0     0     0     0     0     0     0     0
 1983   0.73  1.50  5.36  2.54  4.63 11.99  1.59  2.77  3.62  4.23  4.01  0.70 43.67
           0     0     0     0     0     0     0     0     0     0     0     0     0
 1984   0.28  0.81  1.45  9.41  6.39  7.99  3.00  0.60  1.45  6.02  2.22  3.50 43.12
           1     0     0     0     0     0     0     0     0     0     0     0     1
 1985   0.16  0.24  2.55  2.63  3.16  3.66  1.31  4.69  6.03  1.74  0.97  1.18 28.32
           2     1     0     0     0     0     0     0     0     0     0     0     3
 1986   0.15  1.29  3.15  8.35  4.58  3.66  3.81  5.60  6.58  4.23  0.98  0.75 43.13
           0     0     0     0     0     0     0     0     0     0     0     0     0
 1987   0.12  0.03  4.08  2.62  5.03  1.95  9.49  6.79  5.12  0.77  1.63  1.15 38.78
           0     0     0     0     0     0     0     0     0     0     0     0     0
 1988   0.62  0.61  0.17  2.56  1.83  3.51  2.68  6.04  4.61  0.40  2.94  0.86 26.83
           1     0     0     0     0     0     0     0     0     0     0     0     1
 1989   1.21  0.37  0.99  1.33  2.55  2.71  2.07  1.51  3.78  0.81  0.19  0.47 17.99
           0     0     0     0     0     0     0     0     0     0     0     0     0
 1990   0.56  0.43  5.31  1.31  8.06 10.98  3.62  4.73  1.61  1.11  1.06  1.45 40.23
           0     0     0     0     0     0     0     0     0     0     0     0     0
 1991   0.70  0.59  5.55  6.82  6.77  4.84  1.40  2.91  2.44  2.24  5.23  1.39 40.88
           0     0     0     0     0     0     0     0     0     0     0     0     0
 1992   1.48  0.95  2.46  2.84  2.09  3.84  9.78  1.87  2.04  3.54  3.48  1.53 35.90
           0     0     0     0     0     0     0     0     0     0     0     0     0
 1993   1.01  1.65  2.08  3.98  4.66  6.11  6.44  6.48  2.46  1.12  0.98  0.94 37.91
           0     0     0     0     0     0     0     0     0     0     0     0     0
 1994   1.28  0.74  0.09  2.43  2.09  5.19  3.81  5.49  5.25  2.17  1.73  1.36 31.63
           0     0     0     0     0     0     0     0     0     0     0     0     0
 1995   0.74  0.16  3.15  4.21  5.87  3.58  1.99  4.05  5.07  2.07  0.73  0.47 32.09
           0     0     0     0     0     0     0     0     0     0     0     0     0
 1996   1.41  0.12  1.33  1.20  6.09  7.67  2.54  6.40  2.63  2.01  2.64  1.06 35.10
           0     0     0     0     0     0     0     0     0     0     0     0     0
 1997   0.78  0.86  1.61  3.58  2.79  4.86  2.68  0.78  3.35  2.18  0.70  0.76 24.93
           0     0     0     0     0     0     0     0     0     0     0     0     0
 1998   1.03  0.69  2.69  6.10  3.99  9.05  3.45  5.14  0.42  4.16  0.94  0.34 38.00
           0     0     0     0     0     0     0     0     0     0     0     0     0
 
 MEANS  0.70  0.89  2.19  2.94  4.15  4.77  3.66  3.90  3.27  2.22  1.44  1.01 31.14
 PRECIPITATION MEANS AND TOTALS ARE BASED ON DATA AVAILABLE
 NO ATTEMPT WAS MADE TO ESTIMATE MISSING PRECIPITATION DATA
 *****************************************************************************************
 *****************************************************************************************
 
 THESE ARE THE MONTHLY HEATING DEGREE DAYS 1951-1998 FOR STATION #7312
 YEAR    JAN    FEB   MARCH  APRIL   MAY    JUNE   JULY  AUGUST  SEPT   OCT   NOV   DEC
 
 1951  1474.0 1129.0 1212.0  646.5  115.5   70.0    9.5    6.0  169.5  425.0  998.0 1417.0
 1952  1444.0  962.5 1036.0  450.5  200.0    0.0    0.0    2.5   62.0  462.5  797.5 1235.0
 1953  1370.5 1087.5  859.0  628.5  181.5    7.5    2.0    0.0   60.5  218.5  678.5 1132.0
 1954  1495.0  771.0 1046.0  401.5  293.5   36.5    0.0    2.0   71.5  440.5  656.5 1137.0
 1955  1366.5 1286.0  985.0  236.5   67.5   52.0    0.0    0.0   83.0  331.0 1079.5 1473.0
 1956  1504.5 1291.0  978.0  581.5  173.5   10.0    0.0   16.0  111.0  199.5  888.0 1156.5
 1957  1604.5 1024.0  918.5  482.5  217.0   22.5    0.0    3.5  136.5  485.0  915.5 1062.0
 1958  1300.0 1320.5  979.5  470.0  102.5   52.5   11.5   19.0   62.5  313.0  788.0 1397.5
 1959  1554.5 1270.5  924.0  465.0  158.5   20.0    6.5    1.5  149.5  529.5 1127.5 1008.0
 1960  1450.5 1330.0 1399.5  455.5  155.0   17.5    0.0    0.0  107.5  363.0  777.5 1294.0
 1961  1398.5 1055.5  911.5  618.0  249.5   15.5    0.0    6.5  199.0  326.5  891.0 1460.0
 1962  1589.5 1237.0 1179.0  509.5   60.0   29.0    5.5    2.0  164.5  336.5  731.5 1245.0
 1963  1706.5 1241.5  776.5  378.0  193.5    4.0    0.0   16.0   57.0  114.0  671.5 1545.5
 1964  1198.5 1042.0 1065.0  443.5   75.5   26.0    0.0   30.0  135.0  410.0  767.5 1409.0
 1965  1496.0 1314.0 1312.0  519.0   89.0    3.5    0.0   25.5  250.0  330.5  828.5 1018.0
 1966  1660.5 1177.5  764.5  625.5  255.5   20.0    0.0   17.0  126.0  376.5  888.5 1304.0
 1967  1358.5 1248.0  775.5  438.0  314.5   15.0   16.0   20.0  117.5  462.0  876.5 1194.5
 1968  1418.0 1253.0  672.5  397.0  285.5   25.5    4.0    8.0  103.0  386.0  889.5 1388.0
 1969  1607.0 1173.0 1264.5  433.0  173.0   79.0    0.0    0.0   72.0  521.0  827.5 1332.5
 1970  1722.5 1124.0 1074.0  464.0  122.5   14.5    1.0    1.0  130.5  459.5  868.5 1299.5
 1971  1605.5 1201.5  985.0  413.5  212.5    3.5   16.5    2.5  113.5  281.5  823.5 1237.0
 1972  1554.0 1411.5  909.0  506.5  181.0   20.5   10.0   10.5  133.0  492.5  901.0 1485.5
 1973  1356.0 1116.0  722.0  493.0  227.0    4.5    2.0    1.0  109.5  268.0  794.5 1387.5
 1974  1497.0 1088.0  834.5  429.0  226.0   50.0    0.0   25.5  194.5  364.5  823.0 1224.5
 1975  1465.0 1276.0 1198.0  622.5  126.5   28.0    3.0    2.5  211.0  341.0  787.5 1205.0
 1976  1356.5  904.5  882.0  362.5  245.0   14.0    0.5    6.5  101.5  577.5 1019.5 1422.5
 1977  1748.5 1005.5  741.5  316.0   46.5    4.5    3.5   32.5   65.5  463.0  870.0 1353.5
 1978  1761.5 1471.0 1000.5  509.0  230.5   37.5    0.5    3.5   48.0  404.5  915.0 1447.5
 1979  1870.0 1541.5 1049.5  607.5  287.5   53.0    3.5   35.5  127.5  512.5  963.5 1194.0
 1980  1429.5 1390.5 1075.0  494.0  204.5   38.5    1.0    7.0  139.5  589.0  830.5 1312.0
 1981  1331.5 1097.0  839.0  365.0  284.0   20.0   14.5   23.5  143.5  565.0  780.0 1381.0
 1982  1860.5 1280.0 1021.0  593.5  152.0   83.5    0.0   31.0  158.0  455.5  989.5 1222.0
 1983  1336.0 1041.0  973.5  710.0  313.5   30.0    0.0    0.0  159.0  498.5  911.0 1850.5
 1984  1459.0 1014.5 1161.5  609.0  236.5    8.0    5.5    9.0  199.5  436.5  867.5 1318.5
 1985  1583.0 1308.0  785.0  424.5  120.0   68.5    1.0   30.0  224.5  481.5 1158.0 1698.5
 1986  1304.5 1293.0  823.0  436.5  170.0    9.0    0.0   43.5   97.5  428.5 1027.5 1252.5
 1987  1250.0  876.5  817.5  430.0   91.5   11.0    3.0   49.0   95.0  601.0  731.5 1145.0
 1988  1584.5 1362.5  840.5  548.5   59.0    5.0    5.0   20.0  123.5  615.5  881.5 1269.5
 1989  1188.5 1486.5 1065.5  520.5  245.0   61.0    1.0    9.5  200.5  456.0 1023.5 1653.0
 1990  1160.5 1133.5  880.5  576.5  307.0   51.0   10.5    9.0  122.5  504.5  797.5 1494.5
 1991  1694.5 1064.5  889.0  475.5  191.0    6.0    6.0    8.0  215.0  536.0 1208.0 1239.0
 1992  1180.5  991.0  860.0  637.5  216.5   42.5   32.5   82.5  196.0  493.0  987.5 1300.0
 1993  1600.0 1381.5 1118.5  641.5  246.5   76.5    2.5   20.0  284.0  571.5 1014.0 1290.5
 1994  1780.0 1439.0  886.5  543.0  209.5   27.5    9.5   33.0  126.5  399.0  835.5 1299.0
 1995  1528.0 1162.5  964.0  671.0  309.0   52.5   12.5    0.5  213.5  486.5 1087.0 1257.0
 1996  1581.0 1228.5 1163.5  629.0  328.5   44.5    4.0    4.5  220.0  448.0 1123.5 1528.0
 1997  1641.5 1192.0  923.0  653.0  386.5    3.5    9.0   20.0  110.0  460.5 1014.5 1179.0
 1998  1353.5  931.5 1109.0  494.5  100.0   98.5    0.0    0.0   53.5  389.5  768.5 1123.5
 *****************************************************************************************
 MEANS 1526.9 1213.1  992.2  517.9  200.4   31.2    4.5   14.8  139.2  438.2  912.2 1346.1
 
 THESE ARE THE MONTHLY COOLING DEGREE DAYS 1951-1998 FOR STATION #7312
 YEAR    JAN   FEB  MARCH APRIL  MAY  JUNE  JULY AUGUST SEPT   OCT   NOV   DEC   ANN
 
 1951    0.0   0.0   0.0   6.5  54.5  74.5 257.0 206.0  28.0  25.0   0.0   0.0
 1952    0.0   0.0   0.0  14.0  48.5 332.5 333.5 198.0 134.5   2.0   0.0   0.0
 1953    0.0   0.0   0.0   1.5  57.5 311.5 341.5 312.0 134.0  57.5   0.0   0.0
 1954    0.0   0.0   0.0  10.0  30.5 297.5 411.0 229.5 116.5   7.5   0.0   0.0
 1955    0.0   0.0   0.0  12.5  86.5 155.0 521.0 467.5 162.0  18.5   0.0   0.0
 1956    0.0   0.0   0.0   1.0  83.5 341.0 254.0 285.0  85.0  27.5   0.0   0.0
 1957    0.0   0.0   0.0   6.5  25.5 140.5 419.5 252.0  24.0   0.0   0.0   0.0
 1958    0.0   0.0   0.0   4.0  66.0  90.5 162.0 305.0  98.0  22.0   0.0   0.0
 1959    0.0   0.0   0.0   4.0  63.0 229.0 264.0 407.5 106.0   0.0   0.0   0.0
 1960    0.0   0.0   0.0  20.5  20.0  97.5 272.0 257.5 119.5   9.5   0.0   0.0
 1961    0.0   0.0   0.0   3.0  27.5 148.0 246.5 235.5  72.5   7.0   0.0   0.0
 1962    0.0   0.0   0.0   9.0 107.5 149.5 222.0 195.5  35.5  34.0   0.0   0.0
 1963    0.0   0.0   0.0   7.0  42.5 274.0 331.5 226.0  75.0  56.5   0.0   0.0
 1964    0.0   0.0   0.0   3.0 111.0 184.5 386.0 166.5  93.0   3.5   0.0   0.0
 1965    0.0   0.0   0.0   4.5  89.5 161.0 292.0 236.5  17.0   8.0   0.0   0.0
 1966    0.0   0.0   0.0   2.5  38.5 174.0 391.5 171.0  46.5   8.5   0.0   0.0
 1967    0.0   0.0   5.0  12.5  70.0 131.5 244.5 181.5  18.5  12.0   0.0   0.0
 1968    0.0   0.0   0.0   6.5  16.0 234.5 263.5 251.5  41.0  23.5   0.0   0.0
 1969    0.0   0.0   0.0   0.0  72.0  79.5 301.0 284.5  52.0  20.0   0.0   0.0
 1970    0.0   0.0   0.0  22.0 115.5 237.5 302.5 262.0 121.0  15.0   0.0   0.0
 1971    0.0   0.0   0.0   3.5  22.0 327.0 231.5 242.5 126.0  21.5   0.0   0.0
 1972    0.0   0.0   0.0   3.0  81.5 164.0 242.5 228.0  76.5   2.5   0.0   0.0
 1973    0.0   0.0   0.0   1.0  21.5 190.0 265.0 264.5  43.5  16.5   0.0   0.0
 1974    0.0   0.0   0.0  11.0  29.5 135.5 398.0 134.0  35.5   4.5   0.0   0.0
 1975    0.0   0.0   0.0   0.0  79.0 150.0 326.5 290.5  50.5  20.5   0.0   0.0
 1976    0.0   0.0   0.0  11.5  20.0 161.5 317.0 247.5  88.0  11.0   0.0   0.0
 1977    0.0   0.0   0.0  17.0  75.0 193.5 340.0 123.5  46.0   0.0   0.0   0.0
 1978    0.0   0.0   2.0   0.0  51.0 159.5 290.0 234.5 173.0   2.5   0.0   0.0
 1979    0.0   0.0   0.0   0.0  29.0 144.0 211.5 180.0  66.5   0.0   0.0   0.0
 1980    0.0   0.0   0.0  19.5  48.0 143.5 339.5 216.0  71.0   0.0   0.0   0.0
 1981    0.0   0.0   0.0   8.5   8.5 135.0 258.0 133.0  34.5   0.0   0.0   0.0
 1982    0.0   0.0   0.0   0.0  20.5  51.0 285.5 183.0  51.0   0.0   0.0   0.0
 1983    0.0   0.0   0.0   0.0   0.0 141.0 343.0 399.0  88.5   7.5   0.0   0.0
 1984    0.0   0.0   0.0   0.0  21.5 171.0 243.0 279.0  65.5   0.5   0.0   0.0
 1985    0.0   0.0   0.0  38.0  46.0 104.0 213.0 106.5 126.5   0.0   0.0   0.0
 1986    0.0   0.0   0.0   3.5  23.5 202.0 333.0 110.0  64.5   0.0   0.0   0.0
 1987    0.0   0.0   0.0  15.5 100.5 262.0 341.5 189.0  37.5   0.0   0.0   0.0
 1988    0.0   0.0   0.0   0.0  86.5 263.5 258.0 279.0  47.5   0.0   0.0   0.0
 1989    0.0   0.0   0.0  23.0  27.0 105.0 292.0 181.0  48.5   4.0   0.0   0.0
 1990    0.0   0.0   0.0  28.0   4.5 172.5 216.0 184.0 127.5   6.5   0.0   0.0
 1991    0.0   0.0   0.0  16.0 116.0 210.0 241.0 176.5  81.0   0.0   0.0   0.0
 1992    0.0   0.0   0.0   1.5  38.0  79.0  87.0  72.0  31.0   3.5   0.0   0.0
 1993    0.0   0.0   0.0   0.0  10.0  97.0 186.0 178.0   7.5   9.5   0.0   0.0
 1994    0.0   0.0   0.0  17.0  50.5 181.0 130.5 113.0  63.0   5.0   0.0   0.0
 1995    0.0   0.0   0.0   0.0   0.0 155.5 273.0 334.0  38.0  12.0   0.0   0.0
 1996    0.0   0.0   0.0   0.0  36.0 176.0 164.5 134.0  49.5   5.0   0.0   0.0
 1997    0.0   0.0   0.0   0.0   6.0 172.5 282.0 164.5  75.0  48.0   0.0   0.0
 1998    0.0   0.0   0.0   0.0  67.5 131.0 276.0 237.5 137.0   0.0   0.0   0.0
 *****************************************************************************************
 MEANS   0.0   0.0   0.2   7.8  50.0 179.4 289.4 228.5  75.2  11.4   0.0   0.0
 
 THESE ARE THE HEAT STRESS VARIABLES 1951-1998 FOR STATION #7312
             # OF DAYS MAXT >86                           HEAT INDEX
 YEAR   MAY  JUNE  JULY   AUG  SEPT  TOTAL     MAY    JUNE   JULY   AUG    SEPT  TOTAL
 1951   0.0   4.0  13.0   6.0   1.0   24.0      0.0    5.0   57.0   28.0    2.0   92.0
 1952   4.0  15.0  19.0   7.0  12.0   57.0     18.0  121.0  109.0   26.0   55.0  329.0
 1953   2.0  17.0  18.0  18.0  11.0   66.0      9.0  113.0  115.0  146.0   75.0  458.0
 1954   2.0  14.0  22.0  10.0   6.0   54.0      5.0   86.0  187.0   39.0   32.0  349.0
 1955   6.0   7.0  27.0  26.0  12.0   78.0     22.0   21.0  270.0  307.0   94.0  714.0
 1956   5.0  20.0  15.0  16.0   7.0   63.0     15.0  151.0   78.0   96.0   40.0  380.0
 1957   0.0   5.0  21.0  12.0   1.0   39.0      0.0   16.0  135.0   58.0    3.0  212.0
 1958   2.0   4.0   3.0  20.0   5.0   34.0      7.0   20.0    5.0   98.0   11.0  141.0
 1959   2.0  14.0  14.0  20.0   5.0   55.0      4.0   55.0   48.0  161.0   24.0  292.0
 1960   0.0   3.0  13.0  12.0   7.0   35.0      0.0    6.0   65.0   44.0   48.0  163.0
 1961   1.0   8.0  11.0  14.0   4.0   38.0      1.0   36.0   44.0   47.0    9.0  137.0
 1962   4.0   6.0  10.0  11.0   1.0   32.0      4.0   14.0   34.0   38.0    3.0   93.0
 1963   2.0  17.0  18.0  11.0   2.0   50.0     10.0   75.0   81.0   45.0    6.0  217.0
 1964   8.0   9.0  23.0   7.0   4.0   51.0     24.0   31.0  164.0   40.0   14.0  273.0
 1965   2.0   5.0  13.0  15.0   0.0   35.0      5.0   11.0   64.0   94.0    0.0  174.0
 1966   3.0  10.0  20.0  10.0   1.0   44.0     14.0   28.0  126.0   43.0    3.0  214.0
 1967   5.0   1.0  13.0   6.0   0.0   25.0     43.0    5.0   52.0   11.0    0.0  111.0
 1968   1.0  15.0   9.0  13.0   0.0   38.0      4.0   62.0   41.0   91.0    0.0  198.0
 1969   2.0   2.0  11.0  15.0   0.0   30.0      8.0    9.0   64.0   52.0    0.0  133.0
 1970   8.0  15.0  19.0  15.0   7.0   64.0     22.0   70.0   95.0   69.0   32.0  288.0
 1971   1.0  20.0  10.0  16.0   7.0   54.0      1.0  118.0   43.0   72.0   30.0  264.0
 1972   5.0   7.0  10.0  13.0   3.0   38.0      8.0   34.0   38.0   72.0    7.0  159.0
 1973   0.0  13.0  12.0  11.0   0.0   36.0      0.0   41.0   41.0   23.0    0.0  105.0
 1974   0.0   8.0  24.0   4.0   0.0   36.0      0.0   45.0  180.0    9.0    0.0  234.0
 1975   5.0   3.0  22.0  15.0   3.0   48.0     12.0   10.0   91.0   57.0   13.0  183.0
 1976   1.0   8.0  19.0  17.0   6.0   51.0      2.0   37.0  106.0  101.0   20.0  266.0
 1977   1.0   9.0  18.0   5.0   1.0   34.0      2.0   68.0  126.0   12.0    2.0  210.0
 1978   3.0   7.0  19.0  10.0  10.0   49.0      5.0   33.0   68.0   44.0   40.0  190.0
 1979   4.0  10.0   6.0   6.0   3.0   29.0      8.0   28.0   23.0   36.0    6.0  101.0
 1980   2.0   6.0  20.0   9.0   4.0   41.0      4.0   32.0  135.0   36.0   17.0  224.0
 1981   0.0   7.0   9.0   3.0   3.0   22.0      0.0   33.0   44.0    7.0    5.0   89.0
 1982   1.0   3.0  11.0   4.0   0.0   19.0      1.0    3.0   40.0   26.0    0.0   70.0
 1983   0.0   5.0  18.0  24.0   6.0   53.0      0.0   17.0   82.0  155.0   25.0  279.0
 1984   0.0   5.0  14.0  17.0   6.0   42.0      0.0   18.0   56.0   96.0   32.0  202.0
 1985   1.0   8.0  16.0   6.0   8.0   39.0      2.0   40.0   52.0   26.0   31.0  151.0
 1986   0.0  12.0  19.0   3.0   1.0   35.0      0.0   47.0   98.0    9.0    1.0  155.0
 1987   8.0  18.0  19.0   8.0   1.0   54.0     41.0  104.0  110.0   46.0    2.0  303.0
 1988   8.0  21.0  18.0  15.0   1.0   63.0     25.0  133.0  119.0  159.0    1.0  437.0
 1989   3.0   3.0  13.0   4.0   1.0   24.0      8.0   14.0   79.0   17.0    6.0  124.0
 1990   1.0   7.0   8.0   6.0   6.0   28.0      1.0   25.0   34.0   18.0   15.0   93.0
 1991   3.0   9.0  10.0   9.0   2.0   33.0      9.0   32.0   53.0   19.0    2.0  115.0
 1992   2.0   2.0   1.0   2.0   0.0    7.0      7.0    2.0    3.0    3.0    0.0   15.0
 1993   0.0   2.0   2.0   4.0   1.0    9.0      0.0    2.0    5.0    6.0    1.0   14.0
 1994   1.0   5.0   2.0   4.0   2.0   14.0      3.0   16.0    4.0    8.0    5.0   36.0
 1995   0.0   9.0  11.0  18.0   0.0   38.0      0.0   34.0   73.0   80.0    0.0  187.0
 1996   2.0   9.0   4.0   1.0   0.0   16.0      9.0   41.0   12.0    3.0    0.0   65.0
 1997   0.0   7.0  13.0   7.0   4.0   31.0      0.0   33.0   49.0   23.0    9.0  114.0
 1998   3.0   4.0  10.0   6.0   8.0   31.0     11.0   17.0   25.0   19.0   30.0  102.0
 *****************************************************************************************
 MEANS  2.4   8.9  14.2  10.9   3.7   40.1      7.9   42.4   76.9   57.6   15.9  200.8
