 
 THIS IS FOR STATION NUMBER 8806 1951-> 1998
                                 # OF PRECIPITATION EVENTS - % IN PARENS
 CL                   MAX   MEAN  0.01-  0.26-  0.51-  1.01-          # OF DAYS
 WK    TIME PERIOD    VAL   RAIN    0.25   0.51   1.00   2.00  >2.01 MISSING TOTAL
  1 3/1-->3/7        1.60   0.38  59(69) 16(18)  9(10)  1( 1)  0( 0)    0       85
  2 3/8-->3/14       1.10   0.45  58(67) 13(15) 10(11)  5( 5)  0( 0)    2       86
  3 3/15-->3/21      1.20   0.40  64(71) 15(16)  9(10)  2( 2)  0( 0)    0       90
  4 3/22-->3/28      1.42   0.49  56(65) 15(17)  8( 9)  7( 8)  0( 0)    0       86
  5 3/29-->4/4       1.82   0.53  62(62) 20(20) 16(16)  2( 2)  0( 0)    1      100
  6 4/5-->4/11       1.50   0.44  51(60) 20(23) 12(14)  1( 1)  0( 0)    0       84
  7 4/12-->4/18      1.70   0.71  60(55) 28(25) 14(12)  6( 5)  0( 0)    0      108
  8 4/19-->4/25      2.05   0.80  72(58) 27(21) 18(14)  6( 4)  1( 0)    0      124
  9 4/26-->5/2       2.32   0.89  70(58) 20(16) 20(16)  7( 5)  2( 1)    0      119
 10 5/3-->5/9        2.10   0.78  63(55) 29(25) 15(13)  5( 4)  1( 0)    0      113
 11 5/10-->5/16      1.75   0.69  61(53) 35(30) 15(13)  4( 3)  0( 0)    0      115
 12 5/17-->5/23      2.55   0.91  63(52) 29(24) 16(13) 11( 9)  1( 0)    0      120
 13 5/24-->5/30      2.10   1.15  70(49) 33(23) 23(16) 14( 9)  1( 0)    0      141
 14 5/31-->6/6       1.76   0.79  74(61) 21(17) 15(12) 10( 8)  0( 0)    0      120
 15 6/7-->6/13       3.40   1.19  66(53) 21(16) 20(16) 12( 9)  5( 4)    0      124
 16 6/14-->6/20      2.61   1.34  64(48) 22(16) 24(18) 22(16)  1( 0)    0      133
 17 6/21-->6/27      3.83   1.16  59(53) 19(17) 20(18)  5( 4)  7( 6)    0      110
 18 6/28-->7/4       4.70   1.09  59(55) 15(14) 16(14) 13(12)  4( 3)    0      107
 19 7/5-->7/11       6.27   1.33  48(46) 18(17) 20(19)  9( 8)  9( 8)    0      104
 20 7/12-->7/18      5.10   1.11  49(49) 14(14) 23(23)  8( 8)  6( 6)    0      100
 21 7/19-->7/25      3.43   0.72  60(59) 20(19) 16(15)  4( 3)  1( 0)    0      101
 22 7/26-->8/1       3.02   0.86  52(54) 14(14) 18(18) 10(10)  2( 2)    0       96
 23 8/2-->8/8        3.30   0.87  66(61) 14(13) 14(13) 10( 9)  3( 2)    1      107
 24 8/9-->8/15       3.50   0.84  52(54) 15(15) 17(17)  9( 9)  3( 3)    0       96
 25 8/16-->8/22      5.20   1.06  53(55) 15(15) 12(12) 11(11)  5( 5)    0       96
 26 8/23-->8/29      3.10   1.14  52(49) 16(15) 18(17) 16(15)  3( 2)    0      105
 27 8/30-->9/5       2.43   0.75  55(56) 19(19) 13(13)  8( 8)  2( 2)    0       97
 28 9/6-->9/12       1.98   0.55  55(61) 19(21) 11(12)  5( 5)  0( 0)    1       90
 29 9/13-->9/19      3.01   0.79  53(54) 20(20) 16(16)  7( 7)  2( 2)    0       98
 30 9/20-->9/26      2.07   0.74  59(56) 20(19) 18(17)  5( 4)  2( 1)    0      104
 31 9/27-->10/3      2.02   0.57  52(62) 12(14) 12(14)  6( 7)  1( 1)    0       83
 32 10/4-->10/10     1.56   0.61  48(57) 10(11) 21(25)  5( 5)  0( 0)    0       84
 33 10/11-->10/17    1.90   0.55  48(59) 14(17) 14(17)  5( 6)  0( 0)    0       81
 34 10/18-->10/24    2.36   0.48  55(71)  9(11)  6( 7)  6( 7)  1( 1)    0       77
 35 10/25-->10/31    1.57   0.45  50(67)  8(10) 11(14)  5( 6)  0( 0)    0       74
 36 11/1-->11/7      2.08   0.39  48(68)  8(11) 11(15)  2( 2)  1( 1)    0       70
 37 11/8-->11/14     1.44   0.27  44(70) 12(19)  4( 6)  2( 3)  0( 0)    0       62
 38 11/15-->11/21    1.67   0.54  39(56)  8(11) 15(21)  7(10)  0( 0)    0       69
 39 11/22-->11/28    0.92   0.23  63(81)  9(11)  5( 6)  0( 0)  0( 0)    0       77
 40 11/29-->12/5     0.95   0.28  51(73)  9(13)  9(13)  0( 0)  0( 0)    0       69
 41 12/6-->12/12     0.85   0.27  45(71)  9(14)  9(14)  0( 0)  0( 0)    0       63
 42 12/13-->12/19    0.92   0.20  45(80)  8(14)  3( 5)  0( 0)  0( 0)    0       56
 43 12/20-->12/26    0.97   0.19  60(86)  6( 8)  3( 4)  0( 0)  0( 0)    0       69
 44 12/27-->1/2      1.70   0.24  53(81)  2( 3)  9(13)  1( 1)  0( 0)    3       65
 45 1/3-->1/9        0.95   0.14  43(82)  7(13)  2( 3)  0( 0)  0( 0)    7       52
 46 1/10-->1/16      0.83   0.17  47(79) 11(18)  1( 1)  0( 0)  0( 0)    7       59
 47 1/17-->1/23      0.69   0.17  58(86)  5( 7)  4( 5)  0( 0)  0( 0)    7       67
 48 1/24-->1/30      0.83   0.15  65(90)  5( 6)  2( 2)  0( 0)  0( 0)    7       72
 49 1/31-->2/6       1.01   0.20  49(81)  6(10)  4( 6)  1( 1)  0( 0)    1       60
 50 2/7-->2/13       0.83   0.17  52(88)  5( 8)  2( 3)  0( 0)  0( 0)    0       59
 51 2/14-->2/20      1.16   0.26  50(76)  9(13)  5( 7)  1( 1)  0( 0)    0       65
 52 2/21-->2/27      1.08   0.23  48(75) 12(18)  3( 4)  1( 1)  0( 0)    0       64
 53 2/28-->2/29      0.49   0.02   6(75)  2(25)  0( 0)  0( 0)  0( 0)    0        8
 ANNUAL TOTALS       6.27   2904(62)788(16)631(13)277( 5) 64( 1)   37     4664
 
 THESE ARE THE MONTHLY AVERAGES FOR 1951-->1998 FOR STATION NUMBER 8806
   JAN  FEB  MAR  APR  MAY  JUN  JUL  AUG  SPT  OCT  NOV  DEC  ANNUAL
   0.70 0.86 1.93 2.90 3.92 4.91 4.37 4.34 2.96 2.28 1.51 1.05 31.73  <-- PRECIP
  
   17.1 23.3 34.5 49.4 61.6 71.0 74.8 72.5 64.0 52.4 36.1 22.9  52.5  <-- TEMP
 
 TWELVE SIGNIFICANT RAINFALL EVENTS  
 MONTH  DAY  YEAR   AMOUNT
   7      7  1955     6.27
   8     21  1998     5.20
   7     12  1987     5.10
   7      2  1983     4.70
   8     20  1969     4.16
   6     24  1981     3.83
   8     16  1977     3.60
   7      9  1993     3.66
   8     14  1979     3.50
   6     10  1954     3.40
   6     22  1974     3.40
   7     23  1979     3.43
 
 GROWING DEGREE DAYS FOR 4 BASE TEMPS FOR STATION NUMBER  8806
               MARCH                       APRIL  
     ****************************  *************************** 
 YEAR  40-86  48-86  50-86  52-86   40-86  48-86  50-86  52-86  
     ****************************  *************************** 
 1951     19      3      1      0    221    115     98     82
 1952     64     30     26     23    378    249    222    199
 1953    147     70     53     37    210    103     84     67
 1954     52     14      9      5    433    276    242    211
 1955    118     60     49     39    496    328    293    261
 1956     89     35     28     21    311    198    174    150
 1957    104     43     31     23    370    235    209    187
 1958     65     22     14      9    343    205    174    146
 1959     81     34     27     21    336    201    173    151
 1960     13      1      0      0    377    233    204    178
 1961     72     25     18     12    215    112     91     73
 1962     36     22     20     18    302    177    156    137
 1963    177    117    105     93    402    249    213    182
 1964     84     36     26     18    329    192    167    145
 1965      5      0      0      0    260    144    121    102
 1966    206    111     90     74    215    111     91     72
 1967    198    124    109     96    379    232    200    172
 1968    282    180    159    139    396    244    212    182
 1969     28      4      2      0    346    199    168    139
 1970     27      3      1      0    381    243    215    190
 1971     70     34     29     25    392    261    230    201
 1972    102     46     34     26    286    154    128    107
 1973    150     57     41     30    314    187    158    135
 1974    132     55     41     31    393    246    213    183
 1975     39      9      7      5    227    113     92     76
 1976    159     90     76     65    451    293    257    222
 1977    223    117     97     80    535    371    334    300
 1978    118     67     56     45    300    171    143    117
 1979     53     19     15     11    240    130    109     90
 1980     81     30     23     17    367    232    207    184
 1981    229    113     92     74    449    283    249    217
 1982     78     27     20     15    287    172    149    127
 1983    104     54     44     34    196    105     91     79
 1984     32      2      0      0    255    127    102     81
 1985    170     88     70     54    478    318    284    253
 1986    207    125    111     98    412    255    222    190
 1987    195    111     96     82    467    314    285    257
 1988    190     99     81     64    358    229    200    172
 1989    119     64     54     46    393    247    216    187
 1990    167     80     65     52    379    234    202    173
 1991    158     81     68     57    366    221    194    167
 1992    151     64     50     39    284    169    148    128
 1993     46     13      9      6    255    139    116     97
 1994    166     88     74     61    374    252    224    197
 1995    148     69     54     43    256    142    117     96
 1996    102     43     35     27    330    211    185    161
 1997    152     74     59     47    298    177    153    129
 1998    101     52     45     40    318    188    161    134
     ****************************  *************************** 
 MEAN  115.0   56.6   46.4   37.8  341.1  208.3  181.1  156.2
 STDV   65.8   41.6   36.3   31.6   81.5   64.5   59.9   55.4
 
               MAY                         JUNE   
     ****************************  *************************** 
 YEAR  40-86  48-86  50-86  52-86   40-86  48-86  50-86  52-86  
     ****************************  *************************** 
 1951    695    480    430    383    734    505    450    398
 1952    578    378    335    296    973    737    679    622
 1953    616    406    362    322    946    709    650    592
 1954    510    342    304    268    948    714    658    602
 1955    714    490    444    403    790    559    505    455
 1956    668    465    419    376    969    733    675    617
 1957    580    373    331    290    854    618    559    500
 1958    703    502    455    410    745    511    458    409
 1959    687    473    423    375    904    664    606    551
 1960    630    418    369    324    799    564    508    456
 1961    555    366    326    288    838    604    552    503
 1962    788    556    503    451    822    585    529    474
 1963    615    399    353    311    961    721    663    605
 1964    782    548    496    447    874    638    580    525
 1965    751    528    474    422    864    624    567    511
 1966    550    376    340    306    852    619    564    510
 1967    532    348    308    271    839    603    545    490
 1968    524    339    301    265    905    668    612    557
 1969    674    461    413    368    718    496    446    398
 1970    727    512    462    415    898    660    602    547
 1971    554    368    328    292    995    755    695    636
 1972    656    442    393    349    827    597    544    492
 1973    562    359    314    275    918    678    620    563
 1974    562    362    316    277    802    571    517    465
 1975    735    515    465    419    883    644    586    529
 1976    601    406    363    322    876    638    582    528
 1977    865    628    571    518    936    697    639    581
 1978    657    448    402    359    869    638    585    532
 1979    609    415    374    334    863    630    575    520
 1980    686    477    431    391    877    638    581    528
 1981    584    389    347    308    899    659    600    543
 1982    698    471    418    365    747    524    473    426
 1983    521    335    296    261    866    639    586    534
 1984    547    356    314    275    897    658    600    543
 1985    733    509    459    412    788    562    510    462
 1986    653    437    389    344    941    701    642    585
 1987    805    587    538    491    945    709    651    595
 1988    806    581    534    490    954    721    665    611
 1989    623    432    391    351    830    598    545    494
 1990    547    348    306    267    896    663    607    551
 1991    740    518    466    416    979    739    679    619
 1992    641    446    402    360    822    590    536    485
 1993    604    394    347    305    803    574    519    465
 1994    658    463    420    379    893    656    599    544
 1995    527    325    285    247    880    644    588    534
 1996    538    335    291    251    871    635    578    523
 1997    518    340    302    266    932    692    634    576
 1998    765    530    478    428    777    553    500    447
     ****************************  *************************** 
 MEAN  643.5  437.2  391.7  349.0  871.1  636.4  580.4  526.0
 STDV   91.7   78.1   74.0   70.0   68.6   65.3   63.3   60.9
 
               JULY                        AUGUST 
     ****************************  *************************** 
 YEAR  40-86  48-86  50-86  52-86   40-86  48-86  50-86  52-86  
     ****************************  *************************** 
 1951    966    718    656    594    917    669    608    550
 1952   1018    771    710    650    916    671    614    557
 1953   1025    778    719    660    963    716    656    597
 1954   1083    835    773    711    940    692    630    569
 1955   1125    877    815    753   1030    782    721    663
 1956    954    706    644    582    970    727    670    614
 1957   1110    862    800    738    979    731    670    610
 1958    910    662    600    540    980    736    675    616
 1959    969    722    661    600   1076    828    766    704
 1960    962    714    654    597    994    746    684    622
 1961    964    716    654    592    947    699    637    576
 1962    930    683    623    564    935    688    628    570
 1963   1013    765    703    641    915    669    610    552
 1964   1064    816    754    692    865    625    569    514
 1965    981    733    671    611    898    652    592    532
 1966   1070    822    760    698    874    627    567    513
 1967    934    688    631    576    862    622    566    513
 1968    983    735    673    613    951    703    642    582
 1969   1012    764    702    640    976    728    666    604
 1970    997    750    691    632    940    693    634    575
 1971    910    665    607    549    915    672    612    555
 1972    953    709    651    593    927    681    622    563
 1973   1002    754    692    630    998    750    689    629
 1974   1085    837    775    713    862    617    558    502
 1975   1016    770    710    653   1008    760    698    637
 1976   1032    784    723    664    951    708    649    592
 1977   1074    826    764    702    894    649    590    532
 1978   1011    763    701    640    968    721    662    604
 1979    993    745    683    623    947    699    639    581
 1980   1079    831    769    709   1006    758    696    634
 1981   1017    769    707    646    923    677    618    561
 1982   1037    789    727    665    933    689    630    572
 1983   1078    830    768    706   1088    840    778    716
 1984    963    717    656    596    982    737    678    620
 1985    968    720    659    602    848    601    542    488
 1986   1059    811    749    687    831    593    535    479
 1987   1060    812    750    689    893    650    592    535
 1988   1022    775    714    655   1027    787    728    670
 1989   1013    765    703    641    929    685    626    567
 1990    963    715    653    593    963    715    655    596
 1991   1011    763    701    642    952    704    644    584
 1992    862    615    556    497    785    550    497    447
 1993    982    734    672    610    953    705    643    585
 1994    921    673    612    553    865    623    565    508
 1995   1000    754    694    634   1081    833    771    709
 1996    922    676    615    555    906    658    597    537
 1997   1023    776    716    656    882    634    573    514
 1998   1019    771    709    648   1003    755    693    631
     ****************************  *************************** 
 MEAN 1003.2  755.8  694.6  634.3  942.9  697.3  637.4  579.0
 STDV   56.9   56.5   55.9   55.0   63.6   61.9   60.7   58.8
 
               SEPTEMBER                   OCTOBER
     ****************************  *************************** 
 YEAR  40-86  48-86  50-86  52-86   40-86  48-86  50-86  52-86  
     ****************************  *************************** 
 1951    599    401    357    315    355    227    201    177
 1952    731    533    487    443     56     36     32     28
 1953    731    532    490    451    527    377    343    310
 1954    752    528    475    425    251    148    127    108
 1955    736    531    484    440    276    185    165    146
 1956    646    454    414    378      0      0      0      0
 1957    616    411    370    332    250    144    123    105
 1958    728    507    461    419      0      0      0      0
 1959    666    460    414    373    123     64     51     42
 1960    698    484    437    391    320    224    202    180
 1961    612    422    378    338      0      0      0      0
 1962    601    405    362    322    435    283    249    217
 1963    754    530    476    426    673    465    420    377
 1964    693    476    427    379    115     73     64     55
 1965    563    353    309    267    381    244    214    186
 1966    642    440    398    357    270    181    160    142
 1967    623    422    377    336    167    104     92     83
 1968    662    443    398    355     61     41     36     31
 1969    693    472    422    374    227    152    135    121
 1970    683    469    421    374    226    144    127    111
 1971    740    526    479    434    544    353    311    271
 1972    690    472    420    374    256    158    140    122
 1973    669    447    398    352    531    346    305    268
 1974    418    282    253    224      0      0      0      0
 1975    602    408    364    320      7      3      2      1
 1976    697    503    460    419    115     82     75     68
 1977    744    516    463    413    152     86     72     58
 1978    812    589    536    485     90     51     43     35
 1979    732    524    479    437    159     97     84     71
 1980    764    543    491    443    174    116    105     95
 1981    701    482    435    390     14      8      7      6
 1982    669    458    410    364    310    189    166    145
 1983    547    391    356    323      0      0      0      0
 1984    598    416    374    335      0      0      0      0
 1985    695    490    441    397    380    213    179    146
 1986    752    525    470    417     74     39     33     27
 1987    688    469    422    378     31     23     21     19
 1988    740    527    478    431     52     31     26     21
 1989    509    349    313    279      0      0      0      0
 1990    769    552    502    454    155    100     89     79
 1991    666    465    420    375     69     40     35     30
 1992    621    432    388    345      0      0      0      0
 1993    529    330    287    249    166    110     99     89
 1994    733    516    466    418    404    249    214    183
 1995    632    442    399    358    249    160    143    126
 1996    621    419    373    331     44     29     26     23
 1997    706    492    446    404    391    275    250    225
 1998    802    577    525    475    267    157    134    114
     ****************************  *************************** 
 MEAN  672.6  467.3  421.2  377.7  195.0  125.3  110.6   96.9
 STDV   78.9   64.7   61.1   57.6  173.6  115.9  103.5   91.8
 
 DAILY RECORD HIGHS AND LOWS OCCURRING DURING 1951-1998 FOR STATION NUMBER 8806
     JAN     FEB    MARCH   APRIL    MAY     JUNE    JULY    AUG     SEPT    OCT     NOV     DEC
 DY MX  MN  MX  MN  MX  MN  MX  MN  MX  MN  MX  MN  MX  MN  MX  MN  MX  MN  MX  MN  MX  MN  MX  MN
  1  49 -22  55 -20  70 -29  76  16  89  27  89  37  98  44  99  49  97  39  92  27  75  17  63  -4
  2  49 -13  57 -32  69  -5  84  16  90  27  88  39  99  47  99  49  97  44  94  20  76   9  67  -6
  3  52 -12  50 -29  68  -2  77   9  88  26  91  36 100  46  99  50  92  34  91  24  77   8  62 -11
  4  48 -15  52 -20  65  -9  79  12  91  30  96  40 103  46 100  45  95  38  94  24  71   1  60  -6
  5  56 -16  55 -24  62 -23  85  18  90  28  97  40 103  43  95  46  95  37  96  23  69   1  63  -1
  6  47 -23  55 -17  70 -12  89   4  88  26  95  36 101  48  94  47  93  38  94  23  78   9  62 -11
  7  52 -20  65 -13  74 -10  80  11  86  28  93  43 100  45 100  43  95  36  92  23  73  -3  59 -19
  8  56 -18  55 -23  75  -9  81  13  90  30 103  39  97  49  95  46  92  34  86  23  71   1  54 -16
  9  47 -22  62 -31  67 -12  88  14  87  29  94  42  98  47  96  45  99  38  81  23  66  14  51 -22
 10  46 -24  61 -19  70  -3  85  19  90  29  97  40  97  45  98  47  92  34  85  22  67   7  59 -15
 11  52 -21  59 -20  66  -6  86  17  88  30  98  45  99  52  97  43  89  30  86  14  70  -5  60 -15
 12  53 -27  65 -24  74 -10  82  16  88  30  99  42  99  49  95  44  91  31  90  22  67   5  64 -16
 13  58 -13  58 -15  71 -13  78  21  89  27 100  40 102  45  99  42  93  34  90  24  68  -2  54 -20
 14  50 -26  62 -17  68 -13  87  17  93  32 100  44 102  48 102  45  91  34  87  25  73  -9  55 -17
 15  59 -23  56 -13  70   0  87  21  88  29  94  41  98  49 105  42  98  34  87  20  69   5  55 -16
 16  56 -22  62 -23  75  -4  88  21  88  31  95  41 100  49 104  46  94  33  85  22  71   0  57 -13
 17  52 -20  68 -26  69   1  86  21  90  34  91  42  97  47 105  47  95  30  85  15  71  -4  53 -13
 18  55 -25  64 -18  65   2  93  19  94  35  99  47 100  50  98  44  93  33  82  18  71   5  58 -20
 19  51 -26  59 -16  75   3  87  17  92  34  99  45 100  50  99  45  90  31  81  16  65   5  52 -25
 20  50 -26  60 -14  70   1  87  21  91  30  97  42  98  48  98  43  90  29  84  15  61   6  53 -20
 21  47 -29  59 -11  73  -3  92  22  90  36  99  41  97  46 100  45  87  32  82  23  69  -2  54 -21
 22  52 -19  63  -8  80   7  97  20  90  30  96  42  98  49  95  47  85  27  82  14  65   6  50 -22
 23  55 -22  54 -11  77   4  85  22  89  29  96  46  96  49  95  45  81  27  83  20  61   1  48 -25
 24  62 -15  63 -23  83  -1  84  20  85  37 100  43  94  50  94  45  89  28  80  21  61   1  48 -24
 25  57 -14  57  -9  76   2  85  26  99  36  96  44  98  49  93  41  91  31  82  21  68  -3  48 -16
 26  43 -23  55 -18  81   2  85  29  95  35  97  48  99  48  99  44  91  27  83  19  59 -16  53 -16
 27  51 -17  61 -10  78   4  90  29  89  34  96  45 101  47 101  42  91  33  82  17  66   0  53 -17
 28  49 -16  55 -22  82  11  91  28  91  36 100  48 100  48  98  36  90  28  72  17  70 -14  64 -17
 29  48 -23 *** ***  89   2  89  25  90  33  98  49 100  46  96  41  88  25  77  12  59  -3  52 -10
 30  50 -19 *** ***  84   3  87  25  92  37  96  49 104  45  99  46  93  27  78  14  69  -7  55 -14
 31  55 -24 *** ***  81  13 *** ***  89  36 *** *** 104  45  97  39 *** ***  81  17 *** ***  58 -17
 
 DAILY MAXIMUM PRECIPITATION OCCURRING DURING 1951-1998 FOR STATION NUMBER 8806
     JAN   FEB   MARCH APRIL MAY   JUNE  JULY  AUG   SEPT  OCT   NOV   DEC
 
  1  0.77  0.33  1.60  0.62  1.40  1.17  1.56  3.02  0.55  0.62  1.46  0.75
  2  0.69  1.01  0.62  1.15  0.93  0.75  4.70  1.55  1.45  1.32  2.08  0.44
  3  0.48  0.42  0.63  0.55  0.56  1.59  1.29  1.28  0.97  0.77  0.63  0.61
  4  0.95  0.85  0.70  0.97  1.06  1.75  1.03  0.80  1.16  0.75  0.67  0.79
  5  0.60  0.70  0.56  0.70  0.81  1.76  0.95  1.09  2.40  1.56  0.80  0.95
  6  0.40  0.25  0.60  0.65  2.10  0.98  1.61  3.30  1.23  0.98  0.93  0.55
  7  0.22  0.33  0.80  1.50  1.89  2.13  6.27  1.50  0.84  0.91  0.69  0.85
  8  0.31  0.83  1.00  0.41  0.83  2.61  2.04  2.27  1.98  1.27  0.15  0.30
  9  0.09  0.35  0.62  0.92  0.89  1.40  3.66  0.85  1.37  0.95  0.42  0.63
 10  0.27  0.68  0.35  0.75  1.10  3.40  1.52  3.05  0.48  0.58  1.44  0.76
 11  0.83  0.38  1.06  0.74  0.95  1.35  2.59  1.09  0.80  1.38  1.20  0.78
 12  0.39  0.20  1.10  0.74  0.75  1.33  5.10  0.90  1.52  1.90  0.51  0.53
 13  0.20  0.16  1.00  0.78  1.02  2.22  1.18  1.25  3.01  1.13  0.60  0.50
 14  0.48  0.23  0.90  0.91  1.20  1.93  1.35  3.50  0.71  0.84  0.25  0.92
 15  0.38  0.40  0.93  1.43  0.47  1.53  2.00  2.45  1.08  0.95  0.32  0.40
 16  0.40  0.60  0.42  1.10  1.75  2.61  0.54  3.60  0.51  1.88  1.67  0.23
 17  0.20  0.23  0.67  1.32  1.10  1.80  3.31  0.87  1.69  0.83  1.45  0.21
 18  0.49  0.80  1.14  1.70  1.51  1.40  2.20  1.15  0.82  1.10  0.77  0.30
 19  0.60  1.16  1.20  0.88  2.55  1.25  0.77  2.15  1.73  2.36  1.17  0.63
 20  0.57  0.61  0.68  0.92  0.67  1.42  1.94  4.16  1.18  0.43  1.05  0.40
 21  0.25  0.46  0.27  2.05  0.64  2.74  1.52  5.20  1.36  0.75  1.53  0.31
 22  0.69  0.63  0.98  0.70  1.04  3.40  0.89  2.85  2.00  1.20  0.30  0.36
 23  0.50  0.52  1.01  1.61  1.88  2.97  3.43  3.10  0.90  1.97  0.55  0.57
 24  0.16  0.23  0.48  1.10  1.41  3.83  1.92  0.98  1.14  0.85  0.65  0.60
 25  0.83  1.08  1.42  1.03  1.93  2.06  0.87  1.10  1.53  1.45  0.48  0.97
 26  0.10  0.62  1.20  0.70  1.01  1.87  0.76  1.50  2.07  0.98  0.30  0.58
 27  0.38  0.30  1.22  1.86  1.35  1.55  1.65  1.75  1.80  0.74  0.25  0.53
 28  0.65  0.49  0.98  1.65  1.80  1.34  1.80  2.52  0.45  1.25  0.92  1.70
 29  0.43******  0.57  2.32  2.10  2.78  2.06  1.94  2.02  0.59  0.87  0.79
 30  0.32******  1.82  2.30  1.26  2.30  1.70  1.30  0.81  0.91  0.60  0.56
 31  0.09******  0.67******  1.14******  1.12  2.43******  1.57******  0.28
 
 RECORD LARGEST AND SMALLEST DAILY RANGES (MAX-MIN) DURING 1951-1998 FOR STATION NUMBER 8806
     JAN     FEB    MARCH   APRIL    MAY     JUNE    JULY    AUG     SEPT    OCT     NOV     DEC
 DY MX  MN  MX  MN  MX  MN  MX  MN  MX  MN  MX  MN  MX  MN  MX  MN  MX  MN  MX  MN  MX  MN  MX  MN
  1 35   2  40   4  45   4  46   4  45   7  38   9  34  11  41   7  41  10  52   9  46   3  33   3
  2 31   3  46   6  41   2  51   5  41   4  40   6  33  13  31  10  40   7  42  11  43   3  35   2
  3 40   4  36   7  35   2  41   3  40   7  39  10  39  11  35   7  41  10  45   3  42   5  33   4
  4 32   1  42   3  45   4  44   7  45   6  40  10  37  10  34   8  47   8  48   5  36   4  36   6
  5 37   3  35   2  38   3  47   5  42  11  43   6  37  13  34   7  39  13  46   4  36   5  29   5
  6 36   2  37   4  43   4  42   7  46   4  39   8  37   5  42   9  37  10  46   6  43   4  41   1
  7 32   3  39   2  41   6  46   6  42   5  38   9  34   8  38   4  45   9  44   7  40   6  45   3
  8 37   5  36   5  45   5  46   5  48   6  42   9  31  12  38   9  37   9  43   8  39   5  31   2
  9 32   6  44   4  40   6  49   2  42   8  40  10  33   9  34  12  44   5  41   7  38   4  34   5
 10 41   4  40   4  38   3  46   3  42   9  40  10  36  13  36  12  49   9  46   9  38   2  40   3
 11 41   4  38   3  35   3  46   5  40  13  37   9  31   9  36  10  44  10  43   5  43   2  43   6
 12 43   2  42   3  35   4  47   7  43   9  36   3  32  12  37   9  48   8  39   3  48   4  35   2
 13 36   3  39   3  40   4  49   4  44   6  39  14  40  10  35   7  38   8  42   5  41   4  36   2
 14 32   4  37   1  46   4  46   3  44   8  38  10  37   7  41   9  38   6  44   9  39   4  46   0
 15 42   4  36   5  41   2  50   4  42  11  32   6  32  10  39  11  40   8  44   5  39   6  32   2
 16 41   4  41   4  39   4  47   9  51   7  42   8  36   8  34   9  42   6  45   4  39   5  33   7
 17 41   4  35   3  37   5  44   6  44   7  38  11  40  10  40   9  38   9  42   5  36   4  34   3
 18 57   4  42   2  36   1  50   9  49   5  41   8  30   7  36  10  44   6  53   6  42   5  40   4
 19 46   2  36   5  42   4  48   6  40   7  37   8  31   4  33   8  48  11  44   6  49   5  31   5
 20 38   3  37   4  37   6  48   8  43  12  37   8  31   6  35   7  39   6  45   6  30   5  34   4
 21 41   4  49   5  39   3  47   8  40  10  33   8  33   7  38   8  42  10  45   6  35   3  43   3
 22 44   4  37   3  49   3  47   4  36   6  36  10  32  11  44   9  50  10  40   5  38   4  32   3
 23 38   5  37   5  42   5  44   8  39   9  41   8  35  12  35   8  40   5  47   3  36   4  34   2
 24 40   4  47   5  44   6  42   7  34  11  33  13  37  10  34   7  47   8  50   5  36   5  34   4
 25 33   1  40   6  40   7  43   7  39   5  35  13  34  13  39  11  47  12  47   5  41   4  32   2
 26 37   5  45   3  50   5  49   7  37   3  37   9  38   8  35   6  44   5  49   7  34   3  33   7
 27 35   6  40   6  47   4  42  10  38   5  35  13  37   8  37  10  45   5  44   5  36   3  45   2
 28 42   6  43   5  42   4  48   8  37   7  46  15  34  10  40   8  43   6  39   5  38   2  34   3
 29 39   3  **  **  50   3  49   7  38   7  33  10  37  15  40  10  46  13  44   5  35   5  40   4
 30 38   9  **  **  45   7  46   7  35   6  34  11  32  12  39   9  53   7  42   6  37   3  43   2
 31 40   5  **  **  47   4  **  **  38  11  **  **  38   5  42  12  **  **  43   4  **  **  33   3
 
 DAILY  MEAN  HIGHS AND LOWS OCCURRING DURING 1951-1998 FOR STATION NUMBER 8806
     JAN     FEB    MARCH   APRIL    MAY     JUNE    JULY    AUG     SEPT    OCT     NOV     DEC
 DY MX  MN  MX  MN  MX  MN  MX  MN  MX  MN  MX  MN  MX  MN  MX  MN  MX  MN  MX  MN  MX  MN  MX  MN
  1 27  11  27   8  39  17  52  31  67  42  76  52  83  61  83  59  79  56  72  44  52  34  36  20
  2 27  10  26   8  37  20  53  32  68  42  75  51  84  61  83  61  80  57  71  44  51  32  37  20
  3 26   9  26   7  37  20  53  31  67  43  77  51  84  60  83  61  79  57  69  44  51  31  37  19
  4 25   7  28   7  37  19  51  30  70  44  78  54  83  61  82  61  79  55  67  43  49  29  36  19
  5 26   6  28  10  37  19  54  31  70  46  80  55  83  60  81  60  78  54  67  43  48  29  36  19
  6 24   6  28   9  38  17  57  31  69  43  79  55  84  60  82  61  78  55  66  43  48  29  32  16
  7 22   4  28   9  37  16  57  33  68  43  79  58  85  61  83  60  80  54  66  42  49  27  32  16
  8 25   6  28  10  38  18  54  33  69  45  79  56  84  63  83  60  79  54  66  41  48  28  30  15
  9 24   6  29   9  40  19  55  31  69  46  78  55  83  61  82  60  78  55  64  39  48  28  31  13
 10 23   5  31  12  41  22  56  32  70  45  80  56  84  61  82  59  77  52  65  39  48  26  31  12
 11 25   6  29  11  41  24  57  34  70  46  80  58  84  62  81  58  77  51  66  41  47  27  30  13
 12 26   9  31  11  41  23  56  35  70  45  81  57  84  64  81  58  76  52  65  41  46  27  30  13
 13 27   9  33  12  41  23  57  34  71  44  82  57  85  63  81  59  76  52  65  41  46  28  30  13
 14 27   9  32  13  42  23  59  35  72  48  81  59  84  62  81  59  72  51  66  42  46  27  31  13
 15 25   6  30  12  41  23  62  36  73  47  80  58  84  61  81  58  73  50  65  41  47  28  29  12
 16 25   6  32  12  43  23  62  37  74  48  80  57  85  61  82  60  72  49  65  39  46  26  31  12
 17 26   6  34  14  42  25  63  37  74  49  81  58  86  63  83  60  74  49  63  39  46  28  29  12
 18 26   7  35  18  43  26  64  38  74  50  81  59  85  65  82  60  74  51  60  37  45  26  29  11
 19 26   6  34  16  44  26  63  39  74  50  82  59  85  64  82  60  74  50  60  35  44  25  30  13
 20 25   6  35  17  44  26  62  41  76  48  81  59  84  63  81  59  72  49  61  36  43  25  27  11
 21 27   8  35  16  44  24  63  39  75  50  82  59  84  62  81  59  71  48  62  37  42  23  28  11
 22 28   9  34  16  47  25  63  38  74  51  81  58  84  63  82  59  69  46  62  38  42  23  29  13
 23 27   7  35  17  46  26  64  39  73  51  82  59  84  61  80  59  67  43  59  38  40  23  28  12
 24 27   7  35  16  46  25  65  39  74  50  82  59  83  61  80  58  70  45  59  35  41  21  28  10
 25 25   8  36  15  46  26  67  40  73  51  83  60  85  61  82  58  72  45  58  36  40  22  28  11
 26 24   6  37  18  47  26  66  42  72  51  83  60  84  62  82  59  73  45  59  34  38  21  29  10
 27 24   6  37  20  52  29  66  42  74  51  84  60  83  62  82  60  71  45  59  36  36  19  29  12
 28 25   7  37  20  51  30  64  40  74  52  85  61  83  61  82  58  71  45  56  34  34  16  30  13
 29 26   6  **  **  48  30  65  41  75  53  84  62  83  60  82  60  71  45  56  33  34  18  29  12
 30 26   5  **  **  51  29  65  41  76  52  83  61  83  61  82  60  72  45  56  34  36  18  28  10
 31 28   6  **  **  52  31  **  **  76  53  **  **  83  60  80  57  **  **  55  34  **  **  27  11
  
  # OF DAYS EACH YEAR WHERE MIN >=32 F  1951-1998 FOR STATION # 8806
   51  52  53  54  55  56  57  58  59  60  61  62  63  64  65  66  67  68  69  70
  201 187 206 212 207 199 206 206 203 209 200 204 221 213 215 207 207 212 207 211
 
   71  72  73  74  75  76  77  78  79  80  81  82  83  84  85  86  87  88  89  90
  215 211 231 213 210 202 226 213 202 206 226 218 209 210 212 212 213 201 196 204
 
   91  92  93  94  95  96  97  98
  211 206 199 217 209 201 200 227
  
 MEAN=210
 
 LENGTH OF SEASON FOR STATION NUMBER 8806   BASE TEMP=32
 LAST SPRING OCCURENCE FIRST FALL OCCURENCE  LENGTH OF SEASON
   YEAR MONTH DAY DOY         MONTH DAY DOY
   1951   5    11 131           9    28 271          140
   1952   4    25 116           9    21 265          149
   1953   5    13 133           9    22 265          132
   1954   5    20 140          10    17 290          150
   1955   4     8  98           9    11 254          156
   1956   5    16 137           9    20 264          127
   1957   5     5 125          10    10 283          158
   1958   4    29 119          10     1 274          155
   1959   4    22 112          10     9 282          170
   1960   5    12 133          10    16 290          157
   1961   5     2 122           9    28 271          149
   1962   4    19 109           9    20 263          154
   1963   5    23 143          10    29 302          159
   1964   4    14 105          10     6 280          175
   1965   4    28 118          10    13 286          168
   1966   5    14 134          10     1 274          140
   1967   5     6 126           9    28 271          145
   1968   5    10 131          10     4 278          147
   1969   5    12 132          10    14 287          155
   1970   5     2 122          10    10 283          161
   1971   5     3 123          10    10 283          160
   1972   4    25 116           9    30 274          158
   1973   5    15 135          10    16 289          154
   1974   5     6 126           9    22 265          139
   1975   4    12 102           9    22 265          163
   1976   5     8 129          10     6 280          151
   1977   4    26 116          10     3 276          160
   1978   5     6 126          10     8 281          155
   1979   5    12 132          10     5 278          146
   1980   5     9 130           9    17 261          131
   1981   5    11 131          10     2 275          144
   1982   4    22 112           9    21 264          152
   1983   5    15 135           9    23 266          131
   1984   4    30 121           9    26 270          149
   1985   4    15 105          10     1 274          169
   1986   5     2 122          10     6 279          157
   1987   4    28 118          10     3 276          158
   1988   4    28 119          10     3 277          158
   1989   5     7 127           9    23 266          139
   1990   5     2 122          10    10 283          161
   1991   5     7 127           9    19 262          135
   1992   5     6 127           9    29 273          146
   1993   4    26 116           9    29 272          156
   1994   5     2 122          10    10 283          161
   1995   4    28 118           9    22 265          147
   1996   5     2 123          10     3 277          154
   1997   5    20 140          10    15 288          148
   1998   4    18 108          10     8 281          173
             MEAN=123              MEAN=275     MEAN=152
 
 LENGTH OF SEASON FOR STATION NUMBER 8806   BASE TEMP=30
 LAST SPRING OCCURENCE FIRST FALL OCCURENCE  LENGTH OF SEASON
   YEAR MONTH DAY DOY         MONTH DAY DOY
   1951   4    26 116           9    28 271          155
   1952   4    16 107           9    23 267          160
   1953   4    27 117           9    22 265          148
   1954   5    20 140          10    18 291          151
   1955   4     8  98           9    11 254          156
   1956   4    30 121           9    30 274          153
   1957   5     5 125          10    10 283          158
   1958   4    29 119          10     1 274          155
   1959   4    22 112          10    12 285          173
   1960   4    18 109          10    16 290          181
   1961   5     2 122           9    28 271          149
   1962   4    18 108          10    24 297          189
   1963   5    23 143          10    29 302          159
   1964   4    10 101          10     9 283          182
   1965   4    28 118          10    13 286          168
   1966   5    10 130          10    11 284          154
   1967   5     6 126           9    28 271          145
   1968   5     5 126          10     4 278          152
   1969   4    29 119          10    14 287          168
   1970   5     2 122          10    10 283          161
   1971   5     3 123          10    10 283          160
   1972   4    25 116           9    30 274          158
   1973   5    15 135          10    30 303          168
   1974   4    24 114           9    22 265          151
   1975   4    12 102          10     2 275          173
   1976   5     7 128          10     6 280          152
   1977   4     8  98          10     6 279          181
   1978   5     2 122          10     8 281          159
   1979   5    12 132          10     5 278          146
   1980   5     9 130           9    17 261          131
   1981   5    11 131          10     2 275          144
   1982   4    22 112          10    21 294          182
   1983   5    15 135           9    23 266          131
   1984   4    18 109           9    26 270          161
   1985   4    15 105          10     1 274          169
   1986   4    22 112          10     6 279          167
   1987   4     8  98          10     3 276          178
   1988   4    24 115          10     5 279          164
   1989   5     7 127           9    23 266          139
   1990   5     2 122          10    10 283          161
   1991   4    24 114           9    20 263          149
   1992   5     6 127           9    29 273          146
   1993   4    21 111          10     2 275          164
   1994   5     2 122          10    10 283          161
   1995   4    25 115           9    22 265          150
   1996   4    30 121          10     3 277          156
   1997   5    15 135          10    20 293          158
   1998   4    11 101          10    20 293          192
             MEAN=118              MEAN=278     MEAN=159
 
 LENGTH OF SEASON FOR STATION NUMBER 8806   BASE TEMP=28
 LAST SPRING OCCURENCE FIRST FALL OCCURENCE  LENGTH OF SEASON
   YEAR MONTH DAY DOY         MONTH DAY DOY
   1951   4    23 113          10    24 297          184
   1952   4    16 107          10     5 279          172
   1953   4    20 110          10    27 300          190
   1954   5     6 126          10    18 291          165
   1955   4     7  97          10    15 288          191
   1956   4    30 121           9    30 274          153
   1957   4    14 104          10    18 291          187
   1958   4    29 119          10     1 274          155
   1959   4    22 112          10    12 285          173
   1960   4    18 109          10    19 293          184
   1961   5     2 122           9    28 271          149
   1962   4    17 107          10    24 297          190
   1963   4    24 114          10    29 302          188
   1964   4    10 101          10     9 283          182
   1965   4    19 109          10    24 297          188
   1966   5     1 121          10    17 290          169
   1967   5     2 122          10    11 284          162
   1968   5     5 126          10     4 278          152
   1969   4    29 119          10    14 287          168
   1970   4    10 100          10    16 289          189
   1971   5     3 123          11     4 308          185
   1972   4    25 116          10    18 292          176
   1973   4    13 103          11     5 309          206
   1974   4     8  98           9    22 265          167
   1975   4    12 102          10     2 275          173
   1976   5     7 128          10     6 280          152
   1977   4     6  96          10    16 289          193
   1978   5     2 122          10     8 281          159
   1979   4    28 118          10    13 286          168
   1980   4    14 105          10    12 286          181
   1981   4    15 105          10     2 275          170
   1982   4    21 111          10    21 294          183
   1983   4    19 109           9    23 266          157
   1984   4    18 109           9    26 270          161
   1985   4     9  99          11     2 306          207
   1986   4    22 112          10     6 279          167
   1987   4     6  96          10     3 276          180
   1988   4    24 115          10     5 279          164
   1989   5     6 126           9    24 267          141
   1990   4    18 108          10    10 283          175
   1991   4    24 114          10     7 280          166
   1992   5     6 127           9    29 273          146
   1993   4    21 111          10    10 283          172
   1994   5     1 121          10    26 299          178
   1995   4    25 115          10    16 289          174
   1996   4    23 114          10     3 277          163
   1997   5    13 133          10    21 294          161
   1998   4     4  94          10    22 295          201
             MEAN=112              MEAN=285     MEAN=173
 
 LENGTH OF SEASON FOR STATION NUMBER 8806   BASE TEMP=26
 LAST SPRING OCCURENCE FIRST FALL OCCURENCE  LENGTH OF SEASON
   YEAR MONTH DAY DOY         MONTH DAY DOY
   1951   4    23 113          10    24 297          184
   1952   4    15 106          10     5 279          173
   1953   4    20 110          10    27 300          190
   1954   4    12 102          10    30 303          201
   1955   3    28  87          10    15 288          201
   1956   4    30 121          10     9 283          162
   1957   4    14 104          10    19 292          188
   1958   4    29 119          10    28 301          182
   1959   4    13 103          10    12 285          182
   1960   4    10 101          10    20 294          193
   1961   4    16 106          10    20 293          187
   1962   4    16 106          10    24 297          191
   1963   4     4  94          10    29 302          208
   1964   4     9 100          10     9 283          183
   1965   3    30  89          10    24 297          208
   1966   4    21 111          10    24 297          186
   1967   4    24 114          10    11 284          170
   1968   4     5  96          10    25 299          203
   1969   3    31  90          10    27 300          210
   1970   4    10 100          10    16 289          189
   1971   5     3 123          11     4 308          185
   1972   4    25 116          10    18 292          176
   1973   4    13 103          11     5 309          206
   1974   4     8  98          10     2 275          177
   1975   4     4  94          10    29 302          208
   1976   4     1  92          10     6 280          188
   1977   4     6  96          10    16 289          193
   1978   3    25  84          10    28 301          217
   1979   4     6  96          10    13 286          190
   1980   4    14 105          10    12 286          181
   1981   3    23  82          10    19 292          210
   1982   4    21 111          10    21 294          183
   1983   4    18 108          10    13 286          178
   1984   4    18 109           9    29 273          164
   1985   4     9  99          11     4 308          209
   1986   4    22 112          10    14 287          175
   1987   4     6  96          10     3 276          180
   1988   4    24 115          10     5 279          164
   1989   4    15 105          10     4 277          172
   1990   4    18 108          10    10 283          175
   1991   4    10 100          10     7 280          180
   1992   5     6 127          10    17 291          164
   1993   4     5  95          10    10 283          188
   1994   4     7  97          10    26 299          202
   1995   4     5  95          10    22 295          200
   1996   4    23 114          10    28 302          188
   1997   4    17 107          10    22 295          188
   1998   3    24  83          11     5 309          226
             MEAN=102              MEAN=291     MEAN=188
 
 LENGTH OF SEASON FOR STATION NUMBER 8806   BASE TEMP=24
 LAST SPRING OCCURENCE FIRST FALL OCCURENCE  LENGTH OF SEASON
   YEAR MONTH DAY DOY         MONTH DAY DOY
   1951   4    17 107          10    31 304          197
   1952   4    10 101          10     5 279          178
   1953   4    20 110          10    27 300          190
   1954   4    12 102          10    31 304          202
   1955   3    28  87          10    31 304          217
   1956   4    24 115          10     9 283          168
   1957   4    14 104          10    25 298          194
   1958   4     8  98          10    28 301          203
   1959   4    13 103          11     5 309          206
   1960   4    10 101          10    20 294          193
   1961   4    16 106          10    20 293          187
   1962   4    15 105          10    24 297          192
   1963   3    22  81          10    29 302          221
   1964   3    30  90          10     9 283          193
   1965   3    30  89          11     1 305          216
   1966   4    21 111          10    24 297          186
   1967   4    24 114          10    11 284          170
   1968   4     5  96          10    25 299          203
   1969   3    31  90          10    27 300          210
   1970   4     2  92          11    15 319          227
   1971   4     6  96          11     4 308          212
   1972   4     8  99          10    19 293          194
   1973   4    13 103          11     5 309          206
   1974   4     8  98          10     2 275          177
   1975   4     4  94          10    29 302          208
   1976   3    22  82          10     8 282          200
   1977   4     6  96          11    11 315          219
   1978   3    25  84          11    14 318          234
   1979   4     6  96          10    13 286          190
   1980   3    25  85          10    12 286          201
   1981   3    23  82          10    22 295          213
   1982   4    11 101          11     4 308          207
   1983   4    15 105          11    17 321          216
   1984   3    31  91          10    23 297          206
   1985   4     9  99          11     4 308          209
   1986   4    22 112          11     2 306          194
   1987   4     5  95          10     3 276          181
   1988   4    19 110          10    12 286          176
   1989   4    15 105          10     4 277          172
   1990   4    18 108          10    19 292          184
   1991   4     1  91          10     7 280          189
   1992   4    12 103          10    17 291          188
   1993   4     5  95          10    31 304          209
   1994   4     7  97          10    26 299          202
   1995   4     4  94          10    22 295          201
   1996   4    23 114          10    31 305          191
   1997   4    17 107          10    22 295          188
   1998   3    24  83          11     6 310          227
             MEAN= 98              MEAN=297     MEAN=198
 
 THESE ARE THE MONTHLY AVG. MAX TEMPS 1951-1998 FOR STATION #8806
 YEAR    JAN   FEB  MARCH APRIL  MAY  JUNE  JULY AUGUST SEPT   OCT   NOV   DEC   ANN
  
 1951   26.7  31.4  33.6  52.6  74.3  74.2  82.5  80.4  71.3  61.9  39.6  27.4  54.7
 1952   28.3  36.8  39.0  62.5  70.3  87.0  86.1  81.5  80.5  62.2  48.6  31.0  59.5
 1953   28.7  33.2  45.7  53.0  71.2  84.3  85.1  85.8  81.1  72.7  52.0  37.3  60.8
 1954   28.1  45.9  39.0  64.4  67.5  82.9  89.3  80.9  77.6  60.4  50.6  34.3  60.1
 1955   28.3  29.7  43.9  69.0  76.7  77.9  90.3  90.6  80.4  65.3  39.8  27.3  59.9
 1956   26.2  31.6  42.5  59.7  74.2  88.1  83.8  84.4  77.1  72.0  44.2  35.2  59.9
 1957   23.4  36.3  45.0  61.0  69.2  80.2  88.5  83.5  72.5  58.9  40.9  37.3  58.1
 1958   29.6  26.0  41.2  61.2  76.5  76.4  79.6  84.4  76.8  68.6  50.7  29.6  58.4
 1959   23.6  28.2  42.4  61.1  72.6  83.0  83.6  87.2  73.1  57.2  36.3  38.7  57.3
 1960   26.7  26.9  28.5  61.5  71.5  77.8  83.2  83.0  74.8  64.8  50.0  31.2  56.7
 1961   29.4  35.0  41.8  53.2  69.5  80.4  81.7  81.9  71.8  67.0  43.9  27.0  56.9
 1962   22.8  26.6  34.8  57.9  76.6  78.0  79.7  81.6  71.4  64.7  49.1  33.7  56.4
 1963   17.5  28.4  49.2  63.3  70.1  84.4  83.3  80.2  76.1  75.7  52.2  23.2  58.6
 1964   36.0  39.7  41.8  59.9  77.5  81.1  87.0  79.8  73.2  63.7  51.2  29.2  60.0
 1965   26.7  28.2  29.2  55.8  75.4  79.3  82.4  81.0  67.8  65.3  48.0  40.5  56.6
 1966   19.5  33.1  50.7  53.6  70.1  80.1  86.4  79.8  73.8  66.1  45.6  31.1  57.5
 1967   31.0  31.2  50.3  62.5  68.2  77.7  81.7  79.5  73.0  61.0  43.6  35.5  57.9
 1968   27.5  31.1  56.4  63.5  68.9  82.7  82.3  81.9  73.1  64.8  43.0  29.1  58.7
 1969   21.6  29.2  33.8  60.9  73.1  75.1  82.0  82.2  73.9  58.2  46.9  28.5  55.5
 1970   17.7  33.6  38.6  62.4  75.1  81.1  84.8  80.9  73.2  60.9  43.1  32.0  57.0
 1971   21.5  28.4  39.5  63.7  70.2  85.7  80.5  82.9  77.6  67.1  45.2  32.1  57.9
 1972   24.1  26.2  43.8  57.5  72.9  79.9  81.0  80.5  73.8  58.2  39.9  24.3  55.2
 1973   28.0  32.3  49.1  57.9  68.9  83.0  82.6  83.4  71.3  67.4  46.1  27.3  58.1
 1974   24.7  33.2  46.5  63.2  68.1  79.3  88.8  78.4  71.8  64.6  44.8  32.1  58.0
 1975   28.1  28.6  35.5  51.8  76.3  79.7  86.3  84.9  71.1  69.7  50.0  33.9  58.0
 1976   31.7  44.1  46.9  66.0  72.0  82.1  87.1  84.9  78.6  58.3  42.6  30.7  60.4
 1977   17.7  40.7  52.9  69.8  81.2  85.5  90.9  79.9  75.5  60.5  44.2  27.0  60.5
 1978   17.9  22.6  42.5  58.8  72.3  81.3  83.4  83.4  79.9  62.6  43.7  26.7  56.3
 1979   12.6  20.5  38.9  54.3  72.5  81.5  83.1  81.0  78.1  63.6  43.5  38.6  55.7
 1980   27.8  27.9  42.2  63.2  75.5  82.1  89.9  83.6  78.2  60.2  51.5  33.0  59.6
 1981   35.0  38.7  53.8  66.2  70.9  82.9  84.2  80.3  76.1  59.1  48.9  29.7  60.5
 1982   16.2  29.4  41.2  55.8  72.6  77.0  85.7  81.0  72.9  63.1  43.5  35.9  56.2
 1983   30.4  35.6  42.8  52.2  68.6  81.2  88.5  90.3  77.5  61.0  43.9  15.6  57.3
 1984   26.4  39.9  36.3  56.0  68.9  81.3  84.3  86.2  73.0  62.0  47.9  35.2  58.1
 1985   25.8  29.3  50.0  67.0  76.9  80.1  85.4  79.8  73.4  61.1  35.9  21.3  57.2
 1986   31.0  27.4  51.2  63.9  72.5  82.9  86.1  78.3  74.8  61.9  40.1  30.7  58.4
 1987   33.8  45.4  50.7  67.5  79.7  85.5  86.6  79.8  75.2  59.3  49.2  34.0  62.2
 1988   23.7  27.9  50.5  63.2  81.5  88.7  89.6  90.3  77.3  58.4  46.0  33.7  60.9
 1989   37.1  23.6  41.1  62.2  73.1  80.2  85.5  81.4  72.8  66.3  44.1  23.4  57.6
 1990   40.9  38.9  48.9  61.2  68.5  81.0  80.9  81.4  77.9  64.2  52.2  28.0  60.3
 1991   22.5  37.8  48.8  61.4  73.1  84.5  85.1  81.9  72.7  62.6  35.1  33.6  58.3
 1992   34.9  37.3  47.5  57.7  73.4  80.3  77.6  76.8  73.2  63.5  38.0  31.4  57.6
 1993   25.3  24.6  36.6  55.5  69.8  76.9  79.9  80.3  67.6  60.5  43.5  33.6  54.5
 1994   16.8  25.2  49.8  63.1  74.5  81.1  80.6  78.9  76.5  64.2  49.0  31.6  57.6
 1995   24.4  32.4  45.0  56.0  67.8  79.8  85.3  85.8  73.2  62.0  40.2  31.5  56.9
 1996   25.5  32.3  42.1  60.8  66.3  79.9  81.5  80.3  71.7  65.2  36.3  25.1  55.6
 1997   24.0  31.8  47.8  57.8  68.4  84.4  83.9  79.7  77.0  64.8  39.1  33.4  57.7
 1998   28.3  38.6  38.8  59.5  76.9  75.9  83.8  82.1  81.7  63.7  50.4  39.8  59.9
 MEANS  26.2  32.1  43.5  60.3  72.5  81.2  84.4  82.3  74.9  63.5  44.9  31.1  58.1
 
 THESE ARE THE MONTHLY AVG. MIN TEMPS 1951-1998 FOR STATION #8806
 YEAR    JAN   FEB  MARCH APRIL  MAY  JUNE  JULY AUGUST SEPT   OCT   NOV   DEC   ANN
  
 1951    6.7  13.3  17.5  34.6  49.9  54.8  60.9  59.2  47.8  40.8  19.0   9.5  34.5
 1952    6.9  24.2  22.9  35.9  46.6  61.3  61.8  58.1  48.6  28.7  24.0  16.4  36.3
 1953   10.8  17.1  26.0  32.8  48.4  60.9  62.3  59.2  47.6  40.8  27.1  17.0  37.5
 1954    4.0  24.6  21.3  38.9  42.3  62.0  65.0  60.3  53.4  40.4  28.8  19.6  38.4
 1955   11.0  10.5  21.3  42.0  49.5  55.1  67.7  61.6  50.2  38.7  19.1   8.4  36.3
 1956    7.1  10.4  21.9  31.8  48.6  61.0  59.2  60.5  46.6  43.1  26.2  17.1  36.1
 1957    4.0  19.9  24.2  37.1  47.4  57.1  67.0  61.0  48.5  38.0  26.2  19.8  37.5
 1958   16.6   5.2  24.6  36.2  47.6  53.9  59.2  61.0  51.7  40.0  25.7   8.4  35.8
 1959    4.4   7.4  24.4  36.0  51.6  58.7  59.9  65.5  51.6  37.2  17.1  24.4  36.5
 1960   10.3  11.6   9.3  38.6  47.8  55.5  59.8  62.0  53.1  38.1  26.8  12.7  35.5
 1961    7.9  16.0  29.1  32.6  44.6  56.6  61.0  59.7  50.6  39.9  27.0  11.6  36.4
 1962    2.2  12.7  17.6  34.4  54.7  57.0  60.6  59.2  48.2  42.9  30.0  14.2  36.1
 1963   -0.2   6.7  27.4  39.2  48.6  61.3  62.8  59.3  54.2  49.5  30.8   5.1  37.1
 1964   15.4  16.8  19.5  37.9  53.5  58.1  64.5  56.7  52.8  36.6  29.6  12.4  37.8
 1965    6.0   6.6  13.4  36.6  52.9  58.3  62.0  58.6  49.4  41.5  27.1  23.6  36.3
 1966    1.8  12.2  28.6  33.8  43.2  57.2  65.2  57.0  48.5  37.7  25.2  13.3  35.3
 1967   11.6   8.9  27.2  38.5  44.8  58.3  59.1  56.1  47.5  38.3  24.7  17.8  36.1
 1968   10.0  10.1  28.1  38.1  43.7  59.0  61.8  61.1  50.9  42.2  26.0  13.0  37.0
 1969    6.3  14.5  13.6  38.2  50.0  52.9  64.1  61.1  52.2  38.2  26.7  13.7  36.0
 1970   -0.7  11.6  21.9  37.9  51.5  59.7  61.3  60.2  52.6  41.0  28.1  12.8  36.5
 1971    3.6  12.6  24.4  35.8  44.0  62.9  58.7  57.3  52.1  46.5  29.5  17.2  37.0
 1972    5.4   6.1  25.1  35.4  49.5  55.9  61.3  60.9  51.7  37.9  28.1   8.1  35.4
 1973   10.8  17.5  33.6  36.6  45.9  59.5  63.0  61.8  53.1  45.0  29.8  11.6  39.0
 1974    7.5  15.7  26.5  38.5  47.6  54.9  65.4  57.4  45.2  40.0  28.4  17.5  37.0
 1975   10.0  14.1  18.5  34.7  51.3  59.6  61.8  62.4  47.9  39.0  30.3  19.1  37.4
 1976    9.7  21.3  27.4  40.3  45.1  56.6  62.0  58.4  47.7  33.9  18.5   5.5  35.5
 1977   -4.4  14.5  32.0  42.6  55.0  59.6  64.4  58.4  54.2  39.0  26.6  13.1  37.9
 1978   -1.9   2.6  23.4  38.0  49.1  57.1  62.8  59.9  55.2  38.2  24.5   8.2  34.7
 1979   -3.6   0.1  22.8  34.2  45.1  56.5  61.4  61.2  50.6  38.9  26.2  18.6  34.3
 1980   11.9  10.0  22.2  36.5  48.0  57.7  64.3  62.5  52.4  36.5  26.9  14.6  37.0
 1981   10.5  16.8  26.5  41.5  45.4  57.9  63.1  59.4  50.2  38.8  31.6  13.5  37.9
 1982   -2.5  11.0  24.6  33.1  52.1  52.9  62.7  59.8  51.3  41.5  26.0  20.0  36.0
 1983   15.8  22.2  27.9  33.5  44.0  57.5  64.4  65.0  51.5  39.9  29.8  -0.5  37.6
 1984    7.4  22.8  19.3  36.6  45.4  58.7  59.1  59.8  48.4  42.0  27.6  15.0  36.8
 1985    4.2  10.8  29.4  40.7  50.5  53.7  58.7  55.8  53.0  40.5  19.4  -0.2  34.7
 1986   13.5  11.1  28.8  40.0  49.4  61.0  64.0  55.4  55.0  40.7  20.0  16.5  37.9
 1987   16.4  22.1  30.1  38.4  52.5  59.9  64.4  58.9  50.7  33.1  32.0  20.8  39.9
 1988    4.0   8.5  25.7  33.6  50.8  59.0  61.0  62.3  52.2  33.0  26.7  13.1  35.8
 1989   20.4   4.0  23.1  36.2  44.9  55.7  62.2  59.1  47.0  38.3  21.1   4.9  34.7
 1990   18.9  15.1  28.1  35.9  45.2  59.5  62.0  61.4  54.0  36.2  29.2   8.4  37.8
 1991    2.5  17.9  28.1  40.0  54.5  62.7  62.2  59.9  50.0  36.3  19.7  18.5  37.7
 1992   18.4  24.9  28.2  34.8  46.9  54.8  58.1  53.9  49.2  37.0  26.4  15.7  37.4
 1993    8.4  10.6  22.6  33.9  48.7  56.7  63.6  61.4  47.1  38.3  24.3  16.6  36.0
 1994   -2.4   5.2  25.7  35.6  46.8  59.2  59.0  57.3  52.6  43.4  29.4  15.9  35.6
 1995    8.8  14.4  27.7  34.1  45.9  59.9  61.5  65.6  47.7  39.5  21.0  16.4  36.9
 1996    4.8  13.9  18.1  32.7  47.6  59.3  58.5  58.4  49.3  40.3  22.0  12.1  34.8
 1997    6.1  16.7  25.9  33.0  42.8  58.6  63.7  57.9  50.2  38.3  23.5  20.3  36.4
 1998   13.3  24.7  23.4  37.8  52.9  56.4  62.8  63.1  52.7  40.7  29.6  16.7  39.5
 MEANS   7.5  13.5  24.1  36.6  48.2  58.0  62.1  59.8  50.6  39.3  25.9  13.9  36.6
 
 THESE ARE THE MONTHLY AVG. MEAN TEMPS 1951-1998 FOR STATION #8806
 YEAR    JAN   FEB  MARCH APRIL  MAY  JUNE  JULY AUGUST SEPT   OCT   NOV   DEC   ANN
  
 1951   16.7  22.3  25.5  43.6  62.1  64.5  71.7  69.8  59.5  51.4  29.3  18.4  44.6
 1952   17.6  30.5  31.0  49.2  58.5  74.1  73.9  69.8  64.6  45.4  36.3  23.7  47.9
 1953   19.8  25.1  35.8  42.9  59.8  72.6  73.7  72.5  64.4  56.7  39.6  27.2  49.2
 1954   16.0  35.3  30.2  51.7  54.9  72.5  77.1  70.6  65.5  50.4  39.7  26.9  49.2
 1955   19.6  20.1  32.6  55.5  63.1  66.5  79.0  76.1  65.3  52.0  29.4  17.8  48.1
 1956   16.6  21.0  32.2  45.7  61.4  74.6  71.5  72.4  61.8  57.6  35.2  26.1  48.0
 1957   13.7  28.1  34.6  49.0  58.3  68.7  77.8  72.2  60.5  48.4  33.5  28.6  47.8
 1958   23.1  15.6  32.9  48.7  62.1  65.1  69.4  72.7  64.2  54.3  38.2  19.0  47.1
 1959   14.0  17.8  33.4  48.5  62.1  70.9  71.8  76.4  62.4  47.2  26.7  31.5  46.9
 1960   18.5  19.3  18.9  50.0  59.6  66.7  71.5  72.5  63.9  51.5  38.4  21.9  46.1
 1961   18.7  25.5  35.5  42.9  57.1  68.5  71.4  70.8  61.2  53.4  35.4  19.3  46.6
 1962   12.5  19.7  26.2  46.2  65.6  67.5  70.2  70.4  59.8  53.8  39.5  23.9  46.3
 1963    8.6  17.6  38.3  51.2  59.4  72.9  73.0  69.8  65.1  62.6  41.5  14.2  47.8
 1964   25.7  28.2  30.7  48.9  65.5  69.6  75.7  68.3  63.0  50.2  40.4  20.8  48.9
 1965   16.3  17.4  21.3  46.2  64.1  68.8  72.2  69.8  58.6  53.4  37.5  32.0  46.5
 1966   10.7  22.7  39.6  43.7  56.6  68.7  75.8  68.4  61.1  51.9  35.4  22.2  46.4
 1967   21.3  20.0  38.7  50.5  56.5  68.0  70.4  67.8  60.3  49.6  34.2  26.6  47.0
 1968   18.8  20.6  42.2  50.8  56.3  70.8  72.0  71.5  62.0  53.5  34.5  21.0  47.8
 1969   14.0  21.8  23.7  49.5  61.5  64.0  73.0  71.6  63.0  48.2  36.8  21.1  45.7
 1970    8.5  22.6  30.3  50.2  63.3  70.4  73.0  70.6  62.9  51.0  35.6  22.4  46.7
 1971   12.5  20.5  32.0  49.8  57.1  74.3  69.6  70.1  64.8  56.8  37.4  24.6  47.5
 1972   14.8  16.2  34.5  46.5  61.2  67.9  71.1  70.7  62.8  48.0  34.0  16.2  45.3
 1973   19.4  24.9  41.3  47.3  57.4  71.3  72.8  72.6  62.2  56.2  38.0  19.5  48.6
 1974   16.1  24.5  36.5  50.8  57.9  67.1  77.1  67.9  58.5  52.3  36.6  24.8  47.5
 1975   19.0  21.3  27.0  43.3  63.8  69.7  74.0  73.6  59.5  54.4  40.2  26.5  47.7
 1976   20.7  32.7  37.2  53.2  58.6  69.3  74.5  71.6  63.2  46.1  30.6  18.1  48.0
 1977    6.6  27.6  42.5  56.2  68.1  72.6  77.6  69.2  64.8  49.8  35.4  20.0  49.2
 1978    8.0  12.6  33.0  48.4  60.7  69.2  73.1  71.6  67.6  50.4  34.1  17.5  45.5
 1979    4.5  10.3  30.9  44.3  58.8  69.0  72.2  71.1  64.3  51.3  34.8  28.6  45.0
 1980   19.9  18.9  32.2  49.8  61.8  69.9  77.1  73.0  65.3  48.3  39.2  23.8  48.3
 1981   22.8  27.8  40.1  53.8  58.2  70.4  73.7  69.8  63.2  49.0  40.3  21.6  49.2
 1982    6.9  20.2  32.9  44.5  62.4  64.9  74.2  70.4  62.1  52.3  34.8  28.0  46.1
 1983   23.1  28.9  35.3  42.8  56.3  69.3  76.4  77.6  64.5  50.4  36.8   7.6  47.4
 1984   16.9  31.3  27.8  46.3  57.1  70.0  71.7  73.0  60.7  52.0  37.8  25.1  47.5
 1985   15.0  20.0  39.7  53.8  63.7  66.9  72.1  67.8  63.2  50.8  27.6  10.5  45.9
 1986   22.2  19.2  40.0  51.9  60.9  71.9  75.0  66.8  64.9  51.3  30.0  23.6  48.2
 1987   25.1  33.7  40.4  52.9  66.1  72.7  75.5  69.4  62.9  46.2  40.6  27.4  51.1
 1988   13.9  18.2  38.1  48.4  66.1  73.8  75.3  76.3  64.8  45.7  36.3  23.4  48.4
 1989   28.7  13.8  32.1  49.2  59.0  67.9  73.8  70.2  59.9  52.3  32.6  14.2  46.2
 1990   29.9  27.0  38.5  48.5  56.9  70.3  71.5  71.4  66.0  50.2  40.7  18.2  49.1
 1991   12.5  27.9  38.5  50.7  63.8  73.6  73.7  70.9  61.4  49.5  27.4  26.1  48.0
 1992   26.7  31.1  37.9  46.2  60.2  67.6  67.9  65.4  61.2  50.2  32.2  23.6  47.5
 1993   16.8  17.6  29.6  44.7  59.3  66.8  71.7  70.8  57.3  49.4  33.9  25.1  45.3
 1994    7.2  15.2  37.8  49.4  60.6  70.2  69.8  68.1  64.6  53.8  39.2  23.8  46.6
 1995   16.6  23.4  36.4  45.0  56.9  69.8  73.4  75.7  60.4  50.7  30.6  23.9  46.9
 1996   15.2  23.1  30.1  46.8  57.0  69.6  70.0  69.4  60.5  52.8  29.1  18.6  45.2
 1997   15.1  24.3  36.9  45.4  55.6  71.5  73.8  68.8  63.6  51.5  31.3  26.9  47.0
 1998   20.8  31.7  31.1  48.7  64.9  66.2  73.3  72.6  67.2  52.2  40.0  28.2  49.7
 MEANS  16.8  22.8  33.8  48.4  60.4  69.6  73.3  71.0  62.7  51.4  35.4  22.5  47.3
 
 THESE ARE THE MONTHLY PRECIP TOTALS AND NUMBER OF MISSING DAYS 1951-1998 FOR STATION #8806
 YEAR    JAN   FEB  MARCH APRIL  MAY  JUNE  JULY AUGUST SEPT   OCT   NOV   DEC   ANN
  
 1951   0.00  2.61  3.93  5.21  3.62  6.24  4.73  5.46  2.19  1.89  0.68  0.94 37.50
          31     0     1     0     0     0     0     0     0     0     0     0    32
 1952   1.54  0.25  2.90  1.31  2.78  5.54  5.28  1.81  0.20  0.06  1.46  0.89 24.02
           0     0     0     0     0     0     0     0     0     0     0     0     0
 1953   0.66  1.43  2.60  3.83  2.99  4.59  3.49  2.15  0.48  0.13  1.66  0.88 24.89
           0     0     0     0     0     0     0     0     0     0     0     0     0
 1954   0.14  1.47  1.64  3.92  4.20  7.83  1.11  9.35  2.73  4.68  0.12  0.15 37.34
           0     0     0     0     0     0     0     0     0     0     0     0     0
 1955   0.36  0.97  1.21  2.74  3.12  3.59 10.63  2.15  2.14  1.48  0.18  0.42 28.99
           0     0     0     0     0     0     0     0     0     0     0     0     0
 1956   0.48  0.28  0.94  1.22  3.15  2.97  2.52  3.44  2.67  2.45  1.82  0.45 22.39
           0     0     0     0     0     0     0     0     0     0     0     0     0
 1957   0.34  0.38  1.17  0.89  3.93  6.54  3.92  3.74  1.77  2.30  2.78  0.81 28.57
           0     0     0     0     0     0     0     0     0     0     0     0     0
 1958   0.50  0.15  0.54  2.29  0.82  5.39  5.62  1.56  1.79  1.05  0.77  0.30 20.78
           0     0     0     0     0     0     0     0     0     0     0     0     0
 1959   0.39  1.55  2.57  1.69  5.70  2.82  0.61  5.45  2.95  1.23  2.49  1.16 28.61
           0     0     0     0     0     0     0     0     0     0     0     0     0
 1960   1.06  0.73  1.15  3.39  5.55  2.63  2.47  5.32  2.77  0.81  0.48  0.89 27.25
           0     0     0     0     0     0     0     0     0     0     0     0     0
 1961   0.18  1.94  3.10  1.86  2.41  3.27  7.49  4.26  3.72  3.43  1.42  1.62 34.70
           0     0     0     0     0     0     0     0     0     0     0     0     0
 1962   0.16  2.06  1.97  2.18  4.03  3.02  6.69  2.10  1.62  2.06  0.11  0.10 26.10
           0     0     0     0     0     0     0     0     0     0     0     0     0
 1963   0.41  0.71  2.20  5.59  4.26  2.70  4.70  2.87  2.27  1.00  1.77  0.38 28.86
           0     0     0     0     0     0     0     0     0     0     0     0     0
 1964   0.46  0.11  0.65  4.75  4.91  2.45  4.71  4.36  2.12  0.40  0.56  1.01 26.49
           0     0     0     0     0     0     0     0     0     0     0     0     0
 1965   0.75  1.32  3.70  3.28  6.99  4.07  2.16  3.40 11.49  0.46  0.90  1.69 40.21
           0     0     0     0     0     0     0     0     0     0     0     0     0
 1966   0.99  0.98  1.79  1.28  3.36  4.83  2.23  2.69  0.78  1.13  0.14  0.69 20.89
           0     0     0     0     0     0     0     0     0     0     0     0     0
 1967   1.00  0.19  1.26  2.28  2.11  8.48  2.00  2.99  2.81  1.56  0.43  0.55 25.66
           0     0     0     0     0     0     0     0     0     0     0     0     0
 1968   0.74  0.07  0.72  4.07  1.94  3.29  6.63  3.55  3.59  3.38  0.87  1.71 30.56
           0     0     0     0     0     0     0     0     0     0     0     0     0
 1969   1.50  0.94  1.29  3.48  3.97  8.55  8.79  7.16  1.15  4.46  0.11  1.85 43.25
           0     0     0     0     0     0     0     0     0     0     0     0     0
 1970   0.26  0.04  1.60  1.16  4.73  2.38  3.71  2.42  2.92  3.54  1.73  1.24 25.73
           0     0     0     0     0     0     0     0     0     0     0     0     0
 1971   0.40  2.24  0.56  0.75  3.29  4.17  3.02  0.58  1.91  3.98  3.17  1.00 25.07
           0     0     0     0     0     0     0     0     0     0     0     0     0
 1972   0.49  1.00  1.02  2.35  5.26  4.51  5.34  8.16  4.85  4.01  1.47  1.64 40.10
           0     0     0     0     0     0     0     0     0     0     0     0     0
 1973   1.66  1.47  3.38  2.85  5.85  3.10  4.96  2.75  7.85  2.10  2.64  2.28 40.89
           0     0     0     0     0     0     0     0     0     0     0     0     0
 1974   0.44  0.69  0.78  4.37  4.70  5.78  4.26  4.38  0.99  3.64  0.93  0.82 31.78
           0     0     0     0     0     0     0     0     0     0     0     0     0
 1975   1.61  0.82  2.51  4.09  3.33  5.94  0.98  2.52  1.18  0.28  3.07  0.45 26.78
           0     0     0     0     0     0     0     0     0     0     0     0     0
 1976   0.10  0.96  4.31  4.21  3.89  3.59  0.57  1.39  1.18  1.34  0.00  0.54 22.08
           0     0     0     0     0     0     0     0     0     0     0     0     0
 1977   0.54  0.36  2.32  1.76  3.28  2.03  3.72  9.55  5.63  3.78  1.13  0.95 35.05
           0     0     0     0     0     0     0     0     0     0     0     0     0
 1978   1.07  1.52  0.69  4.06  2.42  6.01  4.43  5.07  4.31  0.95  1.77  0.77 33.07
           0     0     0     0     0     0     0     0     0     0     0     0     0
 1979   1.06  0.32  3.39  3.06  3.17  3.38  6.41  9.00  1.19  2.96  2.27  0.40 36.61
           0     0     0     0     0     0     0     0     0     0     0     0     0
 1980   1.08  0.52  0.62  1.10  1.83  4.26  2.04  5.58  1.92  1.67  0.25  0.48 21.35
           0     0     0     0     0     0     0     0     0     0     0     0     0
 1981   0.00  0.85  0.49  2.26  2.71  6.78  2.74  3.86  2.44  2.73  0.52  1.19 26.57
           0     0     0     0     0     0     0     0     0     0     0     0     0
 1982   1.33  0.14  2.14  2.32  7.53  2.87  6.15  4.86  1.84  4.79  1.71  4.27 39.95
           0     0     0     0     0     0     0     0     0     0     0     0     0
 1983   1.02  1.78  2.75  2.81  4.97  4.41  7.51  4.18  4.41  3.13  4.62  0.82 42.41
           0     0     0     0     0     0     0     0     0     0     0     0     0
 1984   0.45  1.02  1.30  6.35  3.74  6.35  5.59  0.20  3.67  3.43  1.54  1.77 35.41
           0     0     0     0     0     0     0     0     0     0     0     0     0
 1985   0.53  0.80  1.52  1.18  2.24  2.94  1.10  7.56  5.12  2.09  1.19  1.53 27.80
           0     0     1     0     0     0     0     1     0     0     0     0     2
 1986   0.14  1.23  1.55  4.06  4.07  5.39  4.68  2.99  6.68  3.86  1.25  0.83 36.73
           0     0     0     0     0     0     0     0     0     0     0     0     0
 1987   0.06  0.00  3.02  2.31  2.24  3.30  7.68  6.38  1.83  0.87  2.89  2.17 32.75
           0     0     0     0     0     0     0     0     1     0     0     0     1
 1988   0.78  0.50  0.59  1.91  1.37  1.26  1.00  2.95  4.13  0.51  2.90  0.41 18.31
           0     0     0     0     0     0     0     0     0     0     0     0     0
 1989   0.57  0.34  0.68  2.13  1.68  5.24  4.53  2.63  3.97  4.84  0.39  0.25 27.25
           0     0     0     0     0     0     0     0     0     0     0     0     0
 1990   0.19  0.41  3.47  2.08  5.89 11.22  5.68  2.17  1.39  1.41  0.86  1.58 36.35
           0     0     1     0     0     0     0     0     0     0     0     1     2
 1991   0.57  0.15  3.73  7.07  8.58  4.58  2.26  3.90  4.48  4.05  3.57  1.42 44.36
           0     0     0     0     0     0     0     0     0     0     0     0     0
 1992   0.87  0.86  2.18  3.03  2.04  1.73  7.31  2.63  2.58  0.94  4.66  2.16 30.99
           0     0     0     0     0     0     0     0     0     0     0     0     0
 1993   0.81  1.30  2.07  2.78  5.41 10.10 12.72 15.03  1.69  1.50  0.84  0.73 54.98
           0     0     0     0     0     0     0     0     0     0     0     0     0
 1994   1.20  0.90  0.19  2.10  3.07  7.70  3.27  4.49  5.56  2.38  1.38  1.07 33.31
           0     0     0     0     0     0     0     0     0     0     0     0     0
 1995   1.28  0.14  3.34  3.43  6.44  3.19  2.48  3.82  3.35  2.10  1.65  0.30 31.52
           0     0     0     0     0     0     0     0     0     0     0     0     0
 1996   1.38  0.16  2.00  1.48  5.64  5.36  3.43  7.04  2.62  2.72  4.17  1.39 37.39
           0     0     0     0     0     0     0     0     0     0     0     0     0
 1997   0.97  1.16  2.23  2.10  3.82  6.82  3.01  0.86  2.42  2.35  0.54  0.99 27.27
           0     0     0     0     0     0     0     0     0     0     0     0     0
 1998   1.01  1.65  2.81  4.76  5.06 12.58  3.33  7.76  0.82  3.36  0.65  0.33 44.12
           0     0     0     0     0     0     0     0     0     0     0     0     0
 
 MEANS  0.70  0.86  1.93  2.90  3.92  4.91  4.37  4.34  2.96  2.28  1.51  1.05 31.73
 PRECIPITATION MEANS AND TOTALS ARE BASED ON DATA AVAILABLE
 NO ATTEMPT WAS MADE TO ESTIMATE MISSING PRECIPITATION DATA
 *****************************************************************************************
 *****************************************************************************************
 
 THESE ARE THE MONTHLY HEATING DEGREE DAYS 1951-1998 FOR STATION #8806
 YEAR    JAN    FEB   MARCH  APRIL   MAY    JUNE   JULY  AUGUST  SEPT   OCT   NOV   DEC
 
 1951  1497.0 1195.0 1223.0  646.0  137.0   80.5    9.0   10.5  181.5  442.5 1071.0 1443.5
 1952  1469.5 1000.5 1055.5  476.5  233.5    8.0    1.0   14.0  107.5  607.0  860.5 1280.5
 1953  1402.0 1116.0  904.0  664.5  212.0   14.5    8.0    2.5  104.0  289.5  763.0 1172.5
 1954  1518.0  833.0 1080.0  410.0  335.5   48.0    0.0    5.0   72.5  463.5  759.0 1180.0
 1955  1406.0 1258.0 1004.0  293.0  109.0   59.5    0.0    3.5  108.5  409.5 1067.0 1462.5
 1956  1499.5 1275.5 1016.5  583.0  185.5   15.0    5.0   21.5  148.0  245.0  895.0 1204.5
 1957  1589.5 1034.5  943.5  486.0  231.5   24.5    0.0    2.0  154.5  514.0  943.5 1129.5
 1958  1297.5 1383.0  996.0  492.5  146.5   72.5   12.5   26.0   91.5  344.5  804.5 1425.5
 1959  1582.0 1322.0  980.5  494.5  158.0   24.0   10.0    1.0  171.5  551.5 1148.0 1037.0
 1960  1442.0 1326.5 1429.0  469.5  182.5   37.5    7.0    3.0  138.5  425.5  798.0 1335.0
 1961  1436.0 1105.5  916.0  662.5  274.0   34.0    0.0    5.5  193.5  361.5  887.0 1416.5
 1962  1627.5 1269.5 1202.0  569.0  102.5   41.5   13.5    7.5  188.0  369.0  764.0 1273.0
 1963  1748.0 1328.0  827.5  420.0  214.0    8.0    0.0   28.5   74.5  124.0  705.5 1576.0
 1964  1218.5 1067.0 1063.5  484.5   88.5   30.0    0.0   47.0  138.0  459.0  739.0 1370.5
 1965  1508.5 1332.0 1355.5  564.0  108.5    9.0    1.0   34.5  205.5  369.5  824.0 1022.0
 1966  1684.0 1185.5  786.0  640.0  290.5   41.0    0.0   26.5  158.5  416.0  887.5 1327.5
 1967  1353.5 1259.0  820.0  449.0  329.5   22.0   31.0   39.0  149.0  487.0  924.5 1190.0
 1968  1433.5 1288.5  706.0  431.5  286.5   30.0    6.0   15.5  127.5  388.5  915.0 1362.5
 1969  1581.5 1209.0 1279.5  463.5  176.5   97.0    2.0    0.0  100.5  535.5  846.5 1360.5
 1970  1752.0 1187.5 1076.0  472.5  142.5   27.5   13.0    8.5  160.0  448.0  881.5 1320.5
 1971  1626.5 1246.0 1024.0  460.5  259.0    3.5   27.0   17.5  127.5  281.0  829.0 1251.0
 1972  1557.5 1416.0  946.5  556.5  182.0   43.5   21.0   25.5  133.5  526.0  930.0 1512.5
 1973  1414.5 1124.0  733.5  532.5  247.5    3.5    0.5    4.5  128.0  289.0  811.0 1411.5
 1974  1516.0 1135.0  883.5  431.5  251.5   50.5    0.5   36.0  224.0  392.5  852.0 1247.0
 1975  1424.5 1222.5 1177.5  652.5  121.0   23.5   10.5    2.5  209.0  352.5  745.0 1193.5
 1976  1373.5  936.0  863.0  368.0  218.5   10.5    1.5    9.5  124.5  594.5 1033.0 1455.0
 1977  1809.0 1047.5  698.5  291.5   30.5    8.0    0.0   17.0   63.5  472.5  888.0 1393.5
 1978  1767.5 1468.0  996.0  498.5  213.5   30.0    2.0    7.0   69.5  453.5  926.5 1473.0
 1979  1875.5 1531.5 1058.5  621.5  224.0   27.5    2.5   24.5   95.0  431.5  905.5 1127.5
 1980  1399.0 1335.5 1018.0  469.5  167.5   17.5    0.0    1.0   96.5  517.0  774.0 1277.5
 1981  1309.5 1042.5  771.5  344.0  225.5    5.0   10.5   15.5  107.0  497.5  742.5 1345.0
 1982  1802.5 1254.0  994.5  616.5  108.0   59.0    0.5   23.0  143.0  397.5  907.5 1148.0
 1983  1298.0 1011.5  920.0  665.0  273.0   40.5    0.0    0.0  122.0  463.0  845.0 1780.5
 1984  1491.5  976.0 1154.0  560.5  260.5    6.5    7.0    8.0  196.5  402.5  817.5 1236.0
 1985  1549.0 1259.0  784.0  369.0   90.0   56.0    3.5   20.0  193.5  440.5 1121.0 1689.0
 1986  1325.5 1281.5  775.0  401.5  150.0    6.0    0.0   44.0   82.5  423.5 1049.0 1282.5
 1987  1238.0  875.5  763.5  382.0   79.5    9.5    2.5   45.0   99.5  583.5  732.0 1165.0
 1988  1585.5 1358.0  832.5  498.5   52.0    6.0    2.0   15.5   80.5  598.5  860.5 1288.5
 1989  1124.0 1433.0 1020.0  488.0  222.5   43.5    0.0    8.0  195.5  397.0  972.5 1576.0
 1990  1087.0 1064.0  822.0  517.0  258.0   34.0   10.0   10.5  105.5  464.5  728.5 1451.5
 1991  1626.5 1040.0  823.5  442.5  159.5    0.0    2.0    9.5  194.0  482.0 1128.0 1207.0
 1992  1188.5  982.0  841.0  563.5  200.5   31.0   21.0   67.5  161.0  464.0  984.5 1284.5
 1993  1493.0 1326.5 1096.5  608.5  201.5   65.0    0.5   16.0  242.5  498.5  933.0 1236.0
 1994  1790.5 1394.5  844.0  487.5  185.5   23.5    7.0   39.0   99.0  348.5  773.5 1278.5
 1995  1501.0 1165.0  888.0  598.5  253.0   33.0    9.5    0.0  193.5  448.0 1033.0 1273.0
 1996  1544.5 1215.0 1082.0  547.5  289.5   40.5    7.0    4.5  177.5  384.0 1076.0 1438.0
 1997  1548.0 1141.0  872.5  588.0  304.0    0.5    8.5   18.0  105.0  471.0 1011.5 1182.5
 1998  1371.0  933.5 1052.0  490.0   84.0   93.0    0.0    0.0   57.5  398.5  750.5 1139.5
 *****************************************************************************************
 MEANS 1526.5 1218.1  988.7  516.6  197.9   32.2    6.0   17.0  141.1  441.8  908.2 1346.5
 
 THESE ARE THE MONTHLY COOLING DEGREE DAYS 1951-1998 FOR STATION #8806
 YEAR    JAN   FEB  MARCH APRIL  MAY  JUNE  JULY AUGUST SEPT   OCT   NOV   DEC   ANN
 
 1951    0.0   0.0   0.0   4.0  48.0  64.5 216.0 159.0  18.0  19.5   0.0   0.0
 1952    0.0   0.0   0.0   2.5  30.5 282.0 278.0 163.0  94.0   0.0   0.0   0.0
 1953    0.0   0.0   0.0   1.5  50.5 242.0 277.5 234.5  85.0  33.5   0.0   0.0
 1954    0.0   0.0   0.0   9.5  22.5 272.0 376.5 178.5  87.5  10.0   0.0   0.0
 1955    0.0   0.0   0.0   8.0  50.0 104.0 433.5 347.0 117.5   7.5   0.0   0.0
 1956    0.0   0.0   0.0   5.0  75.0 302.5 206.5 251.5  52.5  14.5   0.0   0.0
 1957    0.0   0.0   0.0   7.0  23.0 134.0 395.5 225.5  19.5   0.0   0.0   0.0
 1958    0.0   0.0   0.0   4.0  55.5  76.5 148.5 264.5  68.0  13.0   0.0   0.0
 1959    0.0   0.0   0.0   0.0  68.0 200.5 220.0 354.0  92.5   0.0   0.0   0.0
 1960    0.0   0.0   0.0  20.0  16.5  87.5 208.5 236.0 106.5   5.5   0.0   0.0
 1961    0.0   0.0   0.0   0.0  28.0 138.5 197.0 185.5  78.5   3.0   0.0   0.0
 1962    0.0   0.0   0.0   3.5 122.5 117.5 174.5 174.5  33.0  23.0   0.0   0.0
 1963    0.0   0.0   0.0   6.5  39.0 244.0 249.0 176.0  78.5  49.5   0.0   0.0
 1964    0.0   0.0   0.0   1.5 102.5 167.0 333.0 148.0  78.5   0.0   0.0   0.0
 1965    0.0   0.0   0.0   0.0  81.0 123.0 224.0 183.5  14.5  10.0   0.0   0.0
 1966    0.0   0.0   0.0   0.5  31.5 150.5 333.5 132.0  42.0  10.0   0.0   0.0
 1967    0.0   0.0   5.0  14.0  66.5 112.5 198.5 125.5   7.5  11.0   0.0   0.0
 1968    0.0   0.0   0.0   5.0  16.0 205.5 223.5 217.5  38.0  33.0   0.0   0.0
 1969    0.0   0.0   0.0   0.0  69.0  67.0 251.0 206.0  42.0  14.5   0.0   0.0
 1970    0.0   0.0   0.0  27.0  90.0 190.0 262.5 181.5  97.5  13.0   0.0   0.0
 1971    0.0   0.0   0.0   3.0  14.0 282.0 169.5 175.0 122.5  27.0   0.0   0.0
 1972    0.0   0.0   0.0   0.0  63.5 131.5 210.5 202.5  66.0   0.0   0.0   0.0
 1973    0.0   0.0   0.0   0.0  12.5 191.0 242.5 239.5  45.0  16.0   0.0   0.0
 1974    0.0   0.0   0.0   7.0  30.0 114.0 375.5 126.0  29.5   0.0   0.0   0.0
 1975    0.0   0.0   0.0   0.0  83.5 163.0 291.0 270.0  43.5  22.5   0.0   0.0
 1976    0.0   0.0   0.0  13.0  19.0 141.0 297.5 214.5  69.0   8.0   0.0   0.0
 1977    0.0   0.0   0.0  27.5 126.5 234.5 392.0 146.0  59.0   0.0   0.0   0.0
 1978    0.0   0.0   2.5   0.0  80.0 156.5 252.5 213.0 146.0   0.0   0.0   0.0
 1979    0.0   0.0   0.0   0.0  32.0 147.5 227.0 213.5  75.5   5.5   0.0   0.0
 1980    0.0   0.0   0.0  14.5  67.0 163.5 374.0 250.5 106.0   0.0   0.0   0.0
 1981    0.0   0.0   0.0   8.5  13.5 166.0 279.0 165.5  52.0   0.0   0.0   0.0
 1982    0.0   0.0   0.0   0.0  27.0  57.5 286.5 190.0  55.5   4.5   0.0   0.0
 1983    0.0   0.0   0.0   0.0   4.5 171.0 354.5 392.0 107.0  11.5   0.0   0.0
 1984    0.0   0.0   0.0   0.0  16.5 157.0 214.5 255.5  68.5   0.5   0.0   0.0
 1985    0.0   0.0   0.0  34.5  50.0 113.5 222.5 106.0 139.5   0.0   0.0   0.0
 1986    0.0   0.0   0.0   9.0  24.0 214.0 311.0 101.0  80.0   0.0   0.0   0.0
 1987    0.0   0.0   0.0  20.0 113.5 241.5 327.0 180.0  37.5   0.0   0.0   0.0
 1988    0.0   0.0   0.0   0.0  87.5 271.5 322.0 366.0  73.0   0.0   0.0   0.0
 1989    0.0   0.0   0.0  15.0  37.0 131.5 274.0 170.5  43.5   3.0   0.0   0.0
 1990    0.0   0.0   0.0  23.0   6.0 192.0 210.0 209.0 134.5   6.0   0.0   0.0
 1991    0.0   0.0   0.5  14.5 122.5 258.0 270.5 193.0  85.5   0.0   0.0   0.0
 1992    0.0   0.0   0.0   0.5  50.5 108.0 109.5  79.0  47.5   6.0   0.0   0.0
 1993    0.0   0.0   0.0   0.0  24.0 118.5 209.5 197.0  12.0  14.5   0.0   0.0
 1994    0.0   0.0   0.0  18.5  50.5 178.5 155.5 135.0  86.0   0.5   0.0   0.0
 1995    0.0   0.0   0.0   0.0   0.5 178.0 271.0 332.0  56.0   5.0   0.0   0.0
 1996    0.0   0.0   0.0   0.0  40.0 178.5 162.5 139.5  42.5   4.5   0.0   0.0
 1997    0.0   0.0   0.0   0.0  12.0 195.5 282.5 136.0  62.5  53.5   0.0   0.0
 1998    0.0   0.0   0.0   0.0  80.5 127.5 256.5 236.0 123.5   1.5   0.0   0.0
 *****************************************************************************************
 MEANS   0.0   0.0   0.2   6.9  50.1 170.5 265.9 207.0  70.2   9.7   0.0   0.0
 
 THESE ARE THE HEAT STRESS VARIABLES 1951-1998 FOR STATION #8806
             # OF DAYS MAXT >86                           HEAT INDEX
 YEAR   MAY  JUNE  JULY   AUG  SEPT  TOTAL     MAY    JUNE   JULY   AUG    SEPT  TOTAL
 1951   0.0   0.0  12.0   3.0   0.0   15.0      0.0    0.0   32.0   13.0    0.0   45.0
 1952   3.0  16.0  14.0   6.0  11.0   50.0     11.0  101.0   67.0   16.0   45.0  240.0
 1953   3.0  12.0  11.0  12.0   7.0   45.0     13.0   63.0   38.0   87.0   34.0  235.0
 1954   1.0  12.0  22.0   5.0   7.0   47.0      1.0   51.0  136.0   16.0   33.0  237.0
 1955   5.0   2.0  24.0  22.0   8.0   61.0      9.0    9.0  167.0  177.0   67.0  429.0
 1956   6.0  19.0  11.0  10.0   6.0   52.0     15.0  137.0   45.0   70.0   21.0  288.0
 1957   0.0   6.0  17.0  11.0   1.0   35.0      0.0   11.0  120.0   39.0    1.0  171.0
 1958   1.0   5.0   1.0  16.0   3.0   26.0      2.0   17.0    2.0   66.0    7.0   94.0
 1959   3.0  10.0   9.0  20.0   4.0   46.0      5.0   44.0   31.0  104.0   16.0  200.0
 1960   0.0   1.0   8.0   7.0   7.0   23.0      0.0    2.0   29.0   28.0   42.0  101.0
 1961   0.0   7.0   4.0   7.0   4.0   22.0      0.0   32.0   15.0   16.0    8.0   71.0
 1962   9.0   4.0   5.0   5.0   1.0   24.0     18.0    7.0   11.0   13.0    4.0   53.0
 1963   1.0  12.0   6.0   4.0   3.0   26.0      4.0   49.0   22.0   15.0    4.0   94.0
 1964   5.0  10.0  19.0   6.0   2.0   42.0     14.0   28.0   88.0   22.0    5.0  157.0
 1965   2.0   0.0   6.0   8.0   0.0   16.0      2.0    0.0   34.0   51.0    0.0   87.0
 1966   2.0   5.0  15.0   5.0   0.0   27.0      4.0   14.0   76.0   12.0    0.0  106.0
 1967   3.0   1.0   6.0   0.0   0.0   10.0     30.0    2.0   16.0    0.0    0.0   48.0
 1968   1.0  10.0   7.0  10.0   0.0   28.0      1.0   41.0   19.0   51.0    0.0  112.0
 1969   3.0   2.0   6.0   5.0   0.0   16.0      7.0    8.0   24.0    9.0    0.0   48.0
 1970   3.0   6.0  14.0   6.0   4.0   33.0      8.0   29.0   55.0   15.0   12.0  119.0
 1971   0.0  12.0   6.0   8.0   6.0   32.0      0.0   66.0   15.0   35.0   27.0  143.0
 1972   4.0   6.0   7.0  11.0   3.0   31.0     10.0   21.0   22.0   49.0    8.0  110.0
 1973   0.0   9.0   9.0   9.0   0.0   27.0      0.0   38.0   29.0   23.0    0.0   90.0
 1974   0.0   7.0  18.0   2.0   1.0   28.0      0.0   22.0  130.0    6.0    3.0  161.0
 1975   4.0   5.0  18.0  15.0   3.0   45.0     13.0   13.0   78.0   68.0    7.0  179.0
 1976   1.0   6.0  15.0  12.0   6.0   40.0      1.0    8.0   78.0   57.0   22.0  166.0
 1977   5.0  11.0  19.0   6.0   1.0   42.0     12.0   80.0  186.0   20.0    2.0  300.0
 1978   4.0   7.0  10.0   8.0   8.0   37.0      6.0   16.0   29.0   26.0   29.0  106.0
 1979   2.0   7.0   7.0   8.0   2.0   26.0      3.0   13.0   12.0   34.0    4.0   66.0
 1980   5.0   7.0  22.0  13.0   4.0   51.0      8.0   37.0  140.0   37.0   17.0  239.0
 1981   0.0   8.0  13.0   2.0   3.0   26.0      0.0   24.0   53.0    4.0    7.0   88.0
 1982   0.0   2.0  11.0   5.0   0.0   18.0      0.0    2.0   48.0   18.0    0.0   68.0
 1983   0.0   8.0  23.0  24.0   5.0   60.0      0.0   32.0  103.0  158.0   24.0  317.0
 1984   0.0   1.0  11.0  16.0   4.0   32.0      0.0    7.0   38.0   80.0   15.0  140.0
 1985   1.0   8.0  11.0   4.0   8.0   32.0      4.0   39.0   51.0   26.0   26.0  146.0
 1986   1.0   8.0  15.0   2.0   0.0   26.0      2.0   34.0   53.0    6.0    0.0   95.0
 1987   5.0  12.0  15.0   5.0   0.0   37.0     12.0   74.0   79.0   33.0    0.0  198.0
 1988   6.0  18.0  20.0  20.0   3.0   67.0     17.0  123.0  145.0  196.0    9.0  490.0
 1989   1.0   4.0  12.0   4.0   0.0   21.0      1.0   16.0   71.0   16.0    0.0  104.0
 1990   0.0   6.0   6.0   7.0   9.0   28.0      0.0   23.0   24.0   21.0   28.0   96.0
 1991   5.0  11.0  12.0   8.0   1.0   37.0     10.0   58.0   65.0   13.0    1.0  147.0
 1992   2.0   5.0   1.0   2.0   0.0   10.0      4.0   10.0    3.0    3.0    0.0   20.0
 1993   0.0   3.0   1.0   3.0   1.0    8.0      0.0    4.0    3.0    6.0    1.0   14.0
 1994   1.0   7.0   3.0   3.0   3.0   17.0      3.0   24.0    4.0   12.0    9.0   52.0
 1995   0.0   7.0  12.0  15.0   1.0   35.0      0.0   29.0   73.0   52.0    1.0  155.0
 1996   3.0  10.0   5.0   2.0   0.0   20.0      6.0   33.0   16.0    7.0    0.0   62.0
 1997   1.0   8.0  13.0   6.0   3.0   31.0      2.0   26.0   52.0   21.0   11.0  112.0
 1998   3.0   3.0   9.0   5.0   7.0   27.0     12.0   15.0   25.0   16.0   32.0  100.0
 *****************************************************************************************
 MEANS  2.2   7.3  11.4   8.3   3.1   32.3      5.6   32.1   55.7   39.1   12.2  144.7
