 
 THIS IS FOR STATION NUMBER  213 1951-> 2000
                                 # OF PRECIPITATION EVENTS - % IN PARENS
 CL                   MAX   MEAN  0.01-  0.26-  0.51-  1.01-          # OF DAYS
 WK    TIME PERIOD    VAL   RAIN    0.25   0.51   1.00   2.00  >2.01 MISSING TOTAL
  1 3/1-->3/7        1.82   0.49  59(65) 17(18)  9(10)  5( 5)  0( 0)    7       90
  2 3/8-->3/14       1.50   0.48  58(63) 19(20)  9( 9)  5( 5)  0( 0)    9       91
  3 3/15-->3/21      1.07   0.47  47(56) 17(20) 17(20)  2( 2)  0( 0)    7       83
  4 3/22-->3/28      1.80   0.54  57(57) 28(28) 12(12)  2( 2)  0( 0)    8       99
  5 3/29-->4/4       2.32   0.71  66(61) 18(16) 15(14)  7( 6)  1( 0)    7      107
  6 4/5-->4/11       1.31   0.55  60(60) 20(20) 15(15)  4( 4)  0( 0)    7       99
  7 4/12-->4/18      1.80   0.83  67(54) 26(21) 24(19)  6( 4)  0( 0)    7      123
  8 4/19-->4/25      2.16   1.01  74(52) 29(20) 27(19) 11( 7)  1( 0)    7      142
  9 4/26-->5/2       2.35   0.93  66(54) 28(22) 16(13) 11( 9)  1( 0)    7      122
 10 5/3-->5/9        1.90   0.89  56(49) 25(22) 18(15) 14(12)  0( 0)    7      113
 11 5/10-->5/16      2.80   1.04  62(49) 33(26) 15(11) 14(11)  2( 1)    7      126
 12 5/17-->5/23      1.60   0.69  72(61) 22(18) 16(13)  8( 6)  0( 0)    7      118
 13 5/24-->5/30      4.38   1.08  73(53) 28(20) 22(16) 12( 8)  1( 0)    7      136
 14 5/31-->6/6       2.34   0.69  59(60) 19(19)  9( 9)  9( 9)  2( 2)   13       98
 15 6/7-->6/13       2.78   1.32  75(51) 23(15) 26(17) 19(13)  3( 2)   14      146
 16 6/14-->6/20      3.90   1.08  49(42) 31(27) 22(19)  9( 7)  3( 2)   14      114
 17 6/21-->6/27      2.74   1.07  51(45) 24(21) 24(21)  8( 7)  5( 4)   14      112
 18 6/28-->7/4       6.52   1.10  51(48) 20(19) 21(20)  8( 7)  5( 4)   10      105
 19 7/5-->7/11       4.00   1.09  45(46) 19(19) 19(19)  8( 8)  6( 6)    7       97
 20 7/12-->7/18      3.06   1.00  45(44) 22(21) 18(17) 15(14)  2( 1)    7      102
 21 7/19-->7/25      5.05   0.93  60(52) 24(21) 19(16)  9( 7)  2( 1)    7      114
 22 7/26-->8/1       1.01   0.61  50(50) 26(26) 23(23)  1( 1)  0( 0)    6      100
 23 8/2-->8/8        4.97   1.05  66(58) 19(16) 12(10) 11( 9)  4( 3)    0      112
 24 8/9-->8/15       2.33   0.79  46(48) 22(23) 17(18)  7( 7)  2( 2)    0       94
 25 8/16-->8/22      3.10   1.13  53(49) 17(15) 18(16) 16(14)  4( 3)    0      108
 26 8/23-->8/29      4.00   0.79  45(48) 22(23) 14(15)  9( 9)  2( 2)    0       92
 27 8/30-->9/5       3.08   0.70  53(56) 20(21) 12(12)  7( 7)  2( 2)   10       94
 28 9/6-->9/12       1.55   0.55  47(55) 15(17) 17(20)  5( 5)  0( 0)   14       84
 29 9/13-->9/19      4.57   1.12  59(53) 18(16) 16(14) 12(10)  5( 4)   14      110
 30 9/20-->9/26      2.29   1.03  55(49) 18(16) 23(20) 12(10)  4( 3)   14      112
 31 9/27-->10/3      1.72   0.54  41(53) 14(18) 17(22)  4( 5)  0( 0)    8       76
 32 10/4-->10/10     1.78   0.67  46(52) 15(17) 16(18) 10(11)  0( 0)    0       87
 33 10/11-->10/17    1.59   0.56  40(53) 16(21) 11(14)  8(10)  0( 0)    0       75
 34 10/18-->10/24    2.65   0.66  45(49) 22(24) 18(19)  5( 5)  1( 1)    0       91
 35 10/25-->10/31    1.76   0.47  51(62) 14(17) 14(17)  3( 3)  0( 0)    0       82
 36 11/1-->11/7      2.15   0.64  67(69) 11(11)  8( 8)  9( 9)  2( 2)    0       97
 37 11/8-->11/14     1.14   0.40  50(64) 11(14) 10(12)  6( 7)  0( 0)    5       77
 38 11/15-->11/21    3.20   0.64  48(56) 19(22)  8( 9)  9(10)  1( 1)    0       85
 39 11/22-->11/28    1.19   0.44  62(67) 14(15) 14(15)  2( 2)  0( 0)    3       92
 40 11/29-->12/5     1.68   0.37  55(70) 12(15)  9(11)  2( 2)  0( 0)   12       78
 41 12/6-->12/12     0.98   0.33  56(67) 20(24)  7( 8)  0( 0)  0( 0)   14       83
 42 12/13-->12/19    2.20   0.27  56(77) 10(13)  4( 5)  1( 1)  1( 1)   18       72
 43 12/20-->12/26    1.38   0.30  62(79)  8(10)  6( 7)  2( 2)  0( 0)   21       78
 44 12/27-->1/2      1.00   0.32  44(64) 14(20)  9(13)  1( 1)  0( 0)   15       68
 45 1/3-->1/9        0.70   0.22  53(74) 14(19)  4( 5)  0( 0)  0( 0)    0       71
 46 1/10-->1/16      1.89   0.27  49(79)  7(11)  2( 3)  4( 6)  0( 0)    0       62
 47 1/17-->1/23      1.01   0.31  59(72) 13(16)  8( 9)  1( 1)  0( 0)    1       81
 48 1/24-->1/30      1.17   0.23  57(79) 10(13)  4( 5)  1( 1)  0( 0)    3       72
 49 1/31-->2/6       2.00   0.24  41(75)  7(12)  5( 9)  0( 0)  1( 1)   20       54
 50 2/7-->2/13       0.79   0.18  59(84) 10(14)  1( 1)  0( 0)  0( 0)   21       70
 51 2/14-->2/20      1.44   0.28  47(71) 10(15)  8(12)  1( 1)  0( 0)   22       66
 52 2/21-->2/27      1.40   0.39  44(60) 18(24)  7( 9)  4( 5)  0( 0)   21       73
 53 2/28-->2/29      0.35   0.01   8(88)  1(11)  0( 0)  0( 0)  0( 0)    5        9
 ANNUAL TOTALS       6.52   2866(57)959(19)715(14)339( 6) 63( 1)  427     4942
 
 THESE ARE THE MONTHLY AVERAGES FOR 1951-->2000 FOR STATION NUMBER  213
   JAN  FEB  MAR  APR  MAY  JUN  JUL  AUG  SPT  OCT  NOV  DEC  ANNUAL
   1.13 1.09 2.28 3.50 3.98 4.54 4.22 4.20 3.40 2.55 2.22 1.40 34.52  <-- PRECIP
  
   18.5 24.5 35.7 49.7 61.1 70.3 74.4 72.4 64.0 52.7 37.6 24.4  53.3  <-- TEMP
 
 TWELVE SIGNIFICANT RAINFALL EVENTS  
 MONTH  DAY  YEAR   AMOUNT
   7      3  1999     6.52
   7     19  1963     5.05
   8      5  1968     4.97
   8      7  1982     4.64
   9     13  1961     4.57
   5     29  1962     4.38
   9     14  1967     4.08
   8     26  1987     4.00
   7      5  1993     4.00
   6     17  1990     3.90
   9     18  1977     3.48
   7      3  1962     3.39
 
 GROWING DEGREE DAYS FOR 4 BASE TEMPS FOR STATION NUMBER   213
               MARCH                       APRIL  
     ****************************  ******************* ******** 
 YEAR  40-86  48-86  50-86  52-86   40-86  48-86  50-86  52-86  
     ****************************  ******************* ******** 
 1951     31      3      1      0    247    130    106     83
 1952     63     29     22     18    359    231    206    183
 1953    119     49     36     25    207     95     74     57
 1954     82     26     20     14    428    263    232    203
 1955    130     66     53     40    481    306    268    233
 1956     83     33     25     18    303    179    153    128
 1957    114     42     31     22    369    225    196    169
 1958     74     22     13      7    344    202    169    140
 1959     91     41     34     27    326    187    159    133
 1960     21      6      4      2    395    244    212    183
 1961     84     36     28     22    205    101     82     66
 1962     67     34     29     24    324    194    169    147
 1963    172    104     92     80    392    245    212    181
 1964     88     36     25     16    326    203    177    152
 1965     17      3      1      0    276    152    128    106
 1966    181     89     69     53    253    133    109     87
 1967    162     94     79     65    347    203    171    143
 1968    257    149    129    110    390    244    212    183
 1969     76     38     31     24    377    218    185    154
 1970     65     14      9      7    397    259    229    199
 1971     70     38     33     28    393    252    224    198
 1972    103     48     39     31    315    186    160    136
 1973    233    108     85     67    320    189    163    140
 1974    116     48     38     31    421    267    234    203
 1975     53     14      7      4    262    146    126    108
 1976    180     94     79     67    437    286    252    218
 1977    222    116     98     81    522    353    315    281
 1978     84     37     30     24    334    198    168    141
 1979     72     29     22     15    258    141    119    100
 1980     96     34     25     19    384    246    219    195
 1981    220    117     98     81    482    307    271    238
 1982     95     30     21     15    290    180    156    133
 1983    131     64     52     42    222    122    104     90
 1984     48     12      8      6    321    178    149    122
 1985    174     78     60     44    484    334    302    271
 1986    204    122    105     93    471    310    276    242
 1987    189     93     76     64    475    323    293    264
 1988    175     87     69     53    365    232    204    176
 1989    126     73     64     56    360    211    179    151
 1990    208    105     87     71    382    236    205    178
 1991    176     87     72     61    406    256    223    191
 1992    185     90     73     58    312    179    156    134
 1993     67     29     22     16    282    151    126    104
 1994    159     77     63     51    414    274    243    215
 1995    197    112     94     78    281    150    123     98
 1996    105     42     31     22    343    207    179    154
 1997    157     73     59     47    286    173    150    127
 1998    161     99     89     79    369    212    180    152
 1999    148     68     54     42    350    203    171    139
 2000    233    132    111     95    322    196    172    150
     ****************************  ******************* ******** 
 MEAN  127.5   61.6   50.1   40.5  352.4  214.4  186.1  159.8
 STDV   61.7   37.8   32.9   28.6   75.3   60.2   56.3   52.4
 
               MAY                         JUNE   
     ****************************  ******************* ******** 
 YEAR  40-86  48-86  50-86  52-86   40-86  48-86  50-86  52-86  
     ****************************  ******************* ******** 
 1951    676    463    414    369    750    516    459    406
 1952    558    361    318    278    939    702    646    592
 1953    580    382    343    305    919    681    623    566
 1954    475    309    272    237    922    689    634    581
 1955    690    482    435    391    760    526    475    425
 1956    644    439    395    351    933    700    644    590
 1957    578    370    325    284    851    617    560    505
 1958    660    467    422    380    733    496    444    395
 1959    722    503    454    405    887    650    593    538
 1960    576    369    322    282    785    551    497    444
 1961    529    347    309    274    818    597    547    500
 1962    778    550    497    445    828    594    538    487
 1963    569    375    334    296    874    644    590    540
 1964    734    521    476    434    831    605    553    502
 1965    716    504    456    410    799    564    512    462
 1966    507    338    303    272    828    599    546    496
 1967    494    320    286    254    852    624    571    518
 1968    529    342    304    270    878    643    587    533
 1969    667    462    416    372    739    521    469    421
 1970    710    502    453    406    854    619    563    510
 1971    531    359    323    288    970    730    670    612
 1972    690    480    431    385    821    595    543    492
 1973    560    361    317    276    887    647    587    530
 1974    557    362    318    275    759    537    490    445
 1975    732    519    472    428    882    651    596    542
 1976    576    393    352    312    863    634    580    529
 1977    842    619    564    513    867    635    581    529
 1978    645    436    391    346    886    660    608    557
 1979    631    444    402    362    874    644    589    536
 1980    699    487    441    399    841    604    549    498
 1981    609    411    370    330    890    652    596    540
 1982    748    518    465    414    721    503    458    416
 1983    501    324    287    251    867    651    598    547
 1984    539    368    330    292    928    692    635    579
 1985    703    501    454    411    763    554    506    460
 1986    690    466    415    366    915    677    619    562
 1987    791    580    533    486    949    713    655    599
 1988    719    521    479    440    891    675    628    581
 1989    595    419    380    341    817    592    540    494
 1990    545    348    308    269    889    654    599    546
 1991    782    561    511    462    981    742    684    627
 1992    661    472    429    389    804    577    527    484
 1993    651    442    394    348    813    583    527    474
 1994    619    432    391    353    896    668    612    558
 1995    565    361    317    278    911    673    614    558
 1996    540    339    297    259    870    633    574    516
 1997    494    312    273    237    886    649    594    541
 1998    781    549    497    449    828    599    544    490
 1999    637    426    381    339    845    614    559    506
 2000    658    456    409    365    776    549    496    445
     ****************************  ******************* ******** 
 MEAN  633.9  433.7  389.6  347.8  853.6  622.8  568.5  516.3
 STDV   92.0   78.9   74.9   71.0   62.8   59.6   57.6   55.3
 
               JULY                        AUGUST 
     ****************************  ******************* ******** 
 YEAR  40-86  48-86  50-86  52-86   40-86  48-86  50-86  52-86  
     ****************************  ******************* ******** 
 1951    940    693    633    575    887    641    582    526
 1952   1024    777    719    661    890    646    589    535
 1953    988    741    681    623    925    681    625    571
 1954   1030    782    720    659    921    675    615    557
 1955   1125    877    815    753   1031    783    723    665
 1956    947    699    638    577    954    714    657    600
 1957   1078    830    768    706    973    727    667    608
 1958    913    665    603    544    967    723    663    604
 1959    951    704    643    582   1085    837    775    713
 1960    948    702    644    587    989    741    679    619
 1961    928    680    619    559    940    694    636    579
 1962    899    654    595    536    914    668    609    551
 1963    950    703    642    582    858    622    568    515
 1964   1009    761    700    640    887    648    591    535
 1965    969    722    661    601    903    659    600    542
 1966   1012    764    703    645    859    618    563    511
 1967    891    656    602    550    783    553    499    451
 1968   1005    758    699    642    972    725    666    608
 1969   1041    793    731    669    978    730    668    607
 1970    986    739    682    626    952    706    647    588
 1971    919    676    618    561    895    654    598    546
 1972    962    722    664    606    990    744    685    626
 1973   1048    800    738    676   1001    754    694    635
 1974   1040    792    731    672    892    648    591    537
 1975    972    731    673    616   1009    764    703    643
 1976    990    748    691    636    889    657    603    552
 1977   1060    812    752    692    868    626    569    516
 1978   1002    754    693    633    958    719    661    605
 1979    963    720    662    606    947    704    645    588
 1980   1031    783    721    661    999    751    689    627
 1981   1007    761    701    642    946    701    643    586
 1982   1020    772    710    648    906    669    614    560
 1983   1032    786    726    666   1030    785    725    666
 1984    928    685    627    571    962    724    666    609
 1985    948    702    644    588    860    618    562    508
 1986   1073    825    763    701    837    598    540    486
 1987   1093    846    785    724    932    688    631    575
 1988   1014    768    708    650   1041    802    743    684
 1989   1026    778    716    655    939    695    638    583
 1990    995    747    685    623    977    729    669    611
 1991   1006    759    700    643    974    726    665    604
 1992    896    648    587    526    787    555    504    455
 1993   1012    764    702    640    986    738    677    618
 1994    949    701    639    579    879    634    578    524
 1995    993    748    688    629   1110    862    800    738
 1996    918    672    612    552    944    696    634    575
 1997   1023    778    720    663    909    661    601    543
 1998   1016    768    706    645   1016    768    706    644
 1999   1069    821    759    697    875    627    566    507
 2000    939    691    629    569    963    715    653    592
     ****************************  ******************* ******** 
 MEAN  991.8  745.4  685.2  626.0  940.0  696.3  637.8  580.8
 STDV   54.3   53.3   52.6   51.7   67.2   64.5   62.6   59.9
 
               SEPTEMBER                   OCTOBER
     ****************************  ******************* ******** 
 YEAR  40-86  48-86  50-86  52-86   40-86  48-86  50-86  52-86  
     ****************************  ******************* ******** 
 1951    583    384    340    300    165    116    105     95
 1952    680    485    440    399     37     25     22     19
 1953    474    335    304    275      0      0      0      0
 1954    751    532    481    433    291    187    163    140
 1955    735    533    487    443    270    175    155    137
 1956    413    277    250    225      0      0      0      0
 1957    637    428    382    338    141     92     83     74
 1958    707    489    443    398      0      0      0      0
 1959    730    517    467    421    142     72     57     42
 1960    748    534    484    436    319    216    192    168
 1961    654    453    408    363      5      1      0      0
 1962    427    296    267    239      0      0      0      0
 1963    680    477    431    389    611    429    388    351
 1964    695    486    439    393    116     76     67     58
 1965    633    420    374    329    348    220    192    165
 1966    609    422    383    347     66     43     38     33
 1967    562    392    354    317      0      0      0      0
 1968    670    457    410    365    408    269    237    205
 1969    703    490    442    395    281    185    165    147
 1970    713    496    448    402    255    167    147    128
 1971    790    576    527    479    198    139    125    111
 1972    708    494    444    397      0      0      0      0
 1973    719    498    450    402    555    383    346    310
 1974    434    298    267    239      0      0      0      0
 1975    524    359    321    283      0      0      0      0
 1976    557    413    381    349      0      0      0      0
 1977    728    503    454    405    120     64     53     43
 1978    821    600    548    499     89     48     40     34
 1979    688    490    445    402     67     38     32     26
 1980    736    520    473    428    191    126    113    102
 1981    673    461    416    374    274    172    151    130
 1982    681    477    431    387    333    223    198    175
 1983    510    367    336    307      0      0      0      0
 1984    637    463    423    385      0      0      0      0
 1985    735    529    482    437     53     28     23     18
 1986    761    535    485    435    190    112     97     83
 1987    684    476    430    387     37     28     26     24
 1988    752    548    499    450     68     44     39     34
 1989    515    355    321    289      0      0      0      0
 1990    776    566    518    470    172    114    103     93
 1991    545    404    372    340      0      0      0      0
 1992    651    454    410    367    228    142    126    111
 1993    563    360    317    275    172    116    103     90
 1994    732    505    454    406    177    108     92     80
 1995    476    328    296    265      0      0      0      0
 1996    644    435    389    345    292    183    161    140
 1997    732    511    458    408    403    278    249    221
 1998    790    566    515    467    287    171    146    122
 1999    600    422    384    347    178    123    111     99
 2000    692    488    444    402    113     77     69     61
     ****************************  ******************* ******** 
 MEAN  653.4  458.3  414.7  373.0  153.2  100.0   88.4   77.5
 STDV  102.4   77.4   71.4   65.6  152.5  103.2   92.3   82.1
 
 DAILY RECORD HIGHS AND LOWS OCCURRING DURING 1951-2000 FOR STATION NUMBER  213
     JAN     FEB    MARCH   APRIL    MAY     JUNE    JULY    AUG     SEPT    OCT     NOV     DEC
 DY MX  MN  MX  MN  MX  MN  MX  MN  MX  MN  MX  MN  MX  MN  MX  MN  MX  MN  MX  MN  MX  MN  MX  MN
  1  45 -15  50 -27  69 -22  76  18  87  24  92  33  99  43 102  47  97  36  92  25  74  16  60  -3
  2  47 -29  54 -28  70  -3  85  13  87  25  91  39  95  44  99  43  96  41  92  20  78   9  64  -3
  3  52 -18  53 -37  70   0  84  13  86  26  93  38  96  45 100  42  96  37  93  25  76   8  65 -13
  4  54 -15  52 -30  66  -9  77   9  88  26  91  39  96  41  98  41  93  34  85  22  76   5  71  -5
  5  51 -30  55 -28  68 -15  79  20  88  30  94  36  96  39  94  44  93  36  86  27  67   2  65   1
  6  46 -22  48 -25  69 -16  85   0  83  26  92  41  96  41  94  45  95  34  91  17  75  11  60 -10
  7  46 -21  56 -20  73  -7  80  12  85  26  96  38  98  41  96  42  97  34  85  23  73   1  53 -17
  8  45 -22  55 -26  78  -5  78  12  86  27  96  40  96  49  97  42  94  33  81  21  67   2  51  -6
  9  45 -17  62 -28  76 -15  77  14  88  27  96  37  97  46  94  44  99  38  86  22  78  14  52 -19
 10  51 -27  56 -24  68  -4  82  17  88  26  92  38  98  44 100  47  92  33  86  20  75   9  54 -18
 11  51 -25  61 -22  73   2  83  10  89  30  92  35  97  44  95  42  90  33  85  18  72   4  58 -16
 12  50 -29  63 -20  78   0  80  17  87  30  91  40  96  46  95  44  94  29  85  20  68   9  57 -13
 13  55 -15  62 -20  73 -10  75  18  88  29  96  40  99  47  94  45  88  31  90  22  69   2  52 -16
 14  49 -23  64  -9  73  -5  76  18  90  28  97  43 100  40  96  40  90  33  85  24  75   0  58 -15
 15  58 -24  59 -18  71   2  80  21  89  29  95  42 101  42 100  41  93  33  87  23  71   1  53 -16
 16  53 -26  62 -15  71  -1  85  19  86  28  92  39  96  46 100  40  90  29  85  22  71   5  55 -18
 17  54 -26  67 -15  75   7  85  20  89  29  94  41  94  44 101  45  92  33  85  22  70  -4  53 -18
 18  54 -25  65 -10  70   3  87  17  91  35  94  43  97  44  99  41  92  33  86  14  72   7  52 -16
 19  50 -30  57 -19  76   2  86  17  92  33  96  43  96  48 100  44  92  35  85  15  72  11  52 -27
 20  48 -27  59  -9  69   1  90  20  92  28 100  40  98  49  99  42  90  27  85  18  64   9  52 -18
 21  53 -26  57 -14  72   0  92  23  90  32 100  38  98  48  98  42  86  29  82  15  66  -1  57 -27
 22  55 -20  63  -9  74  10  97  18  91  28  98  42  97  48  94  47  85  27  81  18  63   5  55 -26
 23  53 -25  56 -12  72   4  92  24  89  26  98  45  96  47  94  43  83  24  85  19  65   5  55 -27
 24  60 -15  59 -18  72  -7  84  17  88  31  95  42  95  49  92  40  89  27  80  19  62   4  57 -22
 25  60 -15  57 -19  74   1  90  25  90  32  97  42  94  48  94  39  88  33  80  18  62  -2  54 -27
 26  50 -22  67 -14  81   6  87  27  93  32  95  44  98  46  96  42  88  26  79  15  64 -14  48 -25
 27  50 -19  60  -9  78   0  87  28  91  30  95  40 100  46  98  43  89  29  77  19  67   1  58 -19
 28  45 -24  57 -12  79   6  86  27  91  32  94  43  99  50  97  37  97  29  77  17  61 -10  65 -15
 29  50 -26 *** ***  87   6  88  23  91  29  95  46  99  44  97  39  93  23  71  10  68 -11  65 -11
 30  53 -28 *** ***  81   3  87  26  90  35  97  43 100  45  96  43  89  25  78  11  68 -14  55 -18
 31  66 -29 *** ***  81   8 *** ***  91  34 *** *** 102  45  97  40 *** ***  79  19 *** ***  60 -19
 
 DAILY MAXIMUM PRECIPITATION OCCURRING DURING 1951-2000 FOR STATION NUMBER  213
     JAN   FEB   MARCH APRIL MAY   JUNE  JULY  AUG   SEPT  OCT   NOV   DEC
 
  1  0.66  0.19  0.78  1.40  1.70  2.34  1.75  0.68  1.09  0.96  1.98  0.99
  2  0.53  0.95  1.14  1.39  1.49  1.57  2.53  2.73  0.56  1.11  2.15  1.23
  3  0.68  0.10  1.70  1.07  1.20  1.05  6.52  1.50  0.58  0.79  1.13  0.97
  4  0.70  0.42  1.16  0.97  0.60  0.90  1.54  1.80  1.00  0.86  0.98  0.55
  5  0.46  0.61  1.68  0.66  1.85  2.14  4.00  4.97  1.48  1.78  0.40  0.90
  6  0.46  2.00  0.87  1.20  1.90  1.11  2.58  1.80  0.60  0.88  0.40  0.51
  7  0.12  0.35  1.82  0.76  1.45  2.78  0.90  4.64  1.44  0.98  1.11  0.85
  8  0.24  0.19  1.50  0.78  1.41  2.20  2.83  1.96  1.15  1.32  0.42  0.98
  9  0.30  0.42  0.65  1.13  0.96  2.15  3.35  1.46  1.55  1.20  1.06  0.32
 10  0.31  0.79  0.82  0.60  2.80  1.42  2.62  2.33  1.48  1.38  1.07  0.40
 11  0.18  0.21  1.10  1.31  1.21  1.68  2.90  0.51  0.87  1.10  0.56  0.84
 12  1.89  0.43  1.27  0.97  1.30  1.48  1.34  0.48  0.71  1.29  1.14  0.87
 13  1.16  0.31  1.35  0.79  2.40  1.79  1.85  1.10  4.57  1.59  0.94  0.33
 14  0.31  0.09  0.76  1.45  1.40  2.45  1.62  1.83  4.08  1.32  0.56  0.36
 15  1.34  0.50  0.87  0.89  0.73  2.60  1.00  1.68  2.32  1.10  1.10  2.20
 16  1.00  0.50  0.52  1.80  1.64  1.99  1.00  2.84  0.82  1.43  1.93  0.88
 17  0.87  0.60  0.18  1.48  1.43  3.90  0.83  2.00  1.32  1.39  3.20  0.32
 18  0.75  0.66  0.79  1.19  0.74  1.02  3.06  3.10  3.48  1.99  1.36  0.18
 19  0.91  0.76  1.07  0.52  1.34  1.78  5.05  0.83  1.38  2.65  1.41  1.01
 20  1.01  1.44  1.07  1.49  0.36  1.80  1.08  1.69  2.26  1.40  1.22  1.38
 21  0.31  1.19  0.53  1.43  1.35  1.63  0.90  2.40  2.29  0.86  1.95  0.50
 22  0.68  0.58  0.78  1.43  1.17  1.56  1.54  1.10  1.22  0.91  0.67  0.24
 23  0.52  0.96  1.00  1.47  1.60  2.54  0.98  1.25  2.27  1.30  1.19  1.12
 24  0.23  1.13  0.57  2.16  1.00  1.88  2.20  1.61  0.87  0.68  0.72  0.84
 25  0.62  0.78  0.71  1.13  1.33  2.74  1.02  1.74  1.60  0.92  0.43  0.59
 26  0.68  0.48  0.57  0.70  1.85  2.34  0.67  4.00  2.18  1.09  0.97  0.33
 27  1.17  1.40  1.80  1.35  1.50  2.20  1.01  0.85  0.93  0.65  0.76  1.00
 28  0.18  0.35  0.60  1.61  1.98  1.21  0.68  3.16  0.51  0.94  0.97  0.77
 29  0.47******  1.52  2.35  4.38  0.82  0.75  1.20  1.50  0.81  0.71  0.46
 30  0.44******  1.30  1.35  1.51  2.37  0.67  3.08  1.72  1.52  1.68  0.33
 31  0.25******  2.32******  0.55******  0.90  1.56******  1.76******  0.32
 
 RECORD LARGEST AND SMALLEST DAILY RANGES (MAX-MIN)     DURING 1951-2000 FOR STATION NUMBER  213
     JAN     FEB    MARCH   APRIL    MAY     JUNE    JULY    AUG     SEPT    OCT     NOV     DEC
 DY MX  MN  MX  MN  MX  MN  MX  MN  MX  MN  MX  MN  MX  MN  MX  MN  MX  MN  MX  MN  MX  MN  MX  MN
  1 36   3  40   3  42   5  42   6  42  10  41   6  42  10  40  10  42  11  55   8  46   3  35   3
  2 38   3  42   5  42   5  55   5  39   7  39   6  38   8  40  11  39   9  49   8  42   5  35   3
  3 38   5  39   3  35   4  40   4  40   9  42  10  41  12  37  10  41   8  43   7  42   4  32   4
  4 46   4  45   3  36   6  47   5  40   6  41  10  40  11  35  10  45  12  43   7  39   3  31   7
  5 38   2  37   1  39   3  44   5  39  14  42  13  43   8  36   8  40  14  44   6  42   2  34   3
  6 34   1  40   3  47   6  52  10  46   6  43  13  40  15  41   9  45   8  45   5  39   4  32   3
  7 32   2  39   3  42   6  46  12  42   5  48   6  39   9  39  13  40  15  43   5  39   5  31   2
  8 40   2  36   3  45   5  40   9  45   6  44  10  36  13  42   7  47   7  44   9  34   4  35   4
  9 35   5  37   4  45   5  47   5  47   8  43  11  37  13  37  13  42   6  43   5  38   5  32   5
 10 36   6  40   3  38   4  47   6  46   7  40   8  39  13  38  13  45  13  47   7  44   5  41   3
 11 45   4  47   3  44   5  44   2  41  12  45   7  35   9  38  11  46   6  45   9  40   5  33   4
 12 43   2  46   4  30   5  39   3  41   7  41   8  38  14  40   8  48  11  46  11  46   5  30   3
 13 36   2  43   2  35   4  48   5  48  11  39   5  37  14  40   9  37  11  45   7  41   4  41   5
 14 39   5  46   2  37   5  40   6  48  10  41  13  41   7  42  11  42  10  48   8  45   4  46   1
 15 45   4  37   5  44   4  44   7  46  14  35  11  41  10  36  13  42   7  45   5  39   6  32   4
 16 37   3  38   6  39   5  43   6  47   5  44  14  39  12  37   7  43  11  46   7  38   6  35   4
 17 37   4  41   3  37   4  47   7  44   9  39  12  40  13  35  15  38   7  37   9  39   4  34   2
 18 50   4  40   3  37   2  40   9  47   7  39  10  38   8  34   9  42   9  52  10  46   6  39   3
 19 52   3  44   3  44   3  41   6  44   5  36  11  36   7  36   8  41   6  42   9  43   5  36   3
 20 45   2  35   6  40   3  38   9  44   9  43   9  34  15  38   6  38   7  44   6  34   5  29   4
 21 48   3  40   4  33   6  44   6  44  11  40   7  38  11  36   7  39   8  41   8  31   4  43   3
 22 47   2  38   6  42   3  43   9  40   8  37  11  36  12  36  12  54   9  46   3  34   2  32   3
 23 38   4  35   2  44   2  47   9  41  10  37  16  36   8  34  12  44   5  39   6  33   3  33   2
 24 40   6  40   4  41   7  42   6  39   9  39  10  40  12  37  10  48   9  51   4  40   3  42   4
 25 43   2  37   7  46   8  49   6  41   6  36  15  38  13  41  10  40   8  43   7  34   4  33   3
 26 41   7  36   5  47   5  44   9  43   7  37  13  37  11  36   9  50   6  44   4  35   3  38   4
 27 38   4  42   5  43   7  41   5  40   4  36  12  42  12  35   9  44  12  46   5  40   3  37   4
 28 49   5  42   5  44   5  41   5  43   5  43  10  37  11  38  11  52   5  42   6  38   4  40   3
 29 35   2  **  **  40   8  43   6  43   6  35  14  35   9  40   9  42  11  43   9  34   4  43   4
 30 39   6  **  **  44   7  43  10  41  11  36  11  35  10  37  10  46   9  44   5  41   5  39   5
 31 38   6  **  **  41   5  **  **  43  14  **  **  41   8  42  10  **  **  42   3  **  **  31   3
 
 DAILY  MEAN  HIGHS AND LOWS OCCURRING DURING 1951-2000 FOR STATION NUMBER  213
     JAN     FEB    MARCH   APRIL    MAY     JUNE    JULY    AUG     SEPT    OCT     NOV     DEC
 DY MX  MN  MX  MN  MX  MN  MX  MN  MX  MN  MX  MN  MX  MN  MX  MN  MX  MN  MX  MN  MX  MN  MX  MN
  1 28  12  29   9  40  19  54  31  67  41  76  52  84  58  84  58  80  55  71  44  55  35  38  21
  2 28  12  27   9  40  21  54  31  68  42  75  52  84  59  84  60  81  56  71  44  53  34  39  22
  3 29  10  28   8  40  21  53  33  68  43  76  50  83  59  84  60  80  57  70  43  52  32  39  21
  4 27   8  29   9  40  20  53  30  69  44  78  51  83  61  83  60  79  55  68  42  49  32  38  20
  5 27   7  29  10  38  21  54  31  70  45  79  53  83  58  82  59  79  53  67  43  49  29  38  21
  6 26  10  28  11  39  19  57  32  69  44  80  54  84  58  82  59  78  54  66  42  49  29  34  18
  7 24   6  29   9  39  18  58  32  68  43  80  55  85  59  84  59  80  53  66  40  49  29  33  17
  8 25   5  29  10  39  19  55  33  69  45  79  55  85  61  83  59  79  53  66  41  49  30  33  18
  9 26   7  30  10  41  21  55  31  69  45  79  55  84  60  83  59  78  54  65  40  49  30  32  15
 10 24   6  32  14  42  21  56  31  70  43  80  55  84  59  82  58  77  52  65  38  49  28  33  16
 11 26   7  31  12  43  25  58  34  71  45  81  56  84  60  81  57  77  50  66  40  49  28  32  15
 12 27   9  31  12  43  25  57  35  71  45  81  57  85  61  82  57  78  50  67  40  46  27  31  14
 13 28  11  33  13  42  25  58  35  72  45  82  56  85  62  83  58  76  51  66  40  48  28  31  13
 14 28  11  34  14  44  24  59  36  71  47  81  57  84  61  82  59  75  51  66  42  48  27  31  14
 15 27   7  33  16  43  24  61  37  72  47  80  57  85  60  83  58  74  49  66  41  49  28  31  15
 16 27   7  33  14  44  24  62  38  73  47  80  56  85  61  83  59  73  49  66  40  48  27  32  14
 17 28   7  34  15  44  24  64  37  74  48  81  56  85  62  84  59  74  49  64  39  48  28  30  13
 18 27   9  36  20  45  25  64  39  74  49  82  58  86  63  82  59  75  50  61  37  46  27  30  13
 19 28   9  36  18  45  27  63  40  74  49  82  57  85  63  82  59  75  51  60  35  46  27  30  13
 20 27   8  37  16  45  26  62  41  75  48  82  57  85  62  81  57  73  49  61  36  44  27  29  13
 21 28  10  36  17  45  25  64  40  75  47  82  57  84  62  82  57  70  47  62  38  43  25  29  12
 22 29  11  37  16  47  25  64  38  74  49  81  57  84  62  82  58  70  46  64  37  44  24  29  13
 23 29   9  36  19  49  26  63  39  74  50  82  57  84  61  81  58  68  43  60  38  43  24  30  13
 24 28   9  36  17  48  25  64  39  74  49  82  57  84  60  80  57  69  44  59  37  42  22  30  11
 25 28   8  36  17  49  27  66  40  74  49  83  57  85  61  82  57  71  45  59  36  42  24  28  11
 26 26   6  38  19  49  28  67  41  73  49  84  59  85  61  83  59  72  45  59  36  41  23  29  12
 27 25   7  38  20  52  28  67  43  73  50  84  59  84  60  83  60  71  44  59  36  39  23  31  13
 28 26   6  38  20  53  31  66  40  74  50  85  59  84  61  83  58  71  44  57  35  36  18  32  14
 29 26   7  **  **  51  30  65  41  75  51  84  60  84  59  83  58  70  45  57  33  36  19  31  13
 30 27   6  **  **  51  30  67  41  77  51  83  60  84  60  83  59  71  43  58  36  37  19  29  11
 31 29   8  **  **  53  31  **  **  78  52  **  **  84  60  81  58  **  **  56  37  **  **  30  13
  
  # OF DAYS EACH YEAR WHERE MIN >=32 F  1951-2000 FOR STATION #  213
   51  52  53  54  55  56  57  58  59  60  61  62  63  64  65  66  67  68  69  70
  204 186 208 207 217 209 213 213 215 216 204 197 216 209 217 195 204 216 208 217
 
   71  72  73  74  75  76  77  78  79  80  81  82  83  84  85  86  87  88  89  90
  211 206 238 207 200 188 220 205 205 206 218 213 197 209 215 215 224 206 211 218
 
   91  92  93  94  95  96  97  98  99 100
  213 217 213 222 214 206 214 248 213 210
  
 MEAN=212
 
 LENGTH OF SEASON FOR STATION NUMBER  213   BASE TEMP=32
 LAST SPRING OCCURENCE FIRST FALL OCCURENCE  LENGTH OF  SEASON
   YEAR MONTH DAY DOY         MONTH DAY DOY
   1951   4    26 116           9    28 271          155
   1952   5    29 150           9    23 267          117
   1953   5    13 133           9    13 256          123
   1954   5    20 140           9    23 266          126
   1955   4     8  98           9    12 255          157
   1956   4    30 121           9    20 264          143
   1957   5     5 125           9    28 271          146
   1958   5     7 127          10     1 274          147
   1959   4    21 111          10    12 285          174
   1960   5     1 122          10    18 292          170
   1961   5    26 146          10     2 275          129
   1962   4    20 110           9    20 263          153
   1963   5    23 143          10    28 301          158
   1964   4    25 116           9    28 272          156
   1965   5    29 149          10     4 277          128
   1966   5    14 134           9    16 259          125
   1967   5    22 142           9    29 272          130
   1968   5    10 131          10     4 278          147
   1969   5    12 132          10    14 287          155
   1970   5     2 122          10     4 277          155
   1971   5    28 148          10     7 280          132
   1972   5    10 131           9    30 274          143
   1973   5    17 137          10    17 290          153
   1974   5     7 127           9    22 265          138
   1975   5     1 121           9    13 256          135
   1976   5     8 129           9    22 266          137
   1977   5    10 130          10     3 276          146
   1978   5    10 130          10     8 281          151
   1979   5    25 145           9    22 265          120
   1980   5     8 129           9    26 270          141
   1981   5    12 132           9    28 271          139
   1982   4    28 118           9    22 265          147
   1983   5    26 146           9    21 264          118
   1984   5    29 150           9    16 260          110
   1985   4    15 105           9    27 270          165
   1986   5     3 123          10     6 279          156
   1987   4    28 118          10     3 276          158
   1988   4    29 120          10     3 277          157
   1989   5    11 131           9    23 266          135
   1990   5    11 131          10    11 284          153
   1991   5     2 122           9    20 263          141
   1992   5    28 149           9    29 273          124
   1993   4    22 112           9    30 273          161
   1994   5     3 123          10    10 283          160
   1995   4    25 115           9    22 265          150
   1996   5     2 123          10     3 277          154
   1997   5    21 141          10    15 288          147
   1998   4    19 109          10    14 287          178
   1999   4    25 115           9    22 265          150
   2000   5    15 136          10     6 280          144
             MEAN=128              MEAN=273     MEAN=144
 
 LENGTH OF SEASON FOR STATION NUMBER  213   BASE TEMP=30
 LAST SPRING OCCURENCE FIRST FALL OCCURENCE  LENGTH OF  SEASON
   YEAR MONTH DAY DOY         MONTH DAY DOY
   1951   4    26 116           9    28 271          155
   1952   5    29 150          10     3 277          127
   1953   4    27 117           9    22 265          148
   1954   5    20 140          10    18 291          151
   1955   4     7  97           9    12 255          158
   1956   4    30 121           9    20 264          143
   1957   4    14 104           9    28 271          167
   1958   5     7 127          10     1 274          147
   1959   4    21 111          10    12 285          174
   1960   4    18 109          10    19 293          184
   1961   5     3 123          10     2 275          152
   1962   4    20 110           9    20 263          153
   1963   5    23 143          10    28 301          158
   1964   4    15 106           9    28 272          166
   1965   5    29 149          10    12 285          136
   1966   5    14 134          10     6 279          145
   1967   5    16 136           9    29 272          136
   1968   4    27 118          10     4 278          160
   1969   4    29 119          10    14 287          168
   1970   5     2 122          10     4 277          155
   1971   5    13 133          10     7 280          147
   1972   4    26 117           9    30 274          157
   1973   5    17 137          10    30 303          166
   1974   5     6 126           9    22 265          139
   1975   5     1 121           9    26 269          148
   1976   5     8 129           9    22 266          137
   1977   5    10 130          10     3 276          146
   1978   5     6 126          10     8 281          155
   1979   5    16 136          10     7 280          144
   1980   5     8 129           9    26 270          141
   1981   5    12 132          10     2 275          143
   1982   4    28 118           9    22 265          147
   1983   5     9 129           9    22 265          136
   1984   5    29 150           9    16 260          110
   1985   4    15 105           9    27 270          165
   1986   5     3 123          10     6 279          156
   1987   4    11 101          10     3 276          175
   1988   4    29 120          10     3 277          157
   1989   5     7 127           9    24 267          140
   1990   5     2 122          10    11 284          162
   1991   4    22 112           9    20 263          151
   1992   5    27 148           9    29 273          125
   1993   4    22 112          10     5 278          166
   1994   5     3 123          10    10 283          160
   1995   4    25 115           9    23 266          151
   1996   5     2 123          10    11 285          162
   1997   5    16 136          10    15 288          152
   1998   4    18 108          10    14 287          179
   1999   4    19 109          10    14 287          178
   2000   4    22 113          10     7 281          168
             MEAN=123              MEAN=276     MEAN=152
 
 LENGTH OF SEASON FOR STATION NUMBER  213   BASE TEMP=28
 LAST SPRING OCCURENCE FIRST FALL OCCURENCE  LENGTH OF  SEASON
   YEAR MONTH DAY DOY         MONTH DAY DOY
   1951   4    23 113          10     8 281          168
   1952   4    16 107          10     3 277          170
   1953   4    21 111           9    22 265          154
   1954   5    20 140          10    18 291          151
   1955   4     7  97          10    16 289          192
   1956   4    30 121           9    20 264          143
   1957   4    14 104          10    10 283          179
   1958   5     7 127          10     1 274          147
   1959   4    21 111          10    12 285          174
   1960   4    18 109          10    20 294          185
   1961   4    29 119          10     2 275          156
   1962   4    20 110           9    20 263          153
   1963   5    23 143          10    28 301          158
   1964   4    15 106          10     9 283          177
   1965   4    19 109          10    24 297          188
   1966   5    14 134          10     6 279          145
   1967   5     7 127           9    29 272          145
   1968   4    15 106          10    25 299          193
   1969   4    29 119          10    17 290          171
   1970   5     2 122          10    16 289          167
   1971   5     3 123          10    12 285          162
   1972   4    26 117           9    30 274          157
   1973   4    28 118          10    30 303          185
   1974   4    24 114           9    22 265          151
   1975   4    13 103           9    26 269          166
   1976   5     8 129           9    24 268          139
   1977   4    29 119          10    13 286          167
   1978   5     3 123          10     8 281          158
   1979   5     1 121          10     7 280          159
   1980   4    14 105          10    12 286          181
   1981   4    15 105          10    19 292          187
   1982   4    28 118          10    21 294          176
   1983   4    25 115           9    22 265          150
   1984   4    24 115           9    26 270          155
   1985   4    10 100          10     6 279          179
   1986   4    23 113          10    15 288          175
   1987   4     7  97          10     3 276          179
   1988   4    24 115          10     5 279          164
   1989   4    19 109           9    24 267          158
   1990   4    18 108          10    11 284          176
   1991   4    22 112           9    20 263          151
   1992   5     6 127          10    17 291          164
   1993   4    22 112          10    10 283          171
   1994   5     2 122          10    10 283          161
   1995   4    25 115           9    23 266          151
   1996   5     2 123          10    19 293          170
   1997   5    16 136          10    22 295          159
   1998   3    24  83          10    22 295          212
   1999   4    19 109          10    14 287          178
   2000   4    22 113          10     7 281          168
             MEAN=115              MEAN=281     MEAN=166
 
 LENGTH OF SEASON FOR STATION NUMBER  213   BASE TEMP=26
 LAST SPRING OCCURENCE FIRST FALL OCCURENCE  LENGTH OF  SEASON
   YEAR MONTH DAY DOY         MONTH DAY DOY
   1951   4    17 107          10    31 304          197
   1952   4    16 107          10     3 277          170
   1953   4    21 111          10    29 302          191
   1954   5     6 126          10    18 291          165
   1955   3    29  88          11     3 307          219
   1956   4    30 121          11     9 314          193
   1957   4    14 104          10    20 293          189
   1958   4    29 119          11     6 310          191
   1959   4    21 111          10    12 285          174
   1960   4    10 101          10    20 294          193
   1961   4    29 119          10    26 299          180
   1962   4    16 106          10    24 297          191
   1963   5    23 143          10    29 302          159
   1964   4    15 106          10     9 283          177
   1965   3    30  89          10    24 297          208
   1966   5    10 130          10    17 290          160
   1967   5     7 127           9    29 272          145
   1968   4     5  96          10    25 299          203
   1969   3    31  90          10    23 296          206
   1970   5     2 122          10    16 289          167
   1971   5     3 123          11     4 308          185
   1972   4    25 116          10    15 289          173
   1973   4    13 103          10    30 303          200
   1974   4    24 114          10     2 275          161
   1975   4    13 103          10     2 275          172
   1976   5     4 125          10     8 282          157
   1977   4    29 119          10    13 286          167
   1978   3    27  86          10     8 281          195
   1979   4     7  97          10    14 287          190
   1980   4    14 105          10    12 286          181
   1981   4    15 105          10    19 292          187
   1982   4    21 111          10    22 295          184
   1983   4    25 115           9    23 266          151
   1984   4     7  98           9    26 270          172
   1985   4     9  99          11     5 309          210
   1986   4    22 112          10    15 288          176
   1987   4     7  97          10     3 276          179
   1988   4    24 115          10     6 280          165
   1989   4    13 103          10     4 277          174
   1990   4    18 108          10    11 284          176
   1991   4     1  91          10     7 280          189
   1992   4    12 103          10    17 291          188
   1993   4    22 112          10    13 286          174
   1994   4     7  97          11     1 305          208
   1995   4     5  95          10    16 289          194
   1996   4    17 108          10    19 293          185
   1997   4    17 107          10    22 295          188
   1998   3    24  83          10    22 295          212
   1999   3    27  86          10    18 291          205
   2000   4    13 104          10     7 281          177
             MEAN=107              MEAN=290     MEAN=183
 
 LENGTH OF SEASON FOR STATION NUMBER  213   BASE TEMP=24
 LAST SPRING OCCURENCE FIRST FALL OCCURENCE  LENGTH OF  SEASON
   YEAR MONTH DAY DOY         MONTH DAY DOY
   1951   4    17 107          10    31 304          197
   1952   4    11 102          10     6 280          178
   1953   4    21 111          10    29 302          191
   1954   4     4  94          10    30 303          209
   1955   3    29  88          11     3 307          219
   1956   4    24 115          11     9 314          199
   1957   4    14 104          10    20 293          189
   1958   4    29 119          11     7 311          192
   1959   4    21 111          11     5 309          198
   1960   4    10 101          10    24 298          197
   1961   4    16 106          11     3 307          201
   1962   4    16 106          10    24 297          191
   1963   5     1 121          10    29 302          181
   1964   4     9 100          10    10 284          184
   1965   3    30  89          10    24 297          208
   1966   4    10 100          10    17 290          190
   1967   4    24 114          10    19 292          178
   1968   4     5  96          10    25 299          203
   1969   3    31  90          10    23 296          206
   1970   4     2  92          10    16 289          197
   1971   4    10 100          11     4 308          208
   1972   4     8  99          10    15 289          190
   1973   4    13 103          11     5 309          206
   1974   4     8  98          10     2 275          177
   1975   4    13 103          10     2 275          172
   1976   4    12 103          10     8 282          179
   1977   4     6  96          10    16 289          193
   1978   3    27  86          10    28 301          215
   1979   4     7  97          10    14 287          190
   1980   3    25  85          10    29 303          218
   1981   4     6  96          10    23 296          200
   1982   4    11 101          10    22 295          194
   1983   4    20 110           9    23 266          156
   1984   4     1  92           9    29 273          181
   1985   4     9  99          11     5 309          210
   1986   4    22 112          11    10 314          202
   1987   4     4  94          10    11 284          190
   1988   4    24 115          10     6 280          165
   1989   4    13 103          10     4 277          174
   1990   4    18 108          10    25 298          190
   1991   4     1  91          10    19 292          201
   1992   4     2  93          10    17 291          198
   1993   4    17 107          10    31 304          197
   1994   4     7  97          11     1 305          208
   1995   4     5  95          10    16 289          194
   1996   4    10 101          10    31 305          204
   1997   4    14 104          10    22 295          191
   1998   3    24  83          11     5 309          226
   1999   3    27  86          10    24 297          211
   2000   4    13 104          10     7 281          177
             MEAN=100              MEAN=295     MEAN=194
 
 THESE ARE THE MONTHLY AVG. MAX TEMPS 1951-2000 FOR STATION # 213
 YEAR    JAN   FEB  MARCH APRIL  MAY  JUNE  JULY AUGUST SEPT   OCT   NOV   DEC   ANN
  
 1951   25.3  30.4  36.5  54.2  73.6  75.2  81.8  79.6  70.7  62.6  39.5  30.9  55.0
 1952   30.8  37.1  39.5  61.9  69.3  84.1  86.3  80.1  77.6  61.1  50.5  33.6  59.3
 1953   30.9  36.1  44.2  53.0  70.6  83.4  83.9  84.5  77.8  71.9  51.8  36.5  60.4
 1954   30.7  45.4  42.4  64.2  66.4  83.6  87.5  81.7  78.3  62.3  50.1  34.4  60.6
 1955   28.7  31.3  44.8  67.2  75.0  76.5  90.2  89.5  79.8  64.2  43.0  29.9  60.0
 1956   30.4  33.6  43.1  58.9  72.7  84.3  83.5  82.8  75.2  71.9  46.5  35.7  59.9
 1957   24.3  37.9  45.9  59.7  68.8  79.2  87.0  83.9  71.9  60.5  43.3  39.7  58.5
 1958   29.2  25.6  42.5  61.0  75.1  75.1  80.0  83.5  74.5  67.4  51.4  28.8  57.8
 1959   23.5  29.5  43.2  59.9  73.6  81.4  82.7  85.4  74.6  56.5  38.0  38.9  57.3
 1960   28.6  28.6  30.9  61.2  68.1  76.5  82.5  83.0  77.3  63.5  50.1  32.1  56.9
 1961   29.9  39.7  43.9  52.8  68.9  80.5  81.5  83.0  72.8  64.5  46.1  28.6  57.7
 1962   22.8  28.2  38.2  58.7  76.0  78.9  79.5  82.3  72.0  64.4  47.9  32.0  56.8
 1963   17.5  27.4  49.1  63.6  70.3  85.4  83.9  81.4  75.7  75.4  51.4  22.3  58.6
 1964   35.8  37.4  42.5  60.6  77.9  81.5  86.8  80.9  74.3  64.3  52.1  29.0  60.3
 1965   27.5  31.3  33.4  57.1  74.9  78.8  83.8  80.7  71.0  63.7  48.9  41.2  57.7
 1966   22.1  32.8  50.0  55.7  68.4  80.7  87.2  81.9  74.1  65.1  49.3  32.6  58.3
 1967   34.7  29.4  47.3  60.8  67.9  80.4  82.2  78.2  72.4  60.5  42.4  35.3  57.6
 1968   29.2  31.9  55.0  63.5  69.2  81.3  85.2  83.1  73.6  64.2  45.3  31.8  59.4
 1969   21.3  32.5  40.7  62.1  73.2  75.8  83.3  84.0  75.3  59.7  48.9  30.9  57.3
 1970   19.6  34.2  42.7  62.5  73.8  79.8  85.0  83.1  75.1  63.4  45.8  34.6  58.3
 1971   24.3  29.5  40.8  63.7  70.1  85.2  81.8  84.4  79.9  71.2  47.5  36.5  59.6
 1972   27.5  28.8  44.4  59.2  75.6  81.6  83.8  83.7  75.5  59.4  41.5  26.5  57.3
 1973   31.2  35.6  54.2  57.4  69.2  82.2  86.6  85.6  73.8  70.5  48.1  30.2  60.4
 1974   27.5  34.2  45.7  64.2  67.8  78.7  89.2  80.5  72.1  65.3  47.2  35.0  58.9
 1975   31.4  31.1  37.4  55.0  77.5  82.1  86.7  85.2  71.2  69.2  53.1  37.4  59.8
 1976   31.6  46.0  49.4  65.3  71.5  83.2  87.5  84.3  77.5  59.7  41.6  28.6  60.5
 1977   16.9  37.4  52.4  69.1  81.6  83.0  88.7  79.1  75.3  60.9  44.8  27.8  59.8
 1978   19.3  22.5  40.8  61.0  71.4  82.6  83.4  84.3  81.2  61.1  46.2  29.5  56.9
 1979   15.2  23.0  41.0  55.3  73.3  82.4  84.1  81.8  76.3  61.6  42.9  37.9  56.2
 1980   26.9  28.4  43.0  64.6  76.7  81.6  88.7  84.1  78.3  61.9  49.0  34.1  59.8
 1981   34.5  38.2  53.0  67.4  71.7  81.9  83.5  82.0  75.6  62.5  49.7  32.3  61.0
 1982   19.3  30.1  42.4  56.5  75.6  77.0  85.6  81.6  74.4  65.6  46.3  40.1  57.9
 1983   32.2  38.1  45.4  54.1  68.1  84.3  89.7  92.0  77.7  63.1  47.8  19.5  59.3
 1984   27.0  41.9  37.9  59.0  69.7  82.9  84.0  87.1  76.4  65.4  48.9  38.2  59.9
 1985   23.3  28.8  50.3  67.2  77.0  80.4  86.3  81.4  75.8  62.9  39.4  23.1  58.0
 1986   30.4  27.5  50.6  67.2  73.3  82.6  86.5  78.9  76.0  63.5  43.6  33.9  59.5
 1987   33.0  45.1  51.3  68.4  79.2  85.9  90.0  83.0  75.5  59.4  50.9  35.5  63.1
 1988   26.4  29.6  49.6  63.4  80.1  88.8  91.0  88.9  78.8  57.9  47.6  35.8  61.5
 1989   38.5  25.7  43.9  60.4  71.8  81.2  87.3  82.8  73.6  66.0  46.5  24.5  58.5
 1990   39.3  38.6  50.9  61.1  68.4  80.5  82.6  81.9  78.1  63.7  53.6  30.2  60.7
 1991   24.3  37.7  49.7  63.1  76.1  85.3  86.7  83.8  75.2  61.8  39.7  35.6  59.9
 1992   34.0  38.8  49.4  58.2  75.3  82.2  78.6  77.5  72.4  62.1  39.1  32.0  58.3
 1993   29.2  28.1  40.5  56.4  71.9  77.8  81.8  81.7  68.5  61.7  44.1  33.7  56.3
 1994   20.0  28.0  48.9  64.8  73.6  82.9  81.7  79.7  76.2  65.4  49.7  37.1  59.0
 1995   25.9  34.2  49.2  57.7  69.4  82.7  85.1  89.0  73.7  63.3  41.0  31.1  58.5
 1996   27.8  31.6  42.5  60.9  66.9  80.5  81.5  82.2  73.3  64.1  37.8  29.5  56.5
 1997   25.5  33.6  48.7  57.2  67.1  82.5  84.7  80.3  75.7  64.1  40.7  33.6  57.8
 1998   31.1  43.1  44.1  61.7  78.1  78.4  85.4  83.3  79.6  63.7  50.6  40.2  61.6
 1999   25.7  41.8  47.4  61.1  72.2  80.3  87.5  79.9  74.5  63.7  56.3  35.4  60.5
 2000   29.9  40.1  54.0  60.3  73.2  77.3  80.9  82.2  76.6  66.8  42.8  19.2  58.6
 MEANS  27.4  33.6  45.1  60.8  72.5  81.2  84.9  82.9  75.3  63.9  46.4  32.5  58.9
 
 THESE ARE THE MONTHLY AVG. MIN TEMPS 1951-2000 FOR STATION # 213
 YEAR    JAN   FEB  MARCH APRIL  MAY  JUNE  JULY AUGUST SEPT   OCT   NOV   DEC   ANN
  
 1951    7.1  13.0  19.5  33.9  49.5  54.9  59.1  57.9  47.1  40.9  19.4  10.6  34.4
 1952    9.6  21.8  21.8  35.3  46.0  60.2  62.0  57.6  47.7  28.0  25.4  20.1  36.3
 1953   14.3  17.4  25.5  32.0  46.2  59.2  60.8  57.5  46.8  40.4  27.9  17.3  37.1
 1954    8.3  23.8  20.6  38.4  40.9  60.0  61.7  58.1  52.4  39.7  30.1  19.9  37.8
 1955   13.1  12.9  22.6  42.9  49.4  54.3  67.3  62.0  50.2  39.5  21.9  11.6  37.3
 1956    9.7  13.8  22.7  32.7  48.0  59.7  59.1  59.6  47.0  43.5  27.2  18.9  36.8
 1957    5.0  22.0  24.6  39.3  47.5  57.8  65.2  60.2  49.9  37.4  28.9  22.2  38.3
 1958   14.9   6.6  25.7  37.0  46.1  53.9  58.9  60.4  52.5  42.3  30.3  10.1  36.6
 1959    4.2  11.5  25.0  37.0  52.8  58.1  59.1  66.2  54.2  39.5  19.3  26.1  37.7
 1960   14.4  12.7  10.8  40.4  47.6  55.9  59.2  61.7  54.2  39.0  28.7  12.5  36.4
 1961    8.1  19.7  27.4  31.0  42.7  54.8  58.6  58.0  50.4  40.0  30.0  12.5  36.1
 1962    5.1  13.1  20.8  34.7  54.5  56.5  58.6  57.3  46.3  41.9  26.0  12.0  35.6
 1963   -2.2   4.5  27.0  37.0  44.5  55.6  58.5  54.5  49.2  45.2  28.6   0.0  33.5
 1964   13.2  11.8  19.9  35.2  49.5  54.8  61.2  57.2  51.6  35.5  29.9  13.8  36.1
 1965    7.9  10.9  18.0  37.0  50.6  54.8  60.0  58.7  51.1  39.9  28.7  23.8  36.8
 1966    0.3  12.1  27.2  33.4  40.8  55.1  61.0  54.2  45.6  35.5  26.9  15.2  33.9
 1967   12.1   5.1  25.7  36.9  41.0  56.6  55.9  52.3  45.4  38.3  25.5  19.6  34.5
 1968   11.5  11.5  28.9  37.4  44.2  58.3  61.1  61.2  51.0  42.4  28.4  14.4  37.5
 1969    6.4  18.2  18.9  39.7  49.0  53.6  64.6  59.6  51.5  38.9  26.4  14.4  36.8
 1970    2.1  13.0  22.9  39.8  51.1  57.6  60.2  59.0  52.3  41.6  29.7  16.7  37.2
 1971    2.2  12.6  23.2  34.8  41.4  61.1  57.8  54.5  53.7  47.1  29.9  23.0  36.8
 1972    9.0   8.0  23.9  34.1  48.5  54.0  59.6  62.4  52.3  38.2  28.7  10.7  35.8
 1973   15.8  20.3  34.9  37.5  45.4  57.8  63.3  60.8  54.1  44.4  28.9  13.1  39.7
 1974    9.3  14.4  26.6  39.0  46.9  52.2  62.1  57.2  45.5  39.0  29.3  19.0  36.7
 1975   12.8  14.4  16.1  33.6  49.7  58.1  58.5  62.0  46.5  38.1  32.8  20.7  37.0
 1976    8.0  21.2  28.9  37.7  43.1  55.0  59.0  54.4  45.2  33.2  16.7   5.1  34.0
 1977   -5.5  13.4  32.3  41.4  53.1  56.1  63.5  57.4  53.2  37.7  25.7  10.4  36.6
 1978   -2.6   2.0  20.5  36.8  48.8  57.2  62.1  58.5  54.7  37.9  26.9  12.5  34.6
 1979   -5.3   0.4  24.8  34.8  45.3  56.2  58.4  60.5  48.7  40.5  26.8  20.1  34.3
 1980   12.9  10.8  22.7  35.9  47.8  55.8  61.7  61.4  50.6  36.6  28.7  16.9  36.8
 1981   11.0  16.0  27.0  41.8  46.0  57.8  62.6  59.3  48.9  37.9  29.1  15.1  37.7
 1982   -2.6   9.5  23.8  31.6  52.5  51.0  61.6  57.7  50.2  38.7  26.4  22.5  35.2
 1983   16.4  20.0  27.1  31.0  42.4  55.2  61.5  60.8  47.2  41.1  32.1   4.6  36.6
 1984    8.2  21.7  20.6  37.2  43.6  59.2  57.3  57.8  47.4  41.5  26.0  17.0  36.5
 1985    2.6   9.6  29.2  39.5  47.9  51.5  56.7  55.2  53.7  41.8  24.9   0.5  34.4
 1986   11.5  12.5  29.6  40.0  50.5  59.5  65.1  55.1  54.7  40.1  23.5  20.7  38.6
 1987   15.6  21.5  29.7  38.0  51.5  59.8  65.5  59.5  50.2  34.7  34.1  23.7  40.3
 1988    6.2   9.9  25.8  34.9  45.8  54.6  60.1  63.5  51.3  33.2  29.1  16.2  35.9
 1989   21.8   6.1  24.6  36.4  44.1  53.8  62.3  58.5  46.4  37.9  26.0   5.5  35.3
 1990   20.3  18.8  31.3  37.1  45.5  59.2  62.9  61.8  54.1  38.3  31.8  11.9  39.4
 1991    4.3  17.6  27.7  40.4  54.4  61.6  61.0  60.5  50.3  40.0  22.2  19.9  38.3
 1992   18.3  25.2  28.2  37.1  44.9  52.2  59.4  53.5  50.0  38.5  29.6  18.2  37.9
 1993   12.7  14.2  25.3  35.1  49.3  56.3  63.8  62.3  48.6  39.4  27.0  20.1  37.8
 1994    1.5   7.3  26.7  37.7  44.5  58.1  59.9  57.3  52.7  43.9  31.6  21.8  36.9
 1995   12.6  16.6  28.1  34.7  46.8  59.6  61.3  66.3  46.6  39.8  21.8  16.7  37.6
 1996    8.1  13.7  19.1  33.8  47.0  58.9  58.2  59.3  49.5  40.7  23.1  15.5  35.6
 1997    6.8  19.7  27.9  33.3  42.9  57.2  63.2  58.8  53.0  40.9  26.9  22.1  37.7
 1998   19.5  31.0  29.4  40.0  53.0  58.0  61.5  62.8  53.5  42.4  32.6  21.1  42.1
 1999   10.1  24.7  25.1  39.7  48.4  56.8  64.7  56.8  44.4  34.4  27.1  14.5  37.2
 2000    9.2  18.6  28.7  34.3  48.2  54.8  59.9  60.2  50.2  40.7  23.8   0.7  35.8
 MEANS   8.7  14.5  24.9  36.6  47.2  56.6  60.9  59.0  50.1  39.4  27.2  15.4  36.7
 
 THESE ARE THE MONTHLY AVG. MEAN TEMPS 1951-2000 FOR STATION # 213
 YEAR    JAN   FEB  MARCH APRIL  MAY  JUNE  JULY AUGUST SEPT   OCT   NOV   DEC   ANN
  
 1951   16.2  21.7  28.0  44.0  61.6  65.0  70.5  68.7  58.9  51.8  29.5  20.8  44.7
 1952   20.2  29.4  30.7  48.6  57.6  72.1  74.1  68.9  62.6  44.6  37.9  26.8  47.8
 1953   22.6  26.7  34.8  42.5  58.4  71.3  72.4  71.0  62.3  56.1  39.8  26.9  48.7
 1954   19.5  34.6  31.5  51.3  53.7  71.8  74.6  69.9  65.4  51.0  40.1  27.1  49.2
 1955   20.9  22.1  33.7  55.0  62.2  65.4  78.7  75.7  65.0  51.8  32.4  20.7  48.7
 1956   20.1  23.7  32.9  45.8  60.3  72.0  71.3  71.2  61.1  57.7  36.9  27.3  48.4
 1957   14.6  29.9  35.3  49.5  58.2  68.5  76.1  72.0  60.9  49.0  36.1  31.0  48.4
 1958   22.1  16.1  34.1  49.0  60.6  64.5  69.5  71.9  63.5  54.9  40.8  19.5  47.2
 1959   13.9  20.5  34.1  48.4  63.2  69.7  70.9  75.8  64.4  48.0  28.6  32.5  47.5
 1960   21.5  20.6  20.9  50.8  57.9  66.2  70.8  72.4  65.7  51.3  39.4  22.3  46.6
 1961   19.0  29.7  35.7  41.9  55.8  67.7  70.0  70.5  61.6  52.2  38.0  20.5  46.9
 1962   14.0  20.7  29.5  46.7  65.2  67.7  69.1  69.8  59.1  53.2  37.0  22.0  46.2
 1963    7.7  16.0  38.0  50.3  57.4  70.5  71.2  67.9  62.5  60.3  40.0  11.2  46.1
 1964   24.5  24.6  31.2  47.9  63.7  68.1  74.0  69.0  62.9  49.9  41.0  21.4  48.2
 1965   17.7  21.1  25.7  47.1  62.8  66.8  71.9  69.7  61.0  51.8  38.8  32.5  47.2
 1966   11.2  22.4  38.6  44.5  54.6  67.9  74.1  68.0  59.9  50.3  38.1  23.9  46.1
 1967   23.4  17.2  36.5  48.9  54.5  68.5  69.0  65.3  58.9  49.4  34.0  27.5  46.1
 1968   20.4  21.7  42.0  50.5  56.7  69.8  73.1  72.2  62.3  53.3  36.8  23.1  48.5
 1969   13.8  25.4  29.8  50.9  61.1  64.7  74.0  71.8  63.4  49.3  37.6  22.7  47.0
 1970   10.9  23.6  32.8  51.2  62.5  68.7  72.6  71.0  63.7  52.5  37.8  25.7  47.7
 1971   13.3  21.1  32.0  49.2  55.7  73.1  69.8  69.5  66.8  59.2  38.7  29.7  48.2
 1972   18.3  18.4  34.1  46.6  62.0  67.8  71.7  73.0  63.9  48.8  35.1  18.6  46.5
 1973   23.5  28.0  44.5  47.5  57.3  70.0  75.0  73.2  64.0  57.5  38.5  21.7  50.0
 1974   18.4  24.3  36.2  51.6  57.4  65.4  75.6  68.9  58.8  52.1  38.2  27.0  47.8
 1975   22.1  22.8  26.7  44.3  63.6  70.1  72.6  73.6  58.9  53.7  43.0  29.0  48.4
 1976   19.8  33.6  39.1  51.5  57.3  69.1  73.3  69.3  61.4  46.5  29.1  16.9  47.2
 1977    5.7  25.4  42.4  55.3  67.3  69.6  76.1  68.2  64.2  49.3  35.2  19.1  48.2
 1978    8.4  12.3  30.7  48.9  60.1  69.9  72.7  71.4  67.9  49.5  36.5  21.0  45.8
 1979    5.0  11.7  32.9  45.1  59.3  69.3  71.3  71.1  62.5  51.0  34.8  29.0  45.3
 1980   19.9  19.6  32.8  50.2  62.2  68.7  75.2  72.7  64.5  49.3  38.8  25.5  48.3
 1981   22.8  27.1  40.0  54.6  58.9  69.9  73.1  70.7  62.2  50.2  39.4  23.7  49.4
 1982    8.4  19.8  33.1  44.1  64.0  64.0  73.6  69.7  62.3  52.2  36.3  31.3  46.6
 1983   24.3  29.1  36.2  42.5  55.2  69.8  75.6  76.4  62.5  52.1  40.0  12.0  48.0
 1984   17.6  31.8  29.2  48.1  56.7  71.1  70.6  72.5  61.9  53.4  37.5  27.6  48.2
 1985   13.0  19.2  39.8  53.4  62.5  66.0  71.5  68.3  64.8  52.4  32.2  11.8  46.2
 1986   20.9  20.0  40.1  53.6  61.9  71.0  75.8  67.0  65.3  51.8  33.5  27.3  49.0
 1987   24.3  33.3  40.5  53.2  65.4  72.8  77.8  71.3  62.8  47.0  42.5  29.6  51.7
 1988   16.3  19.7  37.7  49.2  63.0  71.7  75.5  76.2  65.1  45.5  38.3  26.0  48.7
 1989   30.2  15.9  34.3  48.4  58.0  67.5  74.8  70.6  60.0  52.0  36.2  15.0  46.9
 1990   29.8  28.7  41.1  49.1  56.9  69.8  72.7  71.8  66.1  51.0  42.7  21.0  50.1
 1991   14.3  27.6  38.7  51.7  65.2  73.4  73.8  72.1  62.8  50.9  31.0  27.8  49.1
 1992   26.1  32.0  38.8  47.7  60.1  67.2  69.0  65.5  61.2  50.3  34.4  25.1  48.1
 1993   20.9  21.2  32.9  45.8  60.6  67.1  72.8  72.0  58.5  50.5  35.5  26.9  47.1
 1994   10.8  17.6  37.8  51.2  59.1  70.5  70.8  68.5  64.5  54.6  40.6  29.5  48.0
 1995   19.3  25.4  38.7  46.2  58.1  71.2  73.2  77.7  60.2  51.5  31.4  23.9  48.1
 1996   18.0  22.6  30.8  47.4  56.9  69.7  69.9  70.7  61.4  52.4  30.4  22.5  46.1
 1997   16.2  26.7  38.3  45.2  55.0  69.9  74.0  69.5  64.4  52.5  33.8  27.9  47.8
 1998   25.3  37.1  36.8  50.8  65.5  68.2  73.4  73.0  66.6  53.0  41.6  30.7  51.8
 1999   17.9  33.2  36.2  50.4  60.3  68.6  76.1  68.3  59.5  49.1  41.7  24.9  48.9
 2000   19.5  29.4  41.4  47.3  60.7  66.1  70.4  71.2  63.4  53.7  33.3  10.0  47.2
 MEANS  18.1  24.0  35.0  48.7  59.9  68.9  72.9  70.9  62.7  51.6  36.8  23.9  47.8
 
 THESE ARE THE MONTHLY PRECIP TOTALS AND NUMBER OF      MISSING DAYS 1951-2000 FOR STATION # 213
 YEAR    JAN   FEB  MARCH APRIL  MAY  JUNE  JULY AUGUST SEPT   OCT   NOV   DEC   ANN
  
 1951   1.18  2.45  4.41  5.60  4.77  4.72  5.25  3.14  1.94  6.99  2.21  1.32 43.98
           0     0     0     0     0     0     0     0     0     0     0     0     0
 1952   1.64  0.26  3.88  1.88  2.53  3.46  2.49  5.06  1.36  0.01  4.85  2.32 29.74
           0     0     0     0     0     0     0     0     0     0     0     0     0
 1953   0.43  2.94  2.93  2.69  3.96  5.44  3.59  1.22  1.15  0.16  0.73  1.63 26.87
           0     0     0     0     0     0     0     0     0     0     0     0     0
 1954   0.32  1.03  1.50  5.28  3.77  5.18  1.74  7.49  2.40  4.25  0.22  1.54 34.72
           0     0     0     0     0     0     0     0     0     0     0     0     0
 1955   0.63  1.16  1.25  5.28  3.73  4.33  2.15  1.19  5.57  1.46  0.23  0.66 27.64
           0     0     0     0     0     0     0     0     0     0     0     0     0
 1956   0.57  0.69  0.60  5.33  6.24  2.09  2.64  2.53  1.36  1.23  1.58  0.84 25.70
           0     0     0     0     0     0     0     0     0     0     0     0     0
 1957   0.49  0.49  1.20  2.48  5.76  4.48  2.12  6.95  1.19  2.36  2.52  1.39 31.43
           0     0     0     0     0     0     0     0     0     0     0     0     0
 1958   0.78  0.11  0.34  1.65  0.92  4.96  4.79  4.56  2.27  3.29  1.96  0.37 26.00
           0     0     0     0     0     0     0     0     0     0     0     0     0
 1959   1.23  1.68  3.10  4.33  5.21  6.04  3.96  4.23  3.21  5.28  1.90  2.46 42.63
           0     0     0     0     0     0     0     0     0     0     0     0     0
 1960   4.64  1.16  1.40  3.63  5.10  5.70  4.86  3.51  3.12  4.23  1.99  0.57 39.91
           0     0     0     0     0     0     0     0     0     0     0     0     0
 1961   0.34  1.50  4.98  1.41  1.76  4.54  8.82  2.52  9.44  3.52  6.37  1.97 47.17
           0     0     0     0     0     0     0     0     0     0     0     0     0
 1962   0.88  1.81  2.63  1.27  8.60  4.49  8.78  2.26  1.96  3.30  0.54  0.69 37.21
           0     0     0     0     0     0     0     0     0     0     0     0     0
 1963   0.55  0.39  2.97  3.72  1.42  2.06  8.63  1.87  2.07  0.31  2.74  0.58 27.31
           0     0     0     0     0     0     0     0     0     0     0     0     0
 1964   0.27  0.23  1.33  4.09  3.52  6.52  4.61  4.15  2.36  0.05  1.38  0.80 29.31
           0     0     0     0     0     0     0     0     0     0     0     0     0
 1965   2.41  0.73  1.96  4.36  4.13  3.32  3.04  7.12  9.89  1.68  1.82  2.94 43.40
           0     0     0     0     0     0     0     0     0     0     0     0     0
 1966   1.36  0.87  3.29  2.67  4.68  6.55  2.14  1.86  1.12  1.29  1.28  2.04 29.15
           0     0     0     0     0     0     0     0     0     0     0     0     0
 1967   0.94  0.89  2.21  4.46  2.47  6.95  2.45  5.09  9.74  5.34  1.90  1.00 43.44
           0     0     0     0     0     0     0     0     0     0     0     0     0
 1968   0.31  0.29  1.02  4.22  3.28  4.39  2.75  6.38  7.12  1.19  0.59  2.57 34.11
           0     0     0     0     0     0     0     0     0     0     0     0     0
 1969   2.61  0.34  0.91  3.94  3.07 13.55  8.62  2.70  2.56  3.70  0.70  0.62 43.32
           0     0     0     0     0     0     0     0     0     0     0    16    16
 1970   0.20  0.34  2.75  2.25  5.45  4.73  3.64  0.75  6.61  1.65  1.34  1.16 30.87
           0     0     0     0     0     0     0     0     0     0     0     0     0
 1971   0.91  2.91  0.69  1.36  2.61  6.50  5.83  0.98  3.53  1.91  3.88  3.38 34.49
           0     0     0     0     0     0     0     0     0     0     0     0     0
 1972   0.45  0.88  1.60  6.66  3.56  3.68  7.28  5.56  0.00  3.09  1.55  0.00 34.31
           0     0     0     0     0     0     0     0    30     0     0    31    61
 1973   1.70  0.98  3.96  5.87  7.90  0.00  3.34  1.39  6.02  1.75  2.22  2.47 37.60
           0     1     0     0     0    30     0     0     0     0     0     0    31
 1974   2.71  3.83  2.63  5.16  9.22  7.61  4.57  5.52  1.02  2.03  0.43  1.71 46.44
           0     0     0     0     0     0     0     0     0     0     6     0     6
 1975   0.72  1.83  3.83  2.07  2.85  3.91  1.79  3.78  1.01  0.27  3.48  0.00 25.54
           0     0     0     0     0     0     0     0     0     0     3    31    34
 1976   0.40  0.00  3.61  4.49  2.97  2.26  1.40  0.85  0.38  1.61  0.10  0.36 18.43
           0    29     0     0     0     0     0     0     0     0     0     0    29
 1977   1.30  0.62  4.71  2.75  2.63  3.11  3.70  8.61  5.57  3.83  1.47  1.09 39.39
           0     0     0     0     0     0     0     0     0     0     0     0     0
 1978   0.87  0.00  0.82  3.57  3.70  2.87  3.65  1.75  4.15  2.30  3.07  1.56 28.31
           0    28     0     0     0     0     0     0     0     0     0     0    28
 1979   1.70  0.75  3.03  2.64  2.71  2.60  4.19  5.29  0.85  2.19  1.20  0.60 27.75
           0     0     0     0     0     0     0     0     0     0     0     0     0
 1980   1.78  0.00  0.00  0.00  0.00  0.00  0.00  6.16  5.88  1.30  0.79  1.29 17.20
           0    29    31    30    31    30    31     0     0     0     0     0   182
 1981   0.04  2.28  0.31  6.14  0.80  6.14  3.15  7.28  0.00  3.14  2.18  1.06 32.52
           0     0     0     0     0     0     0     0    30     0     0     0    30
 1982   1.91  0.18  3.03  2.56  4.29  4.77  5.55  6.93  2.06  2.20  4.44  3.30 41.22
           0     1     0     0     0     0     0     0     0     0     0     0     1
 1983   0.44  2.22  1.79  2.84  4.51  2.16  2.47  1.62  3.73  2.16  5.05  1.36 30.35
           2     0     0     0     0     0     0     0     0     0     0     0     2
 1984   0.57  1.08  1.43  3.68  4.13  6.29  4.86  0.75  2.75  6.73  2.88  1.96 37.11
           0     0     0     0     0     0     0     0     0     0     0     0     0
 1985   0.61  1.88  3.41  1.35  2.83  1.85  2.31  3.82  4.55  5.02  3.81  1.86 33.30
           3     0     3     0     0     0     0     0     0     0     0     0     6
 1986   0.58  1.36  2.70  2.31  8.18  3.99  5.46  5.84  9.03  3.16  1.13  0.89 44.63
           0     0     0     0     0     0     0     0     0     0     0     0     0
 1987   0.40  0.03  3.61  2.63  3.26  2.52  2.69 12.64  2.93  0.65  3.63  2.47 37.46
           0     0     0     0     0     0     0     0     0     0     0     0     0
 1988   1.15  0.28  1.07  1.32  0.67  0.65  1.00  4.06  2.20  1.81  2.23  1.20 17.64
           0     0     0     0     0     0     0     0     0     0     0     0     0
 1989   1.07  0.35  1.32  3.12  1.35  1.87  3.79  2.30  4.08  1.87  0.31  0.30 21.73
           0     0     0     0     0     0     0     0     0     0     0     0     0
 1990   1.27  0.68  3.82  2.37  5.34  9.81  4.62  6.58  0.79  1.93  2.03  2.23 41.47
           0     0     0     0     0     0     0     0     0     0     0     1     1
 1991   0.91  0.18  6.33  4.25  4.06  2.61  0.57  5.84  2.29  3.37  5.50  1.58 37.49
           0     0     0     0     0     0     0     0     0     0     0     0     0
 1992   1.53  1.50  1.01  3.94  0.41  1.26  8.40  3.28  5.56  0.84  7.37  2.57 37.67
           0     0     0     0     0     0     0     0     0     0     0     0     0
 1993   1.60  1.14  3.42  4.02  7.25  9.55 14.61  7.67  4.51  1.48  1.06  0.85 57.16
           0     0     0     0     0     0     0     0     0     0     0     0     0
 1994   1.11  2.14  0.55  2.17  3.04  4.98  4.60  3.60  3.31  0.88  3.50  1.24 31.12
           0     0     0     0     0     0     0     0     0     0     0     0     0
 1995   0.98  0.00  1.83  7.30  6.73  4.00  3.20  0.73  2.12  2.53  3.57  0.30 33.29
           0     0     0     0     0     0     0     0     0     0     0     0     0
 1996   2.61  0.15  0.49  2.61  9.05  4.07  3.32  2.59  2.73  4.10  2.09  1.60 35.41
           0     0     0     0     0     0     0     0     0     0     0     0     0
 1997   1.25  2.88  1.10  1.49  5.03  5.56  1.54  6.29  3.12  2.90  1.13  1.53 33.82
           0     0     0     0     0     0     0     0     0     0     0     0     0
 1998   1.00  2.56  5.09  5.25  3.63  6.86  1.00  7.93  4.04  7.56  1.22  0.50 46.64
           0     0     0     0     0     0     0     0     0     0     0     0     0
 1999   2.31  1.08  1.02  6.99  3.00  4.57 10.07  3.27  1.57  1.83  1.32  0.93 37.96
           0     0     0     0     0     0     0     0     0     0     0     0     0
 2000   1.08  1.16  1.12  3.62  3.06  7.33  4.97  2.64  3.82  1.77  1.55  2.29 34.41
           0     0     0     0     0     0     0     0     0     0     0     0     0
 
 MEANS  1.13  1.09  2.28  3.50  3.98  4.54  4.22  4.20  3.40  2.55  2.22  1.40 34.52
 PRECIPITATION MEANS AND TOTALS ARE BASED ON DATA      AVAILABLE
 NO ATTEMPT WAS MADE TO ESTIMATE MISSING         PRECIPITATION DATA
 *****************************************************************************************
 *****************************************************************************************
 
 THESE ARE THE MONTHLY HEATING DEGREE DAYS 1951-2000 FOR STATION # 213
 YEAR    JAN    FEB   MARCH  APRIL   MAY    JUNE   JULY  AUGUST  SEPT   OCT   NOV   DEC
 
 1951  1513.5 1212.0 1147.0  634.5  152.0   66.5   12.0   29.5  198.5  438.5 1066.5 1371.0
 1952  1388.0 1031.0 1064.5  498.5  251.0   20.5    2.5   26.0  140.0  635.0  812.0 1183.5
 1953  1315.0 1071.5  935.0  675.0  250.0   15.5   11.0   14.0  150.0  311.0  755.0 1181.0
 1954  1410.0  852.0 1038.0  417.5  361.5   49.5    0.0   11.0   87.5  449.5  747.5 1174.0
 1955  1367.5 1200.5  969.0  300.5  138.5   66.5    0.0    3.5  104.0  410.5  977.5 1372.0
 1956  1393.0 1198.0  994.5  576.0  196.0   31.5    4.0   26.0  149.0  232.0  843.5 1168.0
 1957  1561.5  982.0  922.0  476.0  224.5   37.0    0.0    7.0  155.0  497.5  867.0 1055.5
 1958  1330.5 1368.5  958.0  482.5  166.5   70.0    7.0   18.5  107.5  322.5  725.5 1411.5
 1959  1585.5 1246.0  959.0  497.5  145.5   23.0    8.5    0.5  133.5  526.5 1091.5 1008.0
 1960  1348.5 1286.5 1368.5  449.0  229.5   45.0   11.0    5.0  101.5  430.5  768.0 1323.5
 1961  1425.5  989.0  909.5  693.5  312.0   55.0    2.0   10.0  187.0  396.5  809.0 1378.0
 1962  1582.5 1241.0 1100.0  560.0  104.0   46.5   21.5   10.5  207.0  392.0  840.5 1333.0
 1963  1777.0 1372.5  835.5  441.0  259.5   30.5    6.0   35.5  131.0  164.5  750.5 1668.5
 1964  1255.5 1171.5 1047.0  513.0  110.0   49.5    7.5   40.5  142.0  468.0  719.0 1351.5
 1965  1467.0 1230.0 1218.0  537.5  130.5   28.5    0.5   30.0  158.5  416.5  787.0 1007.0
 1966  1668.0 1191.5  819.0  613.5  337.0   47.0    1.0   30.0  185.5  459.0  807.0 1274.5
 1967  1289.5 1337.0  885.5  484.5  359.5   29.5   44.5   58.0  198.5  496.0  931.5 1164.0
 1968  1383.5 1255.5  714.5  436.0  271.5   36.5    6.5   21.0  125.5  399.5  845.0 1299.5
 1969  1586.5 1109.5 1092.0  422.5  186.5   95.0    0.0    0.0  110.0  511.0  821.0 1312.0
 1970  1677.5 1159.0  999.0  441.5  166.0   36.5   13.0    4.0  118.5  398.0  817.5 1219.0
 1971  1604.0 1229.5 1023.0  474.0  300.0    2.0   20.0   10.0  101.5  212.5  789.5 1093.0
 1972  1448.0 1352.0  956.5  553.0  173.0   48.5   21.0   14.5  122.0  503.5  897.0 1438.0
 1973  1286.0 1037.0  634.0  529.5  243.0   11.0    0.0    4.0  109.5  256.5  795.5 1343.5
 1974  1445.0 1139.0  893.5  412.0  268.0   68.0    0.5   27.5  210.5  398.5  803.5 1178.0
 1975  1329.5 1183.0 1186.0  621.0  124.0   36.5   18.5    3.5  224.0  376.5  660.5 1114.5
 1976  1400.0  911.0  801.5  422.0  253.0   19.5    6.5   30.5  155.5  584.0 1076.0 1492.5
 1977  1837.5 1110.0  702.0  311.0   69.5   29.5    3.5   37.0   72.5  486.0  893.5 1422.5
 1978  1756.0 1476.5 1063.5  482.5  229.5   32.0    4.0   14.0   71.5  480.0  853.5 1363.5
 1979  1861.0 1492.0  994.0  598.0  236.5   19.0   13.0   27.5  138.5  449.5  905.0 1117.0
 1980  1397.5 1317.0  997.0  463.5  153.0   32.0    0.5    1.0   99.5  488.5  785.5 1224.5
 1981  1309.5 1061.0  775.5  327.0  216.5   10.0   12.5   14.0  126.0  459.5  769.0 1280.5
 1982  1755.5 1265.5  989.0  627.5   93.5   88.0    0.5   35.0  156.0  408.5  859.5 1045.5
 1983  1262.0 1005.5  892.0  673.5  303.0   46.0    6.0    1.0  161.0  413.5  751.5 1642.0
 1984  1469.0  963.5 1108.5  513.5  275.5    5.5   13.5   14.5  193.0  362.5  826.0 1159.0
 1985  1612.5 1283.5  782.0  386.0  122.0   76.0    2.0   18.0  176.0  392.0  985.5 1648.5
 1986  1366.5 1260.0  774.5  364.5  124.0    8.0    1.0   38.5   79.0  410.5  944.0 1167.5
 1987  1261.0  887.0  760.5  375.5  107.5   10.5    3.5   42.0  115.0  557.0  676.0 1096.5
 1988  1509.5 1312.5  845.5  475.0  107.0   24.5    4.0   19.0   77.5  605.0  799.5 1209.5
 1989  1080.0 1375.0  953.0  504.5  265.0   44.0    0.0   13.5  188.5  409.5  863.5 1550.5
 1990  1092.5 1016.0  743.0  505.5  254.0   35.0    6.5    4.5  106.0  444.5  670.5 1363.0
 1991  1572.5 1046.5  816.0  413.5  138.5    3.0    2.0    3.0  183.0  444.5 1021.5 1154.5
 1992  1204.5  957.0  811.5  520.5  206.5   37.5    7.5   69.0  176.0  459.5  919.0 1237.5
 1993  1366.5 1227.0  995.0  576.5  172.5   72.0    0.0   12.0  216.5  459.0  884.0 1181.0
 1994  1681.5 1326.0  842.0  435.5  213.0   26.5    5.5   31.0   91.0  336.5  731.0 1101.5
 1995  1417.5 1107.5  816.0  564.0  215.0   11.0   11.5    0.0  185.5  422.0 1008.5 1273.5
 1996  1458.5 1229.5 1059.5  529.0  293.5   33.5    6.0    0.5  156.5  389.5 1037.0 1318.0
 1997  1514.0 1073.5  827.5  592.5  313.0   15.0   10.5   10.5   84.0  438.5  937.0 1151.0
 1998  1230.5  782.5  881.0  425.5   75.0   71.5    0.0    0.0   57.0  374.5  702.0 1064.5
 1999  1460.0  889.0  891.5  437.0  182.5   48.5    0.5   14.0  212.5  497.0  698.0 1242.5
 2000  1409.0 1033.0  732.5  532.0  178.0   66.0    9.0    4.5  164.0  361.0  951.0 1706.5
 *****************************************************************************************
 MEANS 1484.0 1180.4  949.2  505.5  208.6   38.7    7.0   18.1  144.4  432.8  862.9 1298.8
 
 THESE ARE THE MONTHLY COOLING DEGREE DAYS 1951-2000 FOR STATION # 213
 YEAR    JAN   FEB  MARCH APRIL  MAY  JUNE  JULY AUGUST SEPT   OCT   NOV   DEC   ANN
 
 1951    0.0   0.0   0.0   6.0  46.5  67.0 181.5 145.5  15.0  28.0   0.0   0.0
 1952    0.0   0.0   0.0   6.5  23.0 234.5 286.0 145.5  68.5   1.5   0.0   0.0
 1953    0.0   0.0   0.0   0.0  45.0 205.0 239.0 199.5  70.0  36.0   0.0   0.0
 1954    0.0   0.0   0.0   6.5  10.5 253.5 297.0 162.5  98.5  15.0   0.0   0.0
 1955    0.0   0.0   0.0   2.0  50.5  78.5 425.5 336.0 104.0   2.5   0.0   0.0
 1956    0.0   0.0   0.0   0.0  51.5 240.5 199.5 219.5  32.0   5.0   0.0   0.0
 1957    0.0   0.0   0.0  11.5  12.5 142.0 344.0 225.5  31.5   0.0   0.0   0.0
 1958    0.0   0.0   0.0   2.5  29.5  55.0 145.0 232.5  62.0   8.0   0.0   0.0
 1959    0.0   0.0   0.0   0.0  90.5 165.0 191.5 336.0 114.5   0.0   0.0   0.0
 1960    0.0   0.0   0.0  23.5   8.0  81.5 192.0 233.0 123.0   5.0   0.0   0.0
 1961    0.0   0.0   0.0   0.0  26.0 134.5 158.0 180.5  85.5   0.0   0.0   0.0
 1962    0.0   0.0   0.0  11.5 110.5 128.0 148.0 158.5  30.5  25.0   0.0   0.0
 1963    0.0   0.0   0.0   0.5  24.0 194.5 197.5 126.5  54.5  19.5   0.0   0.0
 1964    0.0   0.0   0.0   1.0  70.0 143.0 286.0 166.0  80.0   0.0   0.0   0.0
 1965    0.0   0.0   0.0   0.0  61.0  83.0 214.5 175.0  39.5   7.0   0.0   0.0
 1966    0.0   0.0   0.0   0.0  15.5 134.5 282.5 124.0  31.5   2.5   0.0   0.0
 1967    0.0   0.0   2.0   1.0  33.5 134.0 170.0  66.0  15.5  12.0   0.0   0.0
 1968    0.0   0.0   0.0   0.0  13.0 181.0 258.0 243.5  44.0  37.0   0.0   0.0
 1969    0.0   0.0   0.0   0.0  66.5  85.0 277.5 212.0  62.0  24.5   0.0   0.0
 1970    0.0   0.0   0.0  27.0  87.0 147.5 249.0 191.0  79.5  11.0   0.0   0.0
 1971    0.0   0.0   0.0   1.0  12.5 245.5 168.5 148.0 155.5  31.5   0.0   0.0
 1972    0.0   0.0   0.0   1.5  81.0 132.5 228.5 264.0  89.0   0.0   0.0   0.0
 1973    0.0   0.0   0.0   3.5   4.0 160.5 308.5 259.0  78.0  22.5   0.0   0.0
 1974    0.0   0.0   0.0  10.0  31.0  81.0 330.5 147.5  24.5   0.0   0.0   0.0
 1975    0.0   0.0   0.0   0.0  81.0 190.5 255.0 269.5  40.0  25.5   0.0   0.0
 1976    0.0   0.0   0.0  18.0  14.0 141.5 263.5 164.0  46.5  10.0   0.0   0.0
 1977    0.0   0.0   0.0  19.5 142.0 167.0 347.0 137.0  50.0   0.0   0.0   0.0
 1978    0.0   0.0   0.0   0.0  78.0 179.0 244.0 211.0 160.0   0.0   0.0   0.0
 1979    0.0   0.0   0.0   0.0  60.5 149.0 207.5 218.0  64.0  16.5   0.0   0.0
 1980    0.0   0.0   0.0  21.0  67.5 142.0 317.5 240.5  83.5   0.5   0.0   0.0
 1981    0.0   0.0   0.0  15.0  27.0 156.0 263.0 189.5  43.0   0.0   0.0   0.0
 1982    0.0   0.0   0.0   0.0  64.0  57.0 267.0 180.0  74.0  11.5   0.0   0.0
 1983    0.0   0.0   0.0   0.0   0.5 188.5 335.0 355.5  84.5  13.5   0.0   0.0
 1984    0.0   0.0   0.0   7.5  18.0 187.5 188.5 245.5 100.0   3.0   0.0   0.0
 1985    0.0   0.0   0.0  37.0  43.5 105.5 204.5 120.0 169.0   0.0   0.0   0.0
 1986    0.0   0.0   3.5  23.0  28.5 189.0 336.0 100.0  89.0   0.0   0.0   0.0
 1987    0.0   0.0   0.0  22.0 119.0 245.5 399.5 236.0  49.5   0.0   1.0   0.0
 1988    0.0   0.0   0.0   0.0  44.5 226.5 330.5 366.5  79.5   2.0   0.0   0.0
 1989    0.0   0.0   0.0   6.0  47.5 119.0 303.0 188.5  37.5   5.0   0.0   0.0
 1990    0.0   0.0   2.0  29.0   4.0 179.5 246.5 216.5 139.0  10.5   1.5   0.0
 1991    0.0   0.0   1.5  15.5 145.5 255.5 276.0 224.0 116.0   8.5   0.0   0.0
 1992    0.0   0.0   0.0   0.0  55.0 102.5 132.0  86.0  62.5   4.0   0.0   0.0
 1993    0.0   0.0   0.0   0.0  35.0 134.0 241.5 229.5  22.5  11.0   0.0   0.0
 1994    0.0   0.0   0.0  23.0  30.0 192.0 186.5 139.5  75.5  15.0   0.0   0.0
 1995    0.0   0.0   0.0   0.0   0.5 195.5 266.0 392.5  41.0   4.5   0.0   0.0
 1996    0.0   0.0   0.0   0.0  43.0 174.5 156.5 178.5  48.0   0.0   0.0   0.0
 1997    0.0   0.0   0.0   0.0   2.5 161.0 289.0 150.5  65.0  50.5   0.0   0.0
 1998    0.0   0.0   5.5   0.0  91.5 168.0 261.5 249.0 103.5   3.5   0.0   0.0
 1999    0.0   0.0   0.0   0.0  35.5 156.0 345.5 117.5  47.0   3.0   0.0   0.0
 2000    0.0   0.0   0.0   0.0  45.5  97.5 177.0 196.0 115.5  12.0   0.0   0.0
 *****************************************************************************************
 MEANS   0.0   0.0   0.3   7.2  47.6 159.0 258.1 206.4  73.6  10.3   0.1   0.0
 
 THESE ARE THE HEAT STRESS VARIABLES 1951-2000 FOR STATION # 213
             # OF DAYS MAXT >86                           HEAT INDEX
 YEAR   MAY  JUNE  JULY   AUG  SEPT  TOTAL     MAY    JUNE   JULY   AUG    SEPT  TOTAL
 1951   0.0   0.0   4.0   1.0   0.0    5.0      0.0    0.0    9.0    7.0    0.0   16.0
 1952   2.0  12.0  17.0   3.0   6.0   40.0      3.0   50.0   68.0    8.0   20.0  149.0
 1953   3.0   9.0  11.0  10.0   5.0   38.0      9.0   41.0   30.0   71.0   42.0  193.0
 1954   0.0  14.0  18.0   5.0   8.0   45.0      0.0   63.0   84.0   11.0   33.0  191.0
 1955   1.0   2.0  25.0  22.0   9.0   59.0      2.0    4.0  150.0  153.0   49.0  358.0
 1956   1.0  13.0  10.0   6.0   1.0   31.0      4.0   52.0   46.0   28.0    1.0  131.0
 1957   0.0   3.0  15.0  11.0   1.0   30.0      0.0    7.0   81.0   41.0    1.0  130.0
 1958   0.0   3.0   0.0  13.0   0.0   16.0      0.0    3.0    0.0   45.0    0.0   48.0
 1959   1.0   4.0   7.0  16.0   3.0   31.0      1.0    9.0   13.0   51.0   15.0   89.0
 1960   0.0   1.0   5.0   8.0   8.0   22.0      0.0    2.0   15.0   28.0   49.0   94.0
 1961   1.0   6.0   2.0   5.0   4.0   18.0      2.0   23.0    6.0   11.0   13.0   55.0
 1962   3.0   4.0   3.0   6.0   2.0   18.0      6.0    7.0    5.0   17.0    5.0   40.0
 1963   1.0  13.0   8.0   4.0   0.0   26.0      2.0   79.0   32.0   15.0    0.0  128.0
 1964   4.0   7.0  20.0   6.0   4.0   41.0      9.0   32.0   89.0   27.0   13.0  170.0
 1965   0.0   2.0   7.0   8.0   1.0   18.0      0.0   10.0   39.0   33.0    1.0   83.0
 1966   0.0   7.0  16.0   7.0   2.0   32.0      0.0   21.0   88.0   19.0    3.0  131.0
 1967   4.0   3.0   7.0   0.0   0.0   14.0     14.0    5.0   18.0    0.0    0.0   37.0
 1968   1.0   9.0  10.0  10.0   0.0   30.0      1.0   33.0   43.0   51.0    0.0  128.0
 1969   1.0   2.0   6.0   9.0   1.0   19.0      1.0    3.0   22.0   18.0    1.0   45.0
 1970   1.0   2.0  16.0   9.0   2.0   30.0      1.0   13.0   50.0   20.0    4.0   88.0
 1971   1.0  14.0   5.0   8.0   9.0   37.0      3.0   46.0    8.0   35.0   38.0  130.0
 1972   6.0  10.0   9.0  12.0   4.0   41.0     19.0   31.0   42.0   69.0   15.0  176.0
 1973   0.0  10.0  17.0  17.0   2.0   46.0      0.0   25.0   71.0   58.0    5.0  159.0
 1974   0.0   2.0  21.0   5.0   0.0   28.0      0.0    8.0  130.0    6.0    0.0  144.0
 1975   5.0  10.0  19.0  13.0   1.0   48.0     21.0   43.0   79.0   63.0    1.0  207.0
 1976   0.0   6.0  18.0  11.0   3.0   38.0      0.0   19.0   84.0   39.0    7.0  149.0
 1977  11.0  11.0  19.0   4.0   0.0   45.0     28.0   44.0  117.0   13.0    0.0  202.0
 1978   3.0   8.0  11.0  10.0   9.0   41.0     15.0   21.0   26.0   27.0   42.0  131.0
 1979   1.0   5.0   6.0  10.0   0.0   22.0      1.0   13.0   12.0   37.0    0.0   63.0
 1980   7.0   8.0  24.0   9.0   3.0   51.0     13.0   37.0  122.0   31.0   14.0  217.0
 1981   0.0   5.0  11.0   4.0   2.0   22.0      0.0   12.0   36.0    9.0    6.0   63.0
 1982   0.0   0.0  15.0   6.0   1.0   22.0      0.0    0.0   43.0   27.0    1.0   71.0
 1983   0.0  13.0  25.0  24.0   7.0   69.0      0.0   58.0  144.0  198.0   35.0  435.0
 1984   1.0   4.0  10.0  17.0   8.0   40.0      1.0    8.0   44.0   88.0   32.0  173.0
 1985   1.0   6.0  15.0   8.0   8.0   38.0      7.0   34.0   58.0   34.0   45.0  178.0
 1986   0.0   6.0  21.0   2.0   2.0   31.0      0.0   32.0   73.0    3.0    4.0  112.0
 1987   4.0  12.0  23.0  10.0   1.0   50.0     13.0   71.0  155.0   73.0    2.0  314.0
 1988   7.0  21.0  24.0  17.0   3.0   72.0     16.0  125.0  175.0  163.0   10.0  489.0
 1989   2.0   7.0  15.0   5.0   0.0   29.0      3.0   16.0  103.0   22.0    0.0  144.0
 1990   0.0   3.0   6.0   5.0   6.0   20.0      0.0   11.0   39.0   19.0   26.0   95.0
 1991   6.0  13.0  14.0   8.0   3.0   44.0     15.0   42.0   86.0   43.0    9.0  195.0
 1992   1.0   7.0   2.0   3.0   0.0   13.0      1.0   23.0    7.0    9.0    0.0   40.0
 1993   0.0   4.0   4.0   5.0   1.0   14.0      0.0    7.0    9.0   13.0    1.0   30.0
 1994   2.0  10.0   6.0   3.0   3.0   24.0      3.0   41.0   14.0    9.0    8.0   75.0
 1995   0.0  11.0  13.0  24.0   1.0   49.0      0.0   47.0   72.0  114.0    1.0  234.0
 1996   3.0  10.0   5.0   4.0   1.0   23.0      8.0   42.0   14.0   17.0    1.0   82.0
 1997   0.0   7.0  14.0   3.0   0.0   24.0      0.0   20.0   60.0   12.0    0.0   92.0
 1998   7.0   6.0  12.0   6.0   4.0   35.0     20.0   37.0   40.0   15.0   15.0  127.0
 1999   0.0   8.0  19.0   2.0   3.0   32.0      0.0   24.0  102.0    6.0   16.0  148.0
 2000   0.0   4.0   4.0   4.0   6.0   18.0      0.0   10.0    8.0    7.0   44.0   69.0
 *****************************************************************************************
 MEANS  1.9   7.3  12.5   8.5   3.0   33.3      5.0   28.7   58.4   39.0   12.8  143.9
