 
 THIS IS FOR STATION NUMBER  385 1951-> 2000
                                 # OF PRECIPITATION EVENTS - % IN PARENS
 CL                   MAX   MEAN  0.01-  0.26-  0.51-  1.01-          # OF DAYS
 WK    TIME PERIOD    VAL   RAIN    0.25   0.51   1.00   2.00  >2.01 MISSING TOTAL
  1 3/1-->3/7        2.10   0.48  61(66) 17(18) 10(10)  3( 3)  1( 1)    7       92
  2 3/8-->3/14       1.56   0.47  54(62) 18(20) 11(12)  3( 3)  0( 0)    4       86
  3 3/15-->3/21      1.87   0.41  66(74) 13(14)  5( 5)  5( 5)  0( 0)    0       89
  4 3/22-->3/28      1.52   0.59  47(57) 12(14) 13(15) 10(12)  0( 0)    0       82
  5 3/29-->4/4       3.39   0.69  62(57) 28(26) 10( 9)  5( 4)  2( 1)    4      107
  6 4/5-->4/11       2.05   0.52  60(68)  9(10) 13(14)  5( 5)  1( 1)    7       88
  7 4/12-->4/18      1.76   0.72  69(62) 19(17) 14(12)  9( 8)  0( 0)    7      111
  8 4/19-->4/25      2.70   0.83  54(50) 24(22) 20(18)  9( 8)  1( 0)    7      108
  9 4/26-->5/2       2.60   1.05  66(51) 22(17) 28(22)  9( 7)  2( 1)    7      127
 10 5/3-->5/9        2.51   0.96  66(52) 27(21) 20(16)  9( 7)  3( 2)    8      125
 11 5/10-->5/16      2.48   0.76  53(50) 27(25) 18(17)  5( 4)  2( 1)    7      105
 12 5/17-->5/23      2.15   0.83  60(52) 21(18) 24(20)  9( 7)  1( 0)    7      115
 13 5/24-->5/30      2.60   1.20  68(53) 19(14) 16(12) 20(15)  4( 3)    7      127
 14 5/31-->6/6       3.09   0.87  58(50) 27(23) 18(15)  8( 7)  3( 2)    1      114
 15 6/7-->6/13       2.55   1.13  52(44) 18(15) 32(27) 13(11)  2( 1)    3      117
 16 6/14-->6/20      3.87   1.19  60(52) 12(10) 22(19) 18(15)  3( 2)    7      115
 17 6/21-->6/27      2.37   1.09  53(49) 16(14) 18(16) 19(17)  1( 0)    5      107
 18 6/28-->7/4      12.53   1.22  52(50) 17(16) 13(12) 17(16)  3( 2)    0      102
 19 7/5-->7/11       2.85   1.18  42(40) 25(24) 17(16) 16(15)  4( 3)    0      104
 20 7/12-->7/18      3.27   0.93  45(45) 24(24) 17(17) 10(10)  3( 3)    0       99
 21 7/19-->7/25      2.50   0.70  54(57) 17(18) 14(14)  7( 7)  2( 2)    0       94
 22 7/26-->8/1       2.40   0.78  52(53) 21(21) 13(13)  9( 9)  3( 3)    0       98
 23 8/2-->8/8        2.69   1.02  55(50) 15(13) 20(18) 16(14)  2( 1)    0      108
 24 8/9-->8/15       3.50   0.80  54(54) 14(14) 22(22)  6( 6)  3( 3)    0       99
 25 8/16-->8/22      2.55   0.90  48(47) 22(21) 19(18) 10( 9)  2( 1)    0      101
 26 8/23-->8/29      4.10   0.94  51(50) 22(21) 18(17)  6( 5)  4( 3)    0      101
 27 8/30-->9/5       2.95   0.97  44(45) 24(25) 11(11) 12(12)  5( 5)    0       96
 28 9/6-->9/12       5.57   0.97  46(53) 10(11) 17(19)  9(10)  4( 4)    0       86
 29 9/13-->9/19      4.63   0.79  43(45) 25(26) 15(15) 10(10)  1( 1)    1       94
 30 9/20-->9/26      2.37   0.65  45(51) 19(21) 16(18)  6( 6)  1( 1)    0       87
 31 9/27-->10/3      4.05   0.57  43(55) 16(20) 13(16)  4( 5)  1( 1)    2       77
 32 10/4-->10/10     1.76   0.61  48(55) 18(20) 12(13)  8( 9)  0( 0)    1       86
 33 10/11-->10/17    3.44   0.58  26(46) 10(17)  8(14) 11(19)  1( 1)    0       56
 34 10/18-->10/24    1.86   0.50  44(56) 14(17) 17(21)  3( 3)  0( 0)    0       78
 35 10/25-->10/31    1.28   0.49  38(53) 15(21) 14(19)  4( 5)  0( 0)    0       71
 36 11/1-->11/7      2.31   0.47  57(67) 16(18)  7( 8)  4( 4)  1( 1)    0       85
 37 11/8-->11/14     2.11   0.35  44(67) 12(18)  5( 7)  3( 4)  1( 1)    0       65
 38 11/15-->11/21    1.38   0.49  43(58)  9(12) 16(21)  5( 6)  0( 0)    0       73
 39 11/22-->11/28    0.91   0.22  44(74)  9(15)  6(10)  0( 0)  0( 0)    0       59
 40 11/29-->12/5     1.32   0.28  58(78)  8(10)  5( 6)  3( 4)  0( 0)    6       74
 41 12/6-->12/12     0.85   0.24  53(77)  8(11)  7(10)  0( 0)  0( 0)    8       68
 42 12/13-->12/19    0.99   0.24  56(78) 12(16)  3( 4)  0( 0)  0( 0)    7       71
 43 12/20-->12/26    0.91   0.22  52(78)  9(13)  5( 7)  0( 0)  0( 0)    7       66
 44 12/27-->1/2      1.27   0.29  62(76) 13(16)  4( 4)  2( 2)  0( 0)    8       81
 45 1/3-->1/9        1.39   0.18  49(84)  6(10)  1( 1)  2( 3)  0( 0)    7       58
 46 1/10-->1/16      0.71   0.18  45(81)  7(12)  3( 5)  0( 0)  0( 0)    9       55
 47 1/17-->1/23      1.28   0.24  45(76)  9(15)  3( 5)  2( 3)  0( 0)    7       59
 48 1/24-->1/30      0.86   0.17  52(82)  9(14)  2( 3)  0( 0)  0( 0)    8       63
 49 1/31-->2/6       0.99   0.19  42(75)  9(16)  5( 8)  0( 0)  0( 0)   10       56
 50 2/7-->2/13       0.78   0.18  46(79)  8(13)  4( 6)  0( 0)  0( 0)    8       58
 51 2/14-->2/20      1.45   0.29  55(74) 13(17)  5( 6)  1( 1)  0( 0)    8       74
 52 2/21-->2/27      1.39   0.30  48(71) 13(19)  5( 7)  1( 1)  0( 0)    7       67
 53 2/28-->2/29      0.76   0.05  10(83)  0( 0)  2(16)  0( 0)  0( 0)    1       12
 ANNUAL TOTALS      12.53   2700(58)827(17)656(14)346( 7) 67( 1)  193     4596
 
 THESE ARE THE MONTHLY AVERAGES FOR 1951-->2000 FOR STATION NUMBER  385
   JAN  FEB  MAR  APR  MAY  JUN  JUL  AUG  SPT  OCT  NOV  DEC  ANNUAL
   0.88 0.99 2.26 3.28 4.06 4.68 4.21 4.10 3.46 2.36 1.65 1.05 32.97  <-- PRECIP
  
   19.6 25.7 36.5 50.7 62.4 71.9 76.1 73.9 65.0 53.4 37.4 24.6  54.3  <-- TEMP
 
 TWELVE SIGNIFICANT RAINFALL EVENTS  
 MONTH  DAY  YEAR   AMOUNT
   7      2  1958    12.53
   9     11  1972     5.57
   9     13  1978     4.63
   9      8  1989     4.23
   8     29  1952     4.10
   9     30  1961     4.05
   6     16  1957     3.87
   8     13  1986     3.50
  10     11  1986     3.44
   8     25  1987     3.50
   4      2  1964     3.39
   7     17  1996     3.27
 
 GROWING DEGREE DAYS FOR 4 BASE TEMPS FOR STATION NUMBER   385
               MARCH                       APRIL  
     ****************************  ******************* ******** 
 YEAR  40-86  48-86  50-86  52-86   40-86  48-86  50-86  52-86  
     ****************************  ******************* ******** 
 1951     44     15     10      8    235    124    103     84
 1952     71     34     29     24    377    245    218    194
 1953    168     88     72     57    236    119     96     77
 1954     75     22     14     10    445    286    254    223
 1955    139     74     61     50    507    341    309    277
 1956    152     70     56     45    340    218    194    171
 1957    147     69     55     44    365    230    204    180
 1958     63     20     12      7    350    207    177    149
 1959    123     56     46     37    349    212    186    163
 1960     18      2      1      0    407    262    230    200
 1961     93     34     25     18    255    143    122    103
 1962     80     37     31     26    364    228    199    173
 1963    201    125    112    100    430    273    237    204
 1964    115     52     41     31    383    229    199    172
 1965     15      4      3      2    356    226    198    171
 1966    245    141    119     99    271    152    126    103
 1967    248    161    142    124    420    260    228    197
 1968    320    207    185    164    416    259    227    197
 1969     53     19     13     10    413    265    232    200
 1970     65     18     12      6    424    285    255    228
 1971    119     65     55     46    444    290    259    228
 1972    168     84     68     55    373    226    197    170
 1973    168     63     46     34    353    220    191    163
 1974    219    128    108     91    445    289    256    225
 1975     62     23     15      9    292    165    140    119
 1976    179    104     89     76    488    322    286    251
 1977    246    136    114     94    546    375    336    300
 1978    131     77     67     58    333    190    160    134
 1979     90     35     27     21    297    177    154    133
 1980    113     52     40     30    410    268    238    210
 1981    255    135    113     92    558    369    330    293
 1982    124     49     35     25    345    214    188    164
 1983    139     76     64     52    230    132    114     99
 1984     52     12      6      3    272    147    123    101
 1985    225    125    103     83    505    339    304    270
 1986    283    170    148    130    464    304    270    237
 1987    232    131    113     98    497    341    309    279
 1988    248    154    132    111    393    263    233    203
 1989    175    106     91     77    473    319    283    248
 1990    199    106     89     73    402    255    223    192
 1991    230    132    111     93    403    247    214    183
 1992    240    128    107     87    321    194    173    153
 1993     84     40     34     29    269    153    130    110
 1994    209    118    101     84    413    277    248    220
 1995    197    108     89     72    284    162    137    114
 1996    119     55     44     35    359    233    204    179
 1997    193    100     82     66    280    167    144    121
 1998     98     52     44     38    294    171    144    119
 1999    140     66     51     39    306    170    145    120
 2000    243    133    112     93    329    211    188    165
     ****************************  ******************* ******** 
 MEAN  152.6   80.4   67.0   55.3  374.6  235.3  206.6  179.6
 STDV   75.0   49.8   44.1   38.7   82.4   65.4   61.1   56.6
 
               MAY                         JUNE   
     ****************************  ******************* ******** 
 YEAR  40-86  48-86  50-86  52-86   40-86  48-86  50-86  52-86  
     ****************************  ******************* ******** 
 1951    615    403    354    307    759    525    469    414
 1952    584    385    341    303    969    729    670    611
 1953    608    401    357    317    966    729    671    613
 1954    548    369    330    294    949    713    657    603
 1955    706    485    440    399    783    557    505    455
 1956    702    488    442    399    979    747    689    631
 1957    588    380    339    301    843    607    550    494
 1958    701    502    456    413    802    568    514    462
 1959    687    466    415    367    926    686    628    573
 1960    624    416    370    328    793    556    499    446
 1961    551    362    322    284    821    591    540    492
 1962    836    599    544    493    847    612    556    502
 1963    646    427    378    333    975    735    675    617
 1964    813    576    521    471    883    651    596    542
 1965    773    553    500    449    869    630    573    519
 1966    623    434    395    357    887    650    592    536
 1967    576    389    349    311    875    638    582    527
 1968    561    371    332    296    952    714    658    602
 1969    713    497    449    402    796    570    518    468
 1970    808    588    537    486    926    687    629    573
 1971    600    403    359    319   1019    779    720    661
 1972    674    454    408    364    901    666    608    554
 1973    622    412    366    324    946    706    646    586
 1974    630    417    372    329    841    605    548    497
 1975    722    510    464    420    884    648    590    533
 1976    614    408    365    324    891    652    594    536
 1977    860    618    560    503    956    716    656    597
 1978    650    445    398    354    923    687    629    573
 1979    632    433    389    350    902    665    609    554
 1980    694    483    437    395    915    676    617    560
 1981    646    437    394    352    966    726    666    607
 1982    724    494    440    388    808    572    517    464
 1983    559    365    325    289    918    683    627    572
 1984    616    410    364    322    972    732    673    615
 1985    783    545    492    442    848    611    556    502
 1986    719    488    438    392    978    738    678    619
 1987    822    584    531    480    982    743    684    626
 1988    827    597    547    499    978    745    690    637
 1989    671    478    435    394    844    608    553    499
 1990    560    358    313    271    934    697    638    580
 1991    780    555    504    454    970    730    670    611
 1992    650    457    413    371    825    593    540    488
 1993    622    408    361    317    827    594    538    484
 1994    662    467    425    384    920    683    625    568
 1995    530    325    284    246    872    637    580    526
 1996    565    359    312    269    907    670    613    557
 1997    520    340    301    264    910    672    616    561
 1998    718    494    445    397    764    539    487    436
 1999    586    374    330    289    831    594    536    481
 2000    678    468    420    377    809    576    522    472
     ****************************  ******************* ******** 
 MEAN  664.3  453.7  407.5  364.0  893.0  657.0  600.2  545.0
 STDV   88.3   75.9   72.2   68.2   67.2   64.8   63.2   61.1
 
               JULY                        AUGUST 
     ****************************  ******************* ******** 
 YEAR  40-86  48-86  50-86  52-86   40-86  48-86  50-86  52-86  
     ****************************  ******************* ******** 
 1951    927    679    618    557    927    679    618    558
 1952   1007    759    697    637    913    665    604    546
 1953   1040    793    732    672   1005    757    696    635
 1954   1093    845    783    721   1000    752    690    628
 1955   1114    866    804    742   1030    783    724    667
 1956    964    716    654    593    957    717    660    603
 1957   1117    869    807    745    997    752    692    634
 1958    936    688    626    564    998    753    692    632
 1959    980    733    673    614   1091    843    781    720
 1960    950    704    643    583    970    722    660    599
 1961    967    719    657    596    934    687    626    570
 1962    965    723    665    607    954    709    649    590
 1963   1059    811    749    687    948    702    643    586
 1964   1086    838    776    714    903    660    601    544
 1965   1035    789    729    669    944    697    637    580
 1966   1108    860    798    736    916    671    611    552
 1967    988    744    685    628    956    714    657    602
 1968   1036    788    727    667   1016    768    707    647
 1969   1083    835    773    711   1033    785    723    661
 1970   1038    791    731    672   1029    781    719    658
 1971    971    726    666    607    980    736    676    616
 1972   1004    759    699    640    970    723    662    604
 1973   1040    792    730    668   1053    805    743    681
 1974   1123    875    813    751    917    669    608    552
 1975   1056    808    746    686   1020    772    710    649
 1976   1067    819    757    695   1005    757    695    635
 1977   1107    859    797    735    928    680    618    557
 1978   1048    800    738    676   1017    771    711    652
 1979   1020    772    710    648    989    741    679    617
 1980   1113    865    803    741   1050    802    740    678
 1981   1065    817    755    693    988    740    681    623
 1982   1082    834    772    710    985    737    676    616
 1983   1116    868    806    744   1146    898    836    774
 1984   1039    791    729    667   1054    807    747    688
 1985   1029    781    719    657    924    676    615    558
 1986   1106    858    796    734    924    681    622    564
 1987   1089    841    779    717    929    682    621    562
 1988   1024    776    714    653   1034    794    735    676
 1989   1035    787    725    664    954    710    651    592
 1990    991    743    681    622    990    743    683    623
 1991   1004    757    696    635    959    711    649    588
 1992    893    645    585    526    811    573    518    465
 1993   1008    760    698    636    995    747    686    627
 1994    933    686    626    568    922    678    621    564
 1995   1011    765    705    645   1092    844    782    720
 1996    947    700    639    578    923    675    614    554
 1997   1030    784    723    662    866    619    562    506
 1998   1029    781    719    657    981    733    671    609
 1999   1074    826    764    702    880    632    571    511
 2000    972    724    663    602   1003    755    693    631
     ****************************  ******************* ******** 
 MEAN 1030.7  783.2  721.9  661.0  976.5  730.0  669.5  610.3
 STDV   58.4   57.9   57.4   56.7   61.3   60.6   59.7   58.4
 
               SEPTEMBER                   OCTOBER
     ****************************  ******************* ******** 
 YEAR  40-86  48-86  50-86  52-86   40-86  48-86  50-86  52-86  
     ****************************  ******************* ******** 
 1951    526    339    297    262      0      0      0      0
 1952    765    548    497    450     67     44     39     34
 1953    743    552    509    467    537    375    339    304
 1954    765    545    495    446    379    230    198    170
 1955    759    551    504    460    138     92     82     72
 1956    658    474    433    394      0      0      0      0
 1957    587    386    346    308    225    132    114     96
 1958    760    538    488    441    195    132    118    105
 1959    676    472    427    385    100     56     48     40
 1960    697    496    450    408    281    199    181    165
 1961    602    412    368    329      0      0      0      0
 1962    436    308    279    253      0      0      0      0
 1963    730    507    455    408    647    453    412    374
 1964    712    500    450    403    130     88     78     68
 1965    565    361    317    277    405    268    239    210
 1966    640    437    395    354    271    181    160    140
 1967    687    475    426    382    180    112     99     88
 1968    718    492    441    394     64     44     39     34
 1969    763    536    484    436    238    163    147    132
 1970    742    522    472    423    231    151    133    115
 1971    803    585    534    488    569    379    336    295
 1972    751    533    480    431    276    179    160    142
 1973    711    481    429    380    547    367    329    293
 1974    638    434    390    350      8      4      3      2
 1975    621    415    370    327    473    337    305    275
 1976    769    548    502    456    135     92     82     74
 1977    764    526    470    418    390    220    186    157
 1978    859    628    575    524    375    243    213    183
 1979    785    570    523    478    186    124    110     97
 1980    803    579    529    481    206    141    128    117
 1981    776    556    505    457    270    157    136    115
 1982    733    516    465    415    327    207    185    165
 1983    811    595    544    494    427    256    222    192
 1984    681    482    434    389      0      0      0      0
 1985    705    501    454    409    416    243    208    175
 1986    806    574    518    463    184    112     97     82
 1987    715    483    435    389     42     31     29     27
 1988    762    550    504    458     49     30     26     22
 1989    526    365    326    289      0      0      0      0
 1990    792    577    526    477    172    115    102     90
 1991    545    404    371    339      0      0      0      0
 1992    679    480    433    386    235    149    132    116
 1993    561    355    312    271    171    117    107     97
 1994    741    529    481    434    395    247    214    182
 1995    481    335    304    275      0      0      0      0
 1996    614    405    361    319    361    228    202    178
 1997    683    476    431    390    375    269    245    221
 1998    814    585    530    478    433    268    234    202
 1999    610    426    388    351     30     18     15     12
 2000    565    421    386    354      0      0      0      0
     ****************************  ******************* ******** 
 MEAN  693.0  487.6  441.1  397.2  223.0  145.3  128.9  113.3
 STDV   96.7   77.8   73.1   68.3  179.9  119.5  106.8   94.9
 
 DAILY RECORD HIGHS AND LOWS OCCURRING DURING 1951-2000 FOR STATION NUMBER  385
     JAN     FEB    MARCH   APRIL    MAY     JUNE    JULY    AUG     SEPT    OCT     NOV     DEC
 DY MX  MN  MX  MN  MX  MN  MX  MN  MX  MN  MX  MN  MX  MN  MX  MN  MX  MN  MX  MN  MX  MN  MX  MN
  1  52 -19  57 -21  75 -23  85  14  90  27  88  40 100  44 100  51  96  38  90  28  76  19  62  -5
  2  55 -11  64 -27  75  -5  86  15  91  23  89  41  98  47  98  52  94  44  92  25  78   6  65  -5
  3  52 -12  50 -27  78  -3  80   5  87  27  95  40  98  47  98  49 101  36  89  28  78   6  62  -1
  4  50 -15  53 -23  72 -15  79  18  88  27  95  39  97  41  96  45  95  41  93  22  76  -1  59  -1
  5  63 -19  57 -19  71 -23  84  17  91  29  98  43  98  43  97  44  93  33  92  22  69   9  65  -8
  6  46 -14  59 -12  74 -10  88   9  90  26  97  41 100  50  98  47  95  35  91  23  76   4  64 -11
  7  51 -18  64 -12  74  -8  82  11  94  26  96  42  98  49  98  44  96  35  89  23  72 -12  62 -10
  8  57 -17  59 -20  76 -10  81  16  89  28 101  43  98  51  97  46  96  38  83  19  72  -6  60 -13
  9  45 -19  60 -20  74  -9  87  15  90  29  96  42  98  47  95  46  99  37  85  16  78  14  53 -13
 10  52 -25  62 -20  73  -3  86  17  87  30  97  40  99  46  98  48  93  37  87  16  71   5  59  -7
 11  54 -14  69 -21  68  -5  89  21  90  32  97  44 102  52  94  47  92  34  87  19  71  -6  63 -17
 12  55 -24  69 -24  73 -16  89  15  94  31  96  44 103  50 100  45  94  30  87  21  69   0  62 -16
 13  61 -19  62 -10  72 -12  78  15  88  27  98  41 104  50  95  42  91  36  86  24  70  -5  55 -15
 14  50 -28  65 -11  70  -9  84  19  91  35 100  44 100  49  99  46  97  35  87  27  78  -7  53 -11
 15  60 -20  62 -12  72   5  82  18  88  31  98  44  96  50 101  44  96  31  87  22  69   7  55 -16
 16  60 -22  63 -23  77   9  86  19  87  32  95  43  98  50 100  48  93  34  85  24  72  -2  60 -18
 17  59 -19  65 -29  70   2  84  20  89  36  94  43 102  51 101  51  94  34  83  19  76  -5  58 -13
 18  54 -17  63 -10  78   0  91  18  93  37  98  47 102  53 100  45  94  36  79  22  72   6  66 -17
 19  52 -22  64 -10  78   0  88  16  90  35  99  47 104  53  99  45  92  29  81  14  70   7  58 -20
 20  58 -22  65  -5  70   2  88  23  90  33 101  42 100  50  97  42  90  28  82  10  64   5  57 -19
 21  57 -24  64 -12  70  -4  91  23  90  36 101  40 106  48 100  46  88  29  84  18  70  -2  56 -23
 22  57 -16  65  -9  80   7  93  24  93  28 100  43 101  50  97  48  87  27  82  19  68   2  56 -26
 23  62 -25  60 -17  77   4  90  21  92  29  98  44  96  51  96  43  82  29  81  18  65   4  58 -29
 24  67 -20  67 -13  82   0  89  18  99  40 100  46  94  53  96  46  87  28  79  15  60   2  52 -21
 25  54 -16  66  -1  79   3  91  26  99  40  99  41  96  52  99  43  87  33  79  16  71  -5  50 -21
 26  50 -17  62 -25  82  -7  93  28  96  37  99  47 102  44 100  46  91  29  82  19  68  -1  57 -17
 27  53 -21  67 -10  79   7  90  27  90  33  98  44 102  45 103  43  89  30  80  13  64   0  55  -9
 28  51 -18  69 -18  84   7  90  27  92  34  98  51 102  46 101  39  98  27  82  12  67  -6  63  -8
 29  54 -25 *** ***  90   2  91  23  91  37  97  49 102  46 100  40  92  28  79  19  60  -2  57  -9
 30  54 -21 *** ***  86   5  90  26  91  37  98  48 105  43  97  49  89  26  75  13  69  -7  59 -14
 31  58 -21 *** ***  83  16 *** ***  88  39 *** *** 107  44  97  40 *** ***  81  13 *** ***  58 -17
 
 DAILY MAXIMUM PRECIPITATION OCCURRING DURING 1951-2000 FOR STATION NUMBER  385
     JAN   FEB   MARCH APRIL MAY   JUNE  JULY  AUG   SEPT  OCT   NOV   DEC
 
  1  0.39  0.99  1.40  0.47  1.82  0.97  1.92  2.15  0.44  0.83  2.31  0.45
  2  0.95  0.52  1.16  3.39  1.06  1.92 12.53  1.39  1.24  0.55  1.18  0.38
  3  1.39  0.16  0.90  1.10  1.35  1.04  2.88  1.21  1.85  1.24  0.95  0.28
  4  0.38  0.71  1.18  1.04  1.99  2.00  1.98  1.71  2.95  0.80  1.15  1.11
  5  0.75  0.26  0.67  1.20  0.98  3.09  1.76  1.86  1.51  0.96  1.80  0.72
  6  0.38  0.36  0.93  2.05  2.22  2.41  2.85  2.69  1.66  1.14  0.46  0.66
  7  0.23  0.22  2.10  1.37  2.51  2.37  2.59  1.60  0.93  1.65  0.98  0.82
  8  0.18  0.19  0.98  0.78  1.30  1.25  1.80  2.53  4.23  1.76  0.32  0.30
  9  0.35  0.55  0.48  1.48  1.68  1.70  2.45  1.20  2.00  1.33  1.64  0.49
 10  0.71  0.63  0.74  0.20  2.48  1.25  1.29  0.72  1.87  1.26  0.81  0.85
 11  0.45  0.78  1.56  1.18  1.51  1.12  1.55  1.80  5.57  3.44  2.11  0.79
 12  0.30  0.32  1.14  1.15  0.51  2.55  2.35  2.04  2.38  1.06  0.82  0.77
 13  0.49  0.71  1.26  0.88  1.62  1.65  2.30  3.50  4.63  1.68  1.73  0.42
 14  0.68  0.22  0.85  1.30  2.25  1.76  1.61  1.28  1.64  0.55  0.19  0.99
 15  0.25  0.39  1.30  1.38  1.18  3.10  1.51  2.78  1.57  1.95  0.82  0.37
 16  0.52  0.43  0.38  1.15  1.58  3.87  1.03  1.93  0.78  1.33  1.04  0.49
 17  0.29  0.42  1.28  1.76  0.82  2.05  3.27  1.59  1.60  1.25  1.38  0.40
 18  1.28  1.45  1.86  1.12  2.15  1.20  1.90  1.15  0.85  1.44  1.25  0.62
 19  0.46  0.63  1.87  0.86  0.70  0.70  2.50  0.95  1.37  0.59  1.15  0.23
 20  0.60  0.65  0.48  1.32  0.82  1.61  1.25  1.80  1.58  0.66  1.38  0.49
 21  0.51  1.39  0.32  1.46  1.20  1.87  1.33  2.55  1.25  0.55  0.60  0.47
 22  1.14  0.96  1.30  1.15  1.52  1.78  1.77  2.40  1.18  1.86  0.35  0.91
 23  0.63  0.68  1.15  2.70  1.37  1.75  2.01  2.90  1.09  1.60  0.62  0.60
 24  0.86  0.45  0.82  0.78  1.77  1.60  1.65  0.50  0.82  0.63  0.30  0.82
 25  0.08  0.89  1.52  1.43  1.30  1.36  0.60  3.50  1.36  0.97  0.28  0.77
 26  0.42  0.96  1.32  1.53  2.54  2.37  1.87  0.75  2.37  0.50  0.80  0.25
 27  0.51  0.16  1.32  2.60  1.82  1.99  1.02  2.74  1.71  1.01  0.91  1.03
 28  0.25  0.76  1.24  1.85  2.60  1.43  2.20  0.96  1.33  0.46  0.59  1.27
 29  0.34******  1.05  1.68  2.44  2.32  2.40  4.10  0.91  1.28  1.05  0.42
 30  0.16******  1.17  1.07  1.21  1.36  1.27  2.45  4.05  1.15  1.32  0.34
 31  0.62******  2.28******  1.00******  0.55  1.50******  0.82******  0.36
 
 RECORD LARGEST AND SMALLEST DAILY RANGES (MAX-MIN)     DURING 1951-2000 FOR STATION NUMBER  385
     JAN     FEB    MARCH   APRIL    MAY     JUNE    JULY    AUG     SEPT    OCT     NOV     DEC
 DY MX  MN  MX  MN  MX  MN  MX  MN  MX  MN  MX  MN  MX  MN  MX  MN  MX  MN  MX  MN  MX  MN  MX  MN
  1 35   3  36   2  41   5  47   5  43   5  35  11  35   8  36  10  45  10  49   7  46   1  42   1
  2 32   3  45   5  42   3  52   5  40   7  38   7  31  15  31  14  39   8  41   3  45   6  31   3
  3 40   3  40   4  37   3  45   6  40   8  41  12  40  12  36   5  40  11  44   2  43   4  38   6
  4 37   4  39   3  44   5  44   7  41   7  40  11  34  10  37  11  40   9  50   4  43   5  35   4
  5 44   3  38   4  43   3  51   6  38   7  41  10  36  11  39  10  38  12  44   3  43   3  40   5
  6 36   1  36   4  50   4  54   8  46  10  41  14  36   8  39   8  42  12  40   7  43   1  44   2
  7 35   5  36   4  42   3  51   6  44   3  38   7  34  11  34   6  42  13  45   6  41   6  47   3
  8 38   5  40   4  46   4  40   5  40   8  36   9  36  12  37   8  41  10  43   7  40   2  35   5
  9 35   5  38   3  45   7  47   4  40  10  35   6  35  11  35  11  42   7  46   7  40   6  38   5
 10 40   4  39   2  40   5  48   4  42   8  40  10  39   8  34  11  44   9  44   8  40   3  39   3
 11 38   3  38   5  35   2  43   2  38  10  40  12  41   8  35  11  42  10  43   6  39   5  36   5
 12 39   3  51   4  38   6  51   8  43   8  36   8  32   6  38   8  55   8  43   9  44   4  41   5
 13 38   3  44   3  41   2  46   7  40  11  35  13  41  12  38   8  41   7  44   5  48   3  38   5
 14 35   2  36   4  47   5  41   4  42   7  36  11  33  10  44  12  40   4  45   5  42   5  40   4
 15 42   6  37   7  41   7  44   4  40   9  32   6  35   9  43   9  41   9  41   7  37   6  38   3
 16 45   6  42   6  40   6  48   7  52   3  37   5  35  14  37  14  51   8  43   5  36   6  45   6
 17 38   7  40   4  39   5  47   4  41   7  34  10  37   8  38  11  44   6  37   4  38   5  35   3
 18 55   4  40   4  46   2  44  10  44   6  41  13  37  13  39  11  43   7  48   7  38   5  50   4
 19 42   3  42   4  40   2  53   5  40   7  39  13  33   7  36   9  46   9  43   4  45   4  37   6
 20 42   4  37   4  44   5  45   6  42  12  37  11  34   8  35  10  40   8  51   6  37   2  32   2
 21 44   4  48   5  39   7  46   7  36   5  38  13  35   4  40  13  41  11  47   2  36   4  43   2
 22 44   1  41   4  42   2  40   7  40   7  37  10  32   9  37  13  44   9  41   6  45   5  37   3
 23 40   4  36   3  51   8  40   9  39   9  43   6  35  15  36  10  41   5  41   5  38   4  39   3
 24 41   3  53   4  44   5  43  10  44   6  37  13  37   9  37  11  41   4  41   5  36   4  35   4
 25 38   4  40   4  43   6  42  11  42   4  36  15  41  12  39   7  40   9  45   8  48   5  32   3
 26 36   7  44   4  49   4  42   8  34   6  39   7  38  10  36   7  44   7  49   6  36   4  36   6
 27 38   6  44   2  54   2  40   8  40   5  35  10  37  11  36  10  49   9  47   4  37   2  35   4
 28 40   4  41   6  43   7  42   7  37   6  45  15  36  13  39  10  46   9  41  11  45   2  34   4
 29 40   4  **  **  43   3  51   7  34   5  33  10  41  15  38   7  44   9  40   7  40   3  41   4
 30 43   7  **  **  45   7  44   6  39   7  34  11  39   8  34  12  47   8  40   4  39   4  40   3
 31 44   9  **  **  50   4  **  **  34  10  **  **  38  13  40  11  **  **  52   1  **  **  37   3
 
 DAILY  MEAN  HIGHS AND LOWS OCCURRING DURING 1951-2000 FOR STATION NUMBER  385
     JAN     FEB    MARCH   APRIL    MAY     JUNE    JULY    AUG     SEPT    OCT     NOV     DEC
 DY MX  MN  MX  MN  MX  MN  MX  MN  MX  MN  MX  MN  MX  MN  MX  MN  MX  MN  MX  MN  MX  MN  MX  MN
  1 29  12  31  11  42  20  55  32  67  41  77  53  85  61  85  60  81  58  73  45  54  34  39  21
  2 30  13  29  10  41  20  56  33  69  42  77  52  85  63  85  62  82  58  72  45  53  33  39  22
  3 28  10  29  10  40  20  56  31  68  44  78  52  85  61  85  62  82  58  70  44  52  31  40  20
  4 27   9  31  11  40  20  55  30  71  46  79  55  85  63  84  61  80  57  69  42  50  30  39  20
  5 28   8  31  11  40  20  56  31  70  47  80  56  85  62  84  61  79  55  68  43  50  29  39  20
  6 27   8  30  11  41  19  60  31  69  44  81  56  85  61  83  61  80  55  66  43  50  30  34  16
  7 26   6  30  10  40  18  60  33  69  45  81  57  87  62  84  61  81  56  67  41  51  28  34  16
  8 28   7  31  11  41  19  57  34  71  46  80  57  86  63  85  61  80  56  67  41  50  28  33  15
  9 26   7  33  12  43  21  57  32  71  46  80  57  86  62  84  61  79  54  65  40  49  28  33  14
 10 26   6  34  14  44  22  58  33  72  45  81  56  85  62  84  60  78  52  66  39  50  27  35  15
 11 28   8  33  12  44  25  60  36  72  47  81  58  85  63  83  59  79  53  67  41  48  28  33  14
 12 29  10  33  13  44  24  57  35  72  46  82  58  86  64  83  59  78  52  68  41  48  27  32  14
 13 31   9  34  14  44  24  59  34  72  46  83  58  87  63  83  60  76  52  67  42  49  27  33  13
 14 30  10  35  15  45  23  60  36  72  48  82  60  86  63  83  60  74  50  68  42  48  27  33  14
 15 29   8  33  14  44  24  63  36  73  48  81  58  85  61  83  59  74  50  67  42  49  28  32  13
 16 29   8  35  13  46  24  63  38  73  49  81  58  86  62  85  60  73  49  67  40  47  27  33  12
 17 29   9  37  15  46  26  64  38  75  51  82  58  86  64  84  61  74  49  65  40  48  28  31  13
 18 30  10  37  19  46  26  65  40  74  51  82  59  88  65  84  61  76  51  61  38  46  27  32  12
 19 29   9  37  17  47  27  65  40  74  50  84  60  87  66  83  60  76  51  61  36  47  25  32  13
 20 28   7  37  18  47  26  64  42  76  49  83  60  86  64  83  60  73  49  62  37  44  25  30  11
 21 30   9  38  17  47  24  64  40  75  51  83  59  85  62  83  59  72  47  63  38  44  23  30  11
 22 31  11  38  18  50  25  65  39  75  51  83  58  85  63  83  60  70  46  64  39  44  23  30  13
 23 30  10  37  18  50  27  65  40  75  52  83  59  86  62  82  60  69  45  61  38  42  23  30  12
 24 30  10  38  18  49  27  67  40  75  51  84  59  86  62  82  59  70  45  60  36  43  22  31  11
 25 29  10  39  17  49  27  68  42  75  52  85  59  86  62  84  59  72  46  60  36  42  22  30  12
 26 26   8  40  19  51  27  68  43  74  52  84  61  86  63  84  60  74  46  61  36  41  22  32  13
 27 27   8  40  22  55  29  67  43  75  51  85  61  85  63  83  61  72  46  60  37  38  20  31  14
 28 28   8  40  20  56  31  65  40  75  53  86  61  85  62  84  59  72  46  58  35  37  17  32  14
 29 30   8  **  **  50  30  66  42  76  54  86  62  86  61  84  60  71  45  58  34  38  19  31  13
 30 30   8  **  **  54  29  67  41  77  53  85  62  86  62  83  60  73  45  57  36  38  19  31  11
 31 31   9  **  **  56  32  **  **  77  53  **  **  85  61  81  59  **  **  56  35  **  **  29  11
  
  # OF DAYS EACH YEAR WHERE MIN >=32 F  1951-2000 FOR STATION #  385
   51  52  53  54  55  56  57  58  59  60  61  62  63  64  65  66  67  68  69  70
  200 202 212 222 208 208 205 211 205 198 194 203 220 212 216 212 213 219 211 212
 
   71  72  73  74  75  76  77  78  79  80  81  82  83  84  85  86  87  88  89  90
  225 210 242 227 219 212 234 217 211 214 237 221 221 222 219 221 226 206 205 216
 
   91  92  93  94  95  96  97  98  99 100
  218 217 203 220 216 204 197 226 203 208
  
 MEAN=214
 
 LENGTH OF SEASON FOR STATION NUMBER  385   BASE TEMP=32
 LAST SPRING OCCURENCE FIRST FALL OCCURENCE  LENGTH OF  SEASON
   YEAR MONTH DAY DOY         MONTH DAY DOY
   1951   4    23 113           9    27 270          157
   1952   4    16 107          10     5 279          172
   1953   5    13 133           9    22 265          132
   1954   5    10 130           9    22 265          135
   1955   4     2  92           9    12 255          163
   1956   5     4 125           9    30 274          149
   1957   5     6 126          10    10 283          157
   1958   4    29 119          10     1 274          155
   1959   5    15 135          10     9 282          147
   1960   5     1 122           9    30 274          152
   1961   5     2 122           9    28 271          149
   1962   4    17 107           9    20 263          156
   1963   5    23 143          10    28 301          158
   1964   4     9 100          10     5 279          179
   1965   4    28 118           9    24 267          149
   1966   5    10 130          10     1 274          144
   1967   5    11 131           9    28 271          140
   1968   5     5 126          10     4 278          152
   1969   4    29 119          10    14 287          168
   1970   5     2 122          10     9 282          160
   1971   5     3 123          10    30 303          180
   1972   4    25 116           9    30 274          158
   1973   4    28 118          10    29 302          184
   1974   4    16 106           9    22 265          159
   1975   4    20 110          10     2 275          165
   1976   5     7 128          10     6 280          152
   1977   4     6  96          10     9 282          186
   1978   5     2 122          10     7 280          158
   1979   5    12 132          10    13 286          154
   1980   5     8 129          10     3 277          148
   1981   5    10 130          10     2 275          145
   1982   4    22 112          10    16 289          177
   1983   5    15 135           9    23 266          131
   1984   4    30 121           9    26 270          149
   1985   4     9  99           9    29 272          173
   1986   4    22 112          10     6 279          167
   1987   4     6  96          10     3 276          180
   1988   4    28 119          10     4 278          159
   1989   5    12 132           9    23 266          134
   1990   5     2 122          10    10 283          161
   1991   4    24 114           9    19 262          148
   1992   5     6 127           9    29 273          146
   1993   4    26 116           9    15 258          142
   1994   5     1 121           9    27 270          149
   1995   5     2 122           9    22 265          143
   1996   4    27 118          10     3 277          159
   1997   5    16 136          10    14 287          151
   1998   4    19 109          10     8 281          172
   1999   4    19 109           9    21 264          155
   2000   4    27 118           9    21 265          147
             MEAN=119              MEAN=275     MEAN=156
 
 LENGTH OF SEASON FOR STATION NUMBER  385   BASE TEMP=30
 LAST SPRING OCCURENCE FIRST FALL OCCURENCE  LENGTH OF  SEASON
   YEAR MONTH DAY DOY         MONTH DAY DOY
   1951   4    23 113           9    27 270          157
   1952   4    16 107          10     5 279          172
   1953   4    27 117           9    22 265          148
   1954   5     7 127          10    18 291          164
   1955   3    29  88           9    12 255          167
   1956   4    30 121           9    30 274          153
   1957   4    14 104          10    10 283          179
   1958   4    29 119          10     1 274          155
   1959   4    22 112          10     9 282          170
   1960   5     1 122          10     7 281          159
   1961   5     2 122           9    28 271          149
   1962   4    17 107           9    20 263          156
   1963   5    23 143          10    28 301          158
   1964   4     9 100          10     9 283          183
   1965   4    28 118           9    24 267          149
   1966   5     9 129          10     1 274          145
   1967   5     2 122          10    11 284          162
   1968   4    25 116          10     4 278          162
   1969   4    29 119          10    14 287          168
   1970   5     2 122          10    10 283          161
   1971   5     3 123          10    31 304          181
   1972   4    25 116          10    15 289          173
   1973   4    13 103          10    29 302          199
   1974   4    15 105          10     1 274          169
   1975   4    20 110          10    25 298          188
   1976   5     3 124          10     6 280          156
   1977   4     6  96          10    12 285          189
   1978   4    21 111          10    23 296          185
   1979   4    28 118          10    13 286          168
   1980   5     8 129          10     3 277          148
   1981   5    10 130          10    19 292          162
   1982   4    22 112          10    20 293          181
   1983   4    19 109           9    23 266          157
   1984   4     1  92           9    26 270          178
   1985   4     9  99          10     1 274          175
   1986   4    22 112          10    13 286          174
   1987   4     5  95          10     3 276          181
   1988   4    28 119          10     4 278          159
   1989   5     7 127           9    24 267          140
   1990   5     2 122          10    10 283          161
   1991   4    24 114           9    19 262          148
   1992   5     6 127           9    29 273          146
   1993   4    22 112           9    29 272          160
   1994   5     1 121          10    12 285          164
   1995   5     2 122           9    22 265          143
   1996   4    27 118          10     8 282          164
   1997   5    13 133          10    15 288          155
   1998   4    18 108          10    22 295          187
   1999   4    18 108           9    21 264          156
   2000   4    13 104           9    21 265          161
             MEAN=114              MEAN=279     MEAN=164
 
 LENGTH OF SEASON FOR STATION NUMBER  385   BASE TEMP=28
 LAST SPRING OCCURENCE FIRST FALL OCCURENCE  LENGTH OF  SEASON
   YEAR MONTH DAY DOY         MONTH DAY DOY
   1951   4    23 113           9    28 271          158
   1952   4    16 107          10     6 280          173
   1953   4    26 116          10    27 300          184
   1954   5     4 124          10    30 303          179
   1955   3    28  87          10     8 281          194
   1956   4    30 121           9    30 274          153
   1957   4    14 104          10    18 291          187
   1958   4    29 119          10    11 284          165
   1959   4    22 112          10     9 282          170
   1960   4    30 121          10    16 290          169
   1961   5     2 122           9    28 271          149
   1962   4    17 107           9    20 263          156
   1963   5    22 142          10    29 302          160
   1964   4     9 100          10     9 283          183
   1965   4    28 118          10    24 297          179
   1966   5     1 121          10    16 289          168
   1967   5     2 122          10    11 284          162
   1968   4    25 116          10     4 278          162
   1969   4     6  96          10    14 287          191
   1970   4     4  94          10    16 289          195
   1971   4    14 104          10    31 304          200
   1972   4     8  99          10    18 292          193
   1973   4    13 103          10    29 302          199
   1974   4     8  98          10     2 275          177
   1975   4    12 102          10    25 298          196
   1976   5     3 124          10     8 282          158
   1977   4     6  96          11     9 313          217
   1978   4    21 111          10    28 301          190
   1979   4    28 118          10    13 286          168
   1980   5     8 129          10    12 286          157
   1981   4    15 105          10    19 292          187
   1982   4    22 112          10    20 293          181
   1983   4    19 109          11    10 314          205
   1984   4     1  92           9    29 273          181
   1985   4     9  99          11     2 306          207
   1986   4    22 112          10    14 287          175
   1987   4     5  95          10     3 276          181
   1988   4    24 115          10     5 279          164
   1989   5     7 127           9    24 267          140
   1990   5     2 122          10    10 283          161
   1991   4    24 114           9    20 263          149
   1992   5     6 127          10    17 291          164
   1993   4    22 112          10    10 283          171
   1994   4     9  99          10    25 298          199
   1995   4     5  95           9    22 265          170
   1996   4    27 118          10    24 298          180
   1997   5    13 133          10    20 293          160
   1998   4     6  96          11     5 309          213
   1999   3    30  89          10     4 277          188
   2000   4    13 104           9    22 266          162
             MEAN=110              MEAN=287     MEAN=176
 
 LENGTH OF SEASON FOR STATION NUMBER  385   BASE TEMP=26
 LAST SPRING OCCURENCE FIRST FALL OCCURENCE  LENGTH OF  SEASON
   YEAR MONTH DAY DOY         MONTH DAY DOY
   1951   4    22 112          10    24 297          185
   1952   4    11 102          10     6 280          178
   1953   4    20 110          11     1 305          195
   1954   4    12 102          10    30 303          201
   1955   3    28  87          10    15 288          201
   1956   4    24 115           9    30 274          159
   1957   4    14 104          10    19 292          188
   1958   4    29 119          10    30 303          184
   1959   4    13 103          10    12 285          182
   1960   4    30 121          10    16 290          169
   1961   5     2 122          10    20 293          171
   1962   4    17 107          10    24 297          190
   1963   4     4  94          10    29 302          208
   1964   4     8  99          10     9 283          184
   1965   4    16 106          10    24 297          191
   1966   4    21 111          10    16 289          178
   1967   5     2 122          10    11 284          162
   1968   4     5  96          10     4 278          182
   1969   4     6  96          10    17 290          194
   1970   4     4  94          11    14 318          224
   1971   4     6  96          10    31 304          208
   1972   4     8  99          10    18 292          193
   1973   4    11 101          10    29 302          201
   1974   4     8  98          10     2 275          177
   1975   4    11 101          10    29 302          201
   1976   3    22  82          10    16 290          208
   1977   4     6  96          11    10 314          218
   1978   3    26  85          11    14 318          233
   1979   4     6  96          10    13 286          190
   1980   4    13 104          10    12 286          182
   1981   3    23  82          10    22 295          213
   1982   4    11 101          10    21 294          193
   1983   4    18 108          11    17 321          213
   1984   4     1  92          10    23 297          205
   1985   4     9  99          11     4 308          209
   1986   4    22 112          11     5 309          197
   1987   4     4  94          10    11 284          190
   1988   4    19 110          10     5 279          169
   1989   5     7 127          10    20 293          166
   1990   4    17 107          10    10 283          176
   1991   4    10 100          10     7 280          180
   1992   5     6 127          10    17 291          164
   1993   4    17 107          10    10 283          176
   1994   4     7  97          10    25 298          201
   1995   4     5  95          10    22 295          200
   1996   4    23 114          10    30 304          190
   1997   4    17 107          10    21 294          187
   1998   4     6  96          11     6 310          214
   1999   3    27  86          10     4 277          191
   2000   4    12 103          10     6 280          177
             MEAN=102              MEAN=293     MEAN=190
 
 LENGTH OF SEASON FOR STATION NUMBER  385   BASE TEMP=24
 LAST SPRING OCCURENCE FIRST FALL OCCURENCE  LENGTH OF  SEASON
   YEAR MONTH DAY DOY         MONTH DAY DOY
   1951   4    17 107          10    24 297          190
   1952   4    10 101          10     6 280          179
   1953   4    20 110          11     1 305          195
   1954   4    12 102          10    31 304          202
   1955   3    28  87          10    15 288          201
   1956   4    24 115          11     8 313          198
   1957   4    14 104          10    25 298          194
   1958   4    29 119          10    31 304          185
   1959   4    13 103          10    12 285          182
   1960   4    10 101          10    19 293          192
   1961   5     2 122          10    20 293          171
   1962   4    16 106          10    24 297          191
   1963   4     4  94          10    29 302          208
   1964   4     8  99          10    10 284          185
   1965   3    30  89          11     9 313          224
   1966   4    21 111          11     1 305          194
   1967   4    24 114          10    28 301          187
   1968   4     5  96          11     8 313          217
   1969   3    31  90          10    27 300          210
   1970   4     4  94          11    15 319          225
   1971   4     6  96          11     6 310          214
   1972   4     8  99          10    19 293          194
   1973   4    11 101          11     5 309          208
   1974   4     8  98          11    13 317          219
   1975   4     4  94          11    13 317          223
   1976   3    17  77          10    16 290          213
   1977   4     6  96          11    11 315          219
   1978   3    18  77          11    14 318          241
   1979   4     6  96          10    13 286          190
   1980   3    21  81          10    12 286          205
   1981   3    23  82          10    22 295          213
   1982   4     9  99          10    21 294          195
   1983   4    18 108          11    23 327          219
   1984   3    23  83          11     2 307          224
   1985   4     9  99          11    10 314          215
   1986   4    22 112          11     5 309          197
   1987   4     4  94          10    11 284          190
   1988   4    19 110          10     5 279          169
   1989   4    15 105          10    20 293          188
   1990   4    17 107          10    25 298          191
   1991   3    30  89          10     7 280          191
   1992   4    12 103          10    17 291          188
   1993   4     5  95          10    31 304          209
   1994   4     7  97          10    26 299          202
   1995   4     5  95          10    22 295          200
   1996   4    23 114          10    31 305          191
   1997   4    17 107          10    22 295          188
   1998   3    24  83          11     6 310          227
   1999   3    27  86          10     4 277          191
   2000   4     9 100          10     7 281          181
             MEAN= 98              MEAN=299     MEAN=200
 
 THESE ARE THE MONTHLY AVG. MAX TEMPS 1951-2000 FOR STATION # 385
 YEAR    JAN   FEB  MARCH APRIL  MAY  JUNE  JULY AUGUST SEPT   OCT   NOV   DEC   ANN
  
 1951   28.9  33.2  36.4  52.7  70.4  75.7  80.9  81.4  69.8  61.9  42.0  28.1  55.1
 1952   30.0  38.9  40.7  62.4  70.0  85.6  84.7  79.6  78.6  64.1  49.0  32.4  59.7
 1953   30.4  34.8  48.2  54.8  70.9  85.7  87.8  86.1  82.1  72.8  54.7  39.9  62.3
 1954   30.9  47.9  41.4  65.6  68.9  84.6  93.4  83.5  78.7  60.6  53.2  37.7  62.2
 1955   31.1  29.3  45.2  70.1  76.5  78.5  92.8  92.9  81.9  68.4  42.4  31.3  61.7
 1956   29.5  35.2  47.1  61.1  74.5  88.0  84.4  84.5  78.1  72.0  45.9  37.6  61.5
 1957   24.7  39.0  48.8  60.3  70.2  80.1  90.6  86.0  71.4  58.5  41.3  40.6  59.3
 1958   31.9  26.0  41.0  61.5  77.0  79.1  80.2  85.4  77.2  68.6  51.5  34.7  59.5
 1959   27.3  32.0  46.0  61.4  72.4  84.2  84.6  88.2  74.1  59.5  40.9  41.8  59.4
 1960   27.5  26.2  29.1  63.3  72.2  78.0  85.1  84.4  76.9  66.8  51.0  35.5  58.0
 1961   32.9  39.4  44.1  55.9  69.7  80.5  85.8  84.6  72.3  67.5  46.1  27.6  58.9
 1962   24.6  29.5  39.0  62.2  79.5  81.0  84.2  85.9  74.2  66.1  49.8  36.0  59.3
 1963   20.0  33.2  51.4  65.0  71.9  86.4  88.6  83.8  76.3  76.4  55.0  25.9  61.2
 1964   38.7  41.3  44.4  62.2  78.5  81.5  89.5  82.2  74.8  65.6  51.1  32.7  61.9
 1965   30.4  33.0  33.0  62.1  78.2  81.3  86.1  84.8  68.9  67.5  50.5  43.1  59.9
 1966   23.1  37.4  53.2  56.9  74.2  81.6  90.1  82.7  73.8  67.1  48.3  34.8  60.3
 1967   34.0  34.6  53.8  64.3  71.5  79.9  86.0  85.2  75.7  62.5  47.7  36.5  61.0
 1968   30.9  35.0  59.2  64.8  71.1  86.8  87.8  87.3  75.8  67.1  44.9  30.3  61.8
 1969   24.6  34.6  38.4  65.2  75.0  79.5  87.5  85.5  77.4  60.1  51.3  32.0  59.2
 1970   23.4  40.6  41.7  65.3  78.8  84.0  87.8  86.2  76.7  62.2  45.1  36.1  60.7
 1971   25.3  31.0  44.3  65.9  71.7  88.3  84.2  84.9  80.9  69.4  48.9  35.3  60.8
 1972   27.9  32.6  49.6  62.5  73.3  84.3  84.3  83.4  76.6  59.9  41.8  27.2  58.6
 1973   31.3  34.8  50.5  60.7  71.8  85.0  84.8  85.9  73.2  69.6  47.6  29.0  60.3
 1974   27.4  36.4  53.3  65.8  71.0  81.6  94.1  81.2  73.5  66.5  47.9  36.9  61.3
 1975   30.7  29.1  38.6  56.7  76.9  80.5  88.1  88.2  72.0  71.0  52.1  37.5  60.1
 1976   34.4  46.7  49.2  68.1  72.0  82.2  86.9  86.0  79.9  60.7  44.4  34.9  62.1
 1977   22.0  42.2  54.5  69.8  79.1  85.1  89.5  79.6  75.0  61.7  46.1  30.9  61.3
 1978   20.6  24.6  44.3  59.6  71.9  84.0  86.6  86.2  82.6  65.6  44.8  29.9  58.4
 1979   16.0  23.2  43.0  57.9  73.2  82.8  84.4  83.0  79.9  65.5  45.2  41.4  58.0
 1980   31.2  30.2  44.7  65.6  75.6  83.4  90.8  87.0  80.7  63.8  53.2  35.9  61.8
 1981   38.5  40.5  55.4  71.4  73.3  86.5  86.4  84.1  79.8  61.2  51.3  31.7  63.3
 1982   19.7  32.6  44.9  59.9  73.6  78.9  87.9  83.3  74.8  65.2  46.1  38.1  58.7
 1983   32.9  38.5  45.4  54.1  70.3  83.0  91.6  93.3  81.6  63.1  47.4  15.3  59.7
 1984   28.0  43.4  39.1  57.1  71.4  84.3  87.5  89.1  75.6  63.3  50.7  37.5  60.6
 1985   28.4  31.6  54.0  67.6  78.6  82.1  87.4  81.5  73.3  62.9  37.4  24.5  59.1
 1986   39.7  31.2  55.9  66.8  74.9  85.7  88.0  80.9  76.7  63.0  43.3  33.5  61.6
 1987   36.5  47.2  53.3  69.0  79.4  87.4  88.0  80.7  75.6  61.3  50.6  36.3  63.8
 1988   29.4  33.4  54.7  65.5  81.3  90.2  86.5  89.1  78.7  60.1  48.2  39.5  63.1
 1989   40.6  23.8  46.1  67.0  75.8  80.0  85.7  82.0  72.9  66.5  46.9  25.8  59.4
 1990   42.2  40.8  50.8  62.3  68.4  82.6  82.4  82.4  79.8  66.3  53.6  29.8  61.8
 1991   22.3  41.5  53.1  63.7  74.9  83.1  84.3  82.6  75.6  64.4  36.3  36.5  59.9
 1992   39.2  42.0  53.7  59.9  73.9  81.1  78.3  76.7  73.8  63.3  38.6  33.9  59.5
 1993   26.5  24.9  41.0  56.1  70.5  78.1  80.8  81.5  68.9  60.0  43.5  36.3  55.7
 1994   21.6  29.5  52.8  64.7  74.2  81.9  81.5  81.2  77.1  64.5  48.6  35.3  59.4
 1995   27.3  39.0  47.1  57.8  67.5  80.1  86.1  85.8  73.6  62.4  41.7  31.8  58.3
 1996   26.2  35.5  43.8  62.3  67.2  81.1  80.8  79.7  70.8  65.3  37.7  27.6  56.5
 1997   26.2  33.2  51.5  56.2  68.5  83.1  84.1  79.4  75.8  63.5  41.0  32.9  57.9
 1998   29.4  39.5  37.1  58.3  74.6  76.0  83.2  81.3  80.6  64.3  49.6  39.6  59.5
 1999   26.5  40.5  46.1  58.4  69.6  77.0  85.8  79.3  73.8  64.6  56.7  37.0  59.6
 2000   33.4  42.1  54.1  61.5  74.9  79.5  81.1  83.8  79.9  66.5  39.9  18.8  59.6
 MEANS  29.1  35.3  46.7  62.2  73.4  82.4  86.2  84.1  76.2  64.8  46.9  33.5  60.1
 
 THESE ARE THE MONTHLY AVG. MIN TEMPS 1951-2000 FOR STATION # 385
 YEAR    JAN   FEB  MARCH APRIL  MAY  JUNE  JULY AUGUST SEPT   OCT   NOV   DEC   ANN
  
 1951    7.0  14.7  18.7  35.6  48.8  54.9  59.6  59.0  47.0  39.4  19.9   8.9  34.5
 1952   11.1  23.8  23.7  36.8  47.3  61.4  61.8  59.4  52.6  33.5  25.2  18.0  37.9
 1953   13.7  18.9  27.5  32.5  48.2  61.0  62.5  61.0  48.2  43.3  28.2  18.9  38.6
 1954    6.8  26.2  21.8  38.6  43.5  61.6  65.0  62.4  52.7  40.4  30.1  20.2  39.1
 1955   11.3   8.6  19.5  42.1  49.0  54.1  66.4  61.0  50.7  37.5  18.2  10.8  35.8
 1956    9.8  12.1  21.7  33.0  50.7  61.4  59.5  59.4  46.0  42.7  25.1  16.1  36.5
 1957    3.8  22.6  28.4  37.1  46.9  56.6  66.5  61.0  47.4  36.4  24.9  19.7  37.6
 1958   15.3   4.8  23.3  35.6  47.5  55.0  60.3  61.8  53.3  41.0  27.2  10.9  36.3
 1959    4.7  11.0  25.8  36.5  51.5  59.3  59.8  65.6  51.0  36.0  18.7  23.2  36.9
 1960    9.3   8.6   9.6  38.1  46.8  55.1  57.8  59.3  50.0  35.7  23.0  10.3  33.6
 1961    5.3  14.6  25.7  30.8  44.2  54.9  58.9  57.1  50.0  40.5  26.1   8.7  34.7
 1962    3.7  14.3  19.4  33.8  54.6  56.1  59.5  57.9  46.1  41.3  26.0  11.0  35.3
 1963   -3.0   6.9  26.6  39.8  48.8  61.6  63.0  59.2  52.3  46.5  28.3   2.1  36.0
 1964   13.5  13.9  17.1  38.8  54.5  57.9  65.1  57.5  52.6  37.3  29.0   9.7  37.2
 1965    8.0   7.1  13.7  36.9  51.7  57.0  62.4  58.5  48.2  42.5  28.3  23.5  36.5
 1966    4.6  12.6  29.1  34.4  44.8  58.3  66.5  57.2  48.5  38.5  25.1  13.8  36.1
 1967   11.1   9.9  27.7  40.1  45.3  58.5  60.2  57.7  49.2  39.9  26.4  18.6  37.1
 1968   11.0  12.5  28.5  38.8  44.7  59.9  62.2  61.7  52.1  42.5  26.5  12.8  37.8
 1969    7.4  18.6  18.3  39.0  51.0  54.0  65.7  62.2  53.3  38.8  26.1  15.9  37.5
 1970    3.3  15.9  22.2  38.2  53.4  59.7  62.5  62.5  53.9  41.4  27.7  16.9  38.1
 1971    6.0  14.3  24.9  38.8  46.0  63.2  59.5  59.7  53.8  46.2  30.7  23.1  38.8
 1972    8.0   9.7  26.5  36.5  50.3  57.6  62.0  61.7  53.5  38.3  28.1  10.1  36.9
 1973   15.1  19.1  34.6  37.2  47.6  59.9  63.9  63.5  54.1  45.9  30.7  12.7  40.4
 1974    9.4  17.2  27.9  39.9  49.4  56.1  66.7  58.6  48.0  42.6  29.7  21.1  38.9
 1975    9.9  11.6  18.5  34.2  49.8  59.1  63.6  61.4  49.6  41.8  32.6  20.9  37.7
 1976   12.5  23.8  28.1  42.2  46.6  57.8  64.3  61.1  52.1  35.1  19.5   9.4  37.7
 1977   -1.1  16.4  32.3  44.0  56.5  61.0  66.4  60.3  55.9  41.4  27.9  12.8  39.5
 1978    1.1   5.0  22.5  40.2  49.3  59.6  64.0  61.5  57.0  39.3  27.5  12.1  36.6
 1979   -1.5   2.9  23.9  34.9  46.6  58.0  62.7  62.5  52.7  40.5  26.9  20.3  35.9
 1980   13.7  13.2  23.2  37.7  48.5  59.5  66.6  63.6  53.5  36.8  28.8  16.4  38.5
 1981   13.8  17.4  27.4  44.5  47.7  60.1  65.4  60.5  52.4  40.3  32.6  15.7  39.8
 1982   -0.3  13.6  24.8  34.8  53.1  55.4  64.5  61.8  53.8  42.3  27.2  21.4  37.7
 1983   17.5  23.4  28.7  34.4  45.4  59.7  66.2  68.1  53.5  42.6  31.6   0.3  39.3
 1984   11.4  25.1  21.5  37.2  47.9  61.2  62.3  62.9  50.9  43.7  29.7  17.7  39.3
 1985    6.9  13.2  30.7  42.7  51.9  55.8  61.5  58.7  53.7  42.2  21.2   5.0  37.0
 1986   18.6  12.9  31.6  40.9  51.4  61.7  66.2  59.0  56.9  42.8  22.4  19.2  40.3
 1987   16.9  23.8  31.2  40.7  54.1  61.3  65.5  60.6  52.0  35.7  32.6  22.1  41.4
 1988    8.6   9.7  23.8  33.3  52.2  60.3  62.3  62.9  52.1  33.7  27.9  16.6  37.0
 1989   20.4   3.5  25.1  37.6  46.0  56.7  63.1  60.1  48.7  38.9  22.5   5.8  35.7
 1990   20.4  16.5  29.7  36.9  46.2  61.1  63.2  62.4  53.5  38.7  30.9  10.3  39.2
 1991    3.4  20.7  29.0  40.7  55.0  62.7  62.3  60.1  51.4  37.6  20.0  20.8  38.6
 1992   19.9  25.6  29.6  35.8  46.9  54.0  59.6  55.6  50.7  38.9  27.4  17.9  38.5
 1993    9.7  12.8  24.8  34.4  49.2  57.1  64.5  63.2  47.7  38.6  24.5  18.2  37.0
 1994    1.7   9.7  24.9  37.0  47.9  60.2  59.0  58.7  52.2  42.8  30.1  18.3  36.9
 1995   12.8  18.5  28.5  35.1  45.8  59.0  62.0  66.6  47.6  39.8  21.5  18.4  38.0
 1996    7.1  15.5  18.2  33.7  48.9  60.3  60.7  60.0  49.8  40.3  23.6  12.2  35.9
 1997    6.5  18.1  26.9  33.2  42.9  58.4  63.8  57.0  49.7  37.7  23.6  19.7  36.5
 1998   15.3  25.1  22.5  36.2  51.9  55.5  63.8  62.5  54.3  41.3  30.0  16.7  39.6
 1999    8.3  21.4  22.6  37.9  47.8  58.7  66.1  57.5  45.0  31.8  28.4  14.5  36.7
 2000   12.5  19.4  28.7  32.8  49.0  54.8  62.0  62.2  47.9  41.3  21.3   0.0  36.0
 MEANS   9.2  15.1  24.8  37.2  48.9  58.5  63.0  60.7  51.2  39.9  26.4  14.8  37.5
 
 THESE ARE THE MONTHLY AVG. MEAN TEMPS 1951-2000 FOR STATION # 385
 YEAR    JAN   FEB  MARCH APRIL  MAY  JUNE  JULY AUGUST SEPT   OCT   NOV   DEC   ANN
  
 1951   18.0  24.0  27.5  44.1  59.6  65.3  70.3  70.2  58.4  50.7  31.0  18.5  44.8
 1952   20.5  31.3  32.2  49.6  58.7  73.5  73.2  69.5  65.6  48.8  37.1  25.2  48.8
 1953   22.1  26.8  37.8  43.7  59.5  73.3  75.1  73.5  65.1  58.1  41.5  29.4  50.5
 1954   18.8  37.1  31.6  52.1  56.2  73.1  79.2  73.0  65.7  50.5  41.6  29.0  50.7
 1955   21.2  19.0  32.4  56.1  62.7  66.3  79.6  76.9  66.3  53.0  30.3  21.1  48.7
 1956   19.6  23.7  34.4  47.1  62.6  74.7  72.0  72.0  62.0  57.4  35.5  26.9  49.0
 1957   14.2  30.8  38.6  48.7  58.5  68.3  78.5  73.5  59.4  47.5  33.1  30.2  48.5
 1958   23.6  15.4  32.2  48.6  62.2  67.1  70.3  73.6  65.2  54.8  39.4  22.8  47.9
 1959   16.0  21.5  35.9  49.0  61.9  71.8  72.2  76.9  62.5  47.7  29.8  32.5  48.1
 1960   18.4  17.4  19.4  50.7  59.5  66.6  71.5  71.8  63.4  51.2  37.0  22.9  45.8
 1961   19.1  27.0  34.9  43.3  57.0  67.7  72.3  70.8  61.1  54.0  36.1  18.2  46.8
 1962   14.2  21.9  29.2  48.0  67.0  68.5  71.9  71.9  60.2  53.7  37.9  23.5  47.3
 1963    8.5  20.0  39.0  52.4  60.4  74.0  75.8  71.5  64.3  61.4  41.7  14.0  48.6
 1964   26.1  27.6  30.7  50.5  66.5  69.7  77.3  69.8  63.7  51.5  40.1  21.2  49.6
 1965   19.2  20.0  23.3  49.5  65.0  69.2  74.2  71.7  58.6  55.0  39.4  33.3  48.2
 1966   13.9  25.0  41.1  45.6  59.5  69.9  78.3  70.0  61.2  52.8  36.7  24.3  48.2
 1967   22.6  22.3  40.7  52.2  58.4  69.2  73.1  71.4  62.5  51.2  37.0  27.6  49.0
 1968   21.0  23.8  43.8  51.8  57.9  73.3  75.0  74.5  64.0  54.8  35.7  21.6  49.8
 1969   16.0  26.6  28.3  52.1  63.0  66.8  76.6  73.8  65.4  49.5  38.7  23.9  48.4
 1970   13.3  28.2  31.9  51.7  66.1  71.8  75.2  74.3  65.3  51.8  36.4  26.5  49.4
 1971   15.7  22.7  34.6  52.3  58.8  75.7  71.9  72.3  67.3  57.8  39.8  29.2  49.8
 1972   18.0  21.2  38.1  49.5  61.8  71.0  73.1  72.5  65.1  49.1  35.0  18.7  47.7
 1973   23.2  26.9  42.6  49.0  59.7  72.5  74.4  74.7  63.6  57.8  39.2  20.9  50.4
 1974   18.4  26.8  40.6  52.9  60.2  68.9  80.4  69.9  60.7  54.5  38.8  29.0  50.1
 1975   20.3  20.4  28.5  45.4  63.3  69.8  75.8  74.8  60.8  56.4  42.4  29.2  48.9
 1976   23.4  35.2  38.6  55.2  59.3  70.0  75.6  73.5  66.0  47.9  32.0  22.2  49.9
 1977   10.4  29.3  43.4  56.9  67.8  73.0  77.9  70.0  65.5  51.5  37.0  21.9  50.4
 1978   10.8  14.8  33.4  49.9  60.6  71.8  75.3  73.8  69.8  52.4  36.2  21.0  47.5
 1979    7.2  13.1  33.4  46.4  59.9  70.4  73.5  72.7  66.3  53.0  36.1  30.9  46.9
 1980   22.5  21.7  34.0  51.7  62.1  71.4  78.7  75.3  67.1  50.3  41.0  26.1  50.2
 1981   26.1  28.9  41.4  58.0  60.5  73.3  75.9  72.3  66.1  50.8  42.0  23.7  51.6
 1982    9.7  23.1  34.9  47.3  63.3  67.1  76.2  72.5  64.3  53.7  36.6  29.8  48.2
 1983   25.2  30.9  37.0  44.2  57.9  71.4  78.9  80.7  67.6  52.9  39.5   7.8  49.5
 1984   19.7  34.3  30.3  47.2  59.6  72.8  74.9  76.0  63.3  53.5  40.2  27.6  49.9
 1985   17.6  22.4  42.4  55.2  65.3  69.0  74.5  70.1  63.5  52.5  29.3  14.7  48.0
 1986   29.2  22.0  43.8  53.8  63.1  73.7  77.1  69.9  66.8  52.9  32.8  26.3  51.0
 1987   26.7  35.5  42.2  54.8  66.7  74.3  76.8  70.6  63.8  48.5  41.6  29.2  52.6
 1988   19.0  21.6  39.2  49.4  66.8  75.2  74.4  76.0  65.4  46.9  38.1  28.1  50.0
 1989   30.5  13.6  35.6  52.3  60.9  68.3  74.4  71.1  60.8  52.7  34.7  15.8  47.6
 1990   31.3  28.7  40.3  49.6  57.3  71.8  72.8  72.4  66.7  52.5  42.2  20.0  50.5
 1991   12.8  31.1  41.1  52.2  65.0  72.9  73.3  71.3  63.5  51.0  28.1  28.6  49.2
 1992   29.5  33.8  41.7  47.9  60.4  67.6  68.9  66.2  62.3  51.1  33.0  25.9  49.0
 1993   18.1  18.8  32.9  45.2  59.8  67.6  72.6  72.3  58.3  49.3  34.0  27.2  46.4
 1994   11.7  19.6  38.9  50.8  61.0  71.0  70.3  70.0  64.7  53.6  39.4  26.8  48.1
 1995   20.1  28.7  37.8  46.4  56.7  69.5  74.1  76.2  60.6  51.1  31.6  25.1  48.2
 1996   16.6  25.5  31.0  48.0  58.1  70.7  70.8  69.8  60.3  52.8  30.6  19.9  46.2
 1997   16.4  25.7  39.2  44.7  55.7  70.8  74.0  68.2  62.7  50.6  32.3  26.3  47.2
 1998   22.4  32.3  29.8  47.3  63.3  65.8  73.5  71.9  67.4  52.8  39.8  28.2  49.5
 1999   17.4  30.9  34.4  48.1  58.7  67.8  75.9  68.4  59.4  48.2  42.5  25.7  48.1
 2000   22.9  30.8  41.4  47.2  62.0  67.2  71.6  73.0  63.9  53.9  30.6   9.4  47.8
 MEANS  19.2  25.2  35.8  49.7  61.2  70.4  74.6  72.4  63.7  52.3  36.6  24.1  48.8
 
 THESE ARE THE MONTHLY PRECIP TOTALS AND NUMBER OF      MISSING DAYS 1951-2000 FOR STATION # 385
 YEAR    JAN   FEB  MARCH APRIL  MAY  JUNE  JULY AUGUST SEPT   OCT   NOV   DEC   ANN
  
 1951   0.45  2.19  3.61  5.96  3.16  5.50  4.32  7.30  2.61  1.35  0.28  1.00 37.73
           0     2     0     0     0    15     0     0     0     2     0     0    19
 1952   0.91  0.44  4.89  0.00  4.42  8.19  4.20 10.65  1.18  0.00  2.18  1.05 38.11
           0     1     0    30     0     0     0     0     0     0     0     0    31
 1953   1.03  0.00  1.73  3.48  0.00  5.43  2.65  3.69  0.48  0.41  1.26  0.00 20.16
           1    28    11     0    31     0     0     0     0     0     0    31   102
 1954   0.00  1.65  1.51  3.13  2.83  4.62  1.19  9.40  0.19  3.69  0.03  0.23 28.47
          31     0     0     0     0     0     0     0     2     0     0     0    33
 1955   0.68  1.51  1.03  4.48  2.27  3.07  3.24  1.56  3.10  0.12  0.32  0.43 21.81
           0     0     0     0     1     0     0     0     0     0     0     0     1
 1956   0.36  0.51  0.24  2.01  3.29  3.54  6.26  5.68  4.42  2.44  4.00  0.43 33.18
           0     0     0     0     0     0     0     0     0     0     0     0     0
 1957   0.56  0.39  2.95  1.12  3.25  8.81  0.92  3.64  5.49  3.81  3.57  0.63 35.14
           1     0     0     0     0     0     0     0     0     0     0     0     1
 1958   1.26  0.97  0.84  1.56  1.31  3.17 19.78  5.92  4.20  0.14  0.92  0.20 40.27
           0     0     0     0     0     0     0     0     0     0     0     0     0
 1959   0.97  1.42  2.91  3.28  8.88  3.79  0.58  2.47  3.09  1.97  1.64  1.69 32.69
           0     0     0     0     0     0     0     0     0     0     0     0     0
 1960   1.82  1.68  2.15  2.65  5.92  5.16  3.59  7.51  2.28  1.03  0.64  0.87 35.30
           0     0     0     0     0     0     0     0     0     0     0     0     0
 1961   0.40  1.25  4.96  2.39  3.39  4.66  3.46  3.14  8.83  1.94  1.68  2.77 38.87
           0     0     0     0     0     0     0     0     0     0     0     0     0
 1962   0.28  2.41  1.41  1.16  6.14  3.92  3.47  2.46  1.75  1.90  0.45  0.43 25.78
           0     0     0     0     0     0     0     0     0     0     0     0     0
 1963   1.20  0.69  2.72  4.17  3.13  3.46  2.90  4.97  3.51  1.37  0.77  0.60 29.49
           0     0     0     0     0     0     0     0     0     0     0     0     0
 1964   0.59  0.32  1.28  9.28  6.35  5.16  6.46  4.29  5.19  0.52  1.87  1.20 42.51
           0     0     0     0     0     0     0     0     0     0     0     0     0
 1965   0.61  1.92  4.02  3.94  5.15  4.54  2.77  4.06 11.56  1.24  0.93  1.59 42.33
           0     0     0     0     0     0     0     0     0     0     0     0     0
 1966   1.46  0.33  1.58  0.94  4.46  5.23  1.49  3.77  0.46  0.47  0.39  0.99 21.57
           0     0     0     0     0     0     0     0     0     0     0     0     0
 1967   1.44  0.54  1.25  2.87  2.39 12.88  2.19  0.91  2.97  1.90  0.56  0.64 30.54
           0     0     0     0     0     0     0     0     0     0     0     0     0
 1968   0.95  0.31  0.93  4.16  2.70  2.31  2.01  4.54  2.67  4.66  1.46  1.89 28.59
           0     0     0     0     0     0     0     0     0     0     0     0     0
 1969   0.95  1.86  1.01  3.14  3.71  5.70  4.73  3.56  0.90  3.66  0.08  1.71 31.01
           0     0     0     0     0     0     0     0     0     0     0     0     0
 1970   0.35  0.30  2.14  1.48  6.49  2.35  2.39  2.87  2.99  3.82  1.57  1.08 27.83
           0     0     0     0     0     0     0     0     0     0     0     0     0
 1971   1.79  3.56  0.98  1.33  5.58  5.57  2.03  2.49  0.78  4.72  3.87  1.26 33.96
           0     0     0     0     0     0     0     0     0     0     0     0     0
 1972   0.76  0.97  0.67  5.21  5.15  1.97  4.57  3.84 10.83  3.19  4.06  1.01 42.23
           0     0     0     0     0     0     0     0     0     0     0     0     0
 1973   2.24  1.16  5.39  5.46  6.99  2.47  8.70  2.57  5.58  3.26  2.39  2.32 48.53
           0     0     0     0     0     0     0     0     0     0     0     0     0
 1974   1.20  0.59  1.02  2.53  5.31  1.14  0.32  5.32  2.86  2.34  0.99  1.04 24.66
           0     0     0     0     0     0     0     0     0     0     0     0     0
 1975   2.55  1.19  1.48  4.69  2.51  7.50  0.48  7.32  3.43  0.12  4.38  0.36 36.01
           0     0     0     0     0     0     0     0     0     0     0     0     0
 1976   0.10  2.11  3.38  5.06  3.91  3.47  1.49  0.28  1.12  1.36  0.03  0.32 22.63
           0     0     0     0     0     0     0     0     0     0     0     0     0
 1977   0.45  0.52  4.40  1.89  2.32  1.89  6.21  5.03  5.46  4.62  1.32  1.03 35.14
           0     0     0     0     0     0     0     0     0     0     0     0     0
 1978   0.24  1.19  0.80  4.84  2.82  1.65  4.90  2.69  9.05  0.87  1.92  1.07 32.04
           0     0     0     0     0     0     0     0     0     0     0     0     0
 1979   1.53  0.43  4.88  3.28  2.56  3.26  7.71  2.34  1.27  3.61  1.84  0.13 32.84
           0     0     0     0     0     0     0     0     0     0     0     0     0
 1980   0.96  0.41  0.84  0.90  3.07  4.07  1.98  7.22  0.34  1.61  0.15  0.45 22.00
           0     0     0     0     0     0     0     0     0     0     0     0     0
 1981   0.42  0.57  1.20  1.18  3.58  3.48  4.94  3.01  3.79  3.03  2.24  1.19 28.63
           0     0     0     0     0     0     0     0     0     0     0     0     0
 1982   2.20  0.28  3.31  1.67  8.14  3.26  4.44  5.46  1.73  2.15  3.18  4.55 40.37
           0     0     0     0     0     0     0     0     0     0     0     0     0
 1983   1.06  1.22  4.49  2.01  5.36  4.22  1.95  2.02  1.91  4.33  4.91  1.11 34.59
           0     0     0     0     0     0     0     0     0     0     0     0     0
 1984   0.58  0.41  2.19  9.92  4.68  7.11  3.26  0.53  3.66  7.62  0.63  2.67 43.26
           0     0     0     0     0     0     0     0     0     0     0     0     0
 1985   0.44  0.84  1.43  2.89  3.25  4.79  2.61  2.05  4.32  3.04  0.73  0.74 27.13
           0     0     0     0     0     0     0     0     0     0     0     0     0
 1986   0.03  1.50  2.54  6.57  5.40  6.50  6.75  4.33  4.69  6.03  0.87  0.74 45.95
           0     0     0     0     0     0     0     0     0     0     0     0     0
 1987   0.00  0.33  2.92  1.94  4.55  1.51  8.62  9.85  2.68  0.75  1.61  0.98 35.74
           0     0     0     0     0     0     0     0     0     0     0     0     0
 1988   0.60  0.06  0.32  1.23  1.62  0.93  4.38  2.89  4.14  0.10  2.18  0.91 19.36
           0     2     0     0     0     0     0     0     0     0     0     1     3
 1989   0.95  0.55  0.32  1.08  3.43  5.69  4.79  2.83  8.96  2.77  0.16  0.19 31.72
           0     0     0     0     0     0     0     0     0     0     0     0     0
 1990   0.17  0.26  5.54  0.73  5.00  8.47  6.29  2.79  1.21  1.77  1.45  0.81 34.49
           1     0     0     0     0     0     0     0     0     0     0     2     3
 1991   1.25  0.22  4.67  7.96  3.95  3.12  2.70  3.28  2.52  2.60  4.54  1.75 38.56
           0     0     0     0     0     0     0     0     0     0     0     0     0
 1992   0.80  1.34  2.59  3.08  1.17  0.88  8.27  3.64  7.02  1.48  2.74  1.93 34.94
           0     0     0     0     0     0     0     0     0     0     0     0     0
 1993   0.78  1.58  2.20  1.57  5.51  6.51  9.70  7.12  2.74  1.53  0.87  0.46 40.57
           0     0     0     0     0     0     0     0     0     0     0     0     0
 1994   0.84  0.56  0.15  2.40  1.37  5.15  1.91  4.24  3.36  2.71  1.27  1.05 25.01
           0     0     0     0     0     0     0     0     0     0     0     0     0
 1995   1.03  0.37  3.44  5.00  5.09  1.61  2.12  3.81  2.96  2.50  0.75  0.60 29.28
           0     0     0     0     0     0     0     0     0     0     0     0     0
 1996   2.11  0.11  2.13  1.82  5.97  8.49  5.15  3.60  3.86  2.78  2.90  0.71 39.63
           0     0     0     0     0     0     0     0     0     0     0     0     0
 1997   0.89  0.68  2.11  4.68  3.06  4.52  1.97  2.68  2.29  3.53  1.73  0.79 28.93
           0     0     0     0     0     0     0     0     0     0     0     0     0
 1998   0.78  2.47  2.60  2.91  6.49 10.50  6.71  3.64  0.98  3.85  1.04  0.21 42.18
           0     0     0     0     0     0     0     0     0     0     0     0     0
 1999   0.85  1.58  0.97  7.63  3.79  8.09  4.53  4.33  0.90  1.31  0.83  1.03 35.84
           0     0     0     0     0     0     0     0     0     0     0     0     0
 2000   0.29  1.69  0.74  1.25  2.23  4.64  2.18  1.58  0.60  2.05  2.12  1.58 20.95
           0     0     0     0     0     0     0     0     0     0     0     0     0
 
 MEANS  0.88  0.99  2.26  3.28  4.06  4.68  4.21  4.10  3.46  2.36  1.65  1.05 32.97
 PRECIPITATION MEANS AND TOTALS ARE BASED ON DATA      AVAILABLE
 NO ATTEMPT WAS MADE TO ESTIMATE MISSING         PRECIPITATION DATA
 *****************************************************************************************
 *****************************************************************************************
 
 THESE ARE THE MONTHLY HEATING DEGREE DAYS 1951-2000 FOR STATION # 385
 YEAR    JAN    FEB   MARCH  APRIL   MAY    JUNE   JULY  AUGUST  SEPT   OCT   NOV   DEC
 
 1951  1458.0 1149.0 1162.0  630.0  183.0   72.0   23.5    9.5  206.5  456.0 1021.5 1441.5
 1952  1379.0  976.5 1015.5  470.0  237.5    9.0    2.0   14.5   82.0  502.0  837.5 1235.0
 1953  1331.0 1069.0  843.0  640.0  219.0   13.0    2.5    0.5  100.5  239.5  706.0 1102.5
 1954  1431.0  782.0 1035.5  401.0  303.0   40.0    0.0    0.5   75.0  466.0  701.5 1117.0
 1955  1358.5 1289.0 1012.0  277.5  112.0   70.0    0.0    3.0  100.5  381.0 1042.0 1361.5
 1956  1407.0 1199.0  949.5  548.5  165.5   16.5    0.5   25.0  144.5  251.5  885.0 1181.5
 1957  1573.5  956.5  818.5  495.0  220.0   23.0    0.0    3.5  182.0  544.0  957.5 1080.0
 1958  1283.5 1388.5 1017.5  496.0  139.5   44.5    8.0   19.5   78.5  331.0  768.5 1307.5
 1959  1519.0 1218.5  902.5  482.0  160.5   20.0    9.5    1.5  170.5  535.5 1057.0 1008.0
 1960  1443.5 1379.5 1414.0  457.0  179.5   31.5    2.0    0.5  140.0  429.5  840.0 1305.5
 1961  1422.5 1064.0  933.5  653.5  267.5   38.0    0.0   10.5  189.0  341.5  866.5 1452.0
 1962  1575.0 1207.5 1110.5  513.5   52.0   30.0   14.5    2.0  181.0  377.5  812.5 1287.0
 1963  1752.0 1259.0  805.5  387.0  183.5    5.0    0.0   21.5   85.0  142.5  700.0 1580.5
 1964  1206.0 1084.0 1062.5  435.5   68.0   34.0    0.0   27.5  130.0  425.5  748.0 1357.0
 1965  1419.5 1259.0 1292.0  473.0   90.5   10.5    0.0   21.5  204.0  321.0  768.5  982.5
 1966  1585.5 1119.0  739.5  582.0  215.5   21.5    0.0   19.5  153.0  382.5  848.5 1262.0
 1967  1315.5 1196.0  758.5  398.0  287.5   20.0   12.5   15.5  108.5  446.0  838.5 1160.0
 1968  1365.0 1196.0  657.5  396.5  236.5   18.5    2.5    1.0   82.5  341.0  878.0 1346.5
 1969  1520.0 1075.5 1136.5  388.0  150.5   49.5    0.0    0.0   58.0  501.5  789.5 1273.5
 1970  1602.5 1029.0 1025.0  425.0   97.5   13.0    5.0    1.5  124.0  423.0  858.5 1193.0
 1971  1529.5 1185.5  941.5  388.5  207.5    1.5   11.0    4.5   91.0  250.5  757.0 1110.5
 1972  1458.0 1271.5  834.0  467.0  164.5   13.5    9.5    7.5  105.5  492.0  901.5 1436.5
 1973  1297.0 1065.5  695.5  482.0  191.0    0.5    2.0    0.0   96.5  241.0  775.5 1368.0
 1974  1446.0 1070.5  756.0  371.5  188.5   33.5    0.0   18.5  173.5  325.5  785.0 1116.5
 1975  1386.5 1249.0 1130.0  587.5  125.5   25.0    5.0    0.0  173.0  288.5  679.0 1111.0
 1976  1288.5  863.5  817.5  307.0  200.5    7.0    0.0    0.5   71.0  543.0  991.5 1328.0
 1977  1692.0  999.5  669.5  266.0   31.5    1.5    0.0    6.5   46.0  417.0  839.5 1337.5
 1978  1679.5 1405.0  982.0  453.0  202.0   17.5    0.0    3.0   55.5  393.0  864.5 1363.0
 1979  1790.5 1454.0  979.0  558.5  197.0   19.0    2.5   13.5   68.5  380.0  868.0 1058.0
 1980  1318.5 1255.0  962.0  418.0  154.0   12.5    0.0    0.0   73.0  458.5  720.5 1204.5
 1981  1204.5 1009.5  731.5  240.5  175.5    0.0   10.5    3.5   66.5  441.5  691.0 1280.5
 1982  1715.0 1172.0  934.5  531.5   97.5   33.0    0.0    5.5  113.5  357.0  851.0 1092.0
 1983  1234.0  953.5  867.0  623.0  242.0   17.0    0.0    0.0   92.0  396.0  769.5 1774.0
 1984  1404.0  891.5 1075.0  535.5  198.0    1.0    0.0    3.0  159.5  359.0  744.0 1159.0
 1985  1469.0 1193.0  702.0  332.0   56.0   27.5    0.0    5.0  193.0  386.5 1071.0 1558.5
 1986  1111.0 1203.0  668.5  345.5  105.5    0.0    0.0   22.0   50.0  375.0  964.5 1198.5
 1987  1186.5  826.0  705.5  343.0   57.5    3.0    0.5   36.5   77.0  511.5  701.5 1110.5
 1988  1426.0 1259.0  798.5  467.0   34.5    7.0    3.0   18.0   81.5  562.0  808.0 1144.5
 1989  1070.0 1438.0  914.5  427.0  184.5   32.5    1.0   10.5  179.0  386.0  909.0 1525.5
 1990  1044.5 1017.0  766.0  489.0  247.5   19.0   10.0    8.5   93.0  398.5  683.0 1394.5
 1991  1617.5  949.0  748.5  397.0  139.5    4.0    3.0    3.5  165.0  438.5 1105.5 1127.0
 1992  1099.0  905.5  723.0  514.0  195.0   22.0   17.0   60.0  139.5  437.0  959.5 1212.5
 1993  1453.0 1293.5  994.5  592.5  188.5   57.5    0.0   16.0  220.0  502.5  930.0 1171.5
 1994  1653.5 1271.0  809.5  450.5  187.0   22.0    7.0   18.0  106.0  357.5  769.0 1184.5
 1995  1392.5 1015.5  844.5  557.0  258.5   30.0   10.0    0.0  180.0  443.0 1002.5 1237.0
 1996  1499.0 1145.5 1054.0  517.5  263.0   31.0    6.0    5.5  187.5  379.5 1030.5 1397.5
 1997  1507.5 1101.5  801.0  609.5  299.5   11.0   10.5   33.5  125.5  492.5  980.5 1200.5
 1998  1322.0  915.0 1090.0  531.5  121.5   98.5    0.0    0.0   54.0  381.5  756.0 1142.0
 1999  1476.0  953.5  949.5  506.5  207.5   55.0    1.5   12.0  219.5  520.0  674.0 1218.0
 2000  1304.0  993.0  731.0  535.5  149.0   53.0   16.0    1.5  151.0  353.5 1031.5 1724.5
 *****************************************************************************************
 MEANS 1449.4 1147.4  925.7  477.5  176.4   25.3    4.3   10.6  126.7  410.6  868.1 1292.1
 
 THESE ARE THE MONTHLY COOLING DEGREE DAYS 1951-2000 FOR STATION # 385
 YEAR    JAN   FEB  MARCH APRIL  MAY  JUNE  JULY AUGUST SEPT   OCT   NOV   DEC   ANN
 
 1951    0.0   0.0   0.0   3.5  15.5  81.0 187.0 170.0   9.0  11.5   0.0   0.0
 1952    0.0   0.0   0.0   7.5  41.0 264.0 257.5 153.0  99.0   1.0   0.0   0.0
 1953    0.0   0.0   0.0   0.0  49.0 262.5 316.0 265.5 104.5  24.5   0.0   0.0
 1954    0.0   0.0   0.0  13.5  30.0 282.0 440.0 248.0  97.0  17.5   0.0   0.0
 1955    0.0   0.0   0.0  10.5  41.5 109.0 452.5 373.0 139.5   7.5   0.0   0.0
 1956    0.0   0.0   0.0  10.5  91.5 308.5 216.5 241.5  55.5  14.5   0.0   0.0
 1957    0.0   0.0   0.0   6.5  19.0 123.0 420.0 267.0  15.0   0.0   0.0   0.0
 1958    0.0   0.0   0.0   3.5  54.0 106.0 171.0 285.0  85.5  14.5   0.0   0.0
 1959    0.0   0.0   0.0   1.5  65.5 222.5 233.0 370.0  97.0   0.0   0.0   0.0
 1960    0.0   0.0   0.0  28.5   9.5  78.0 202.5 212.0  92.5   3.0   0.0   0.0
 1961    0.0   0.0   0.0   4.0  19.0 118.5 227.5 191.5  73.0   1.5   0.0   0.0
 1962    0.0   0.0   0.0   4.5 115.5 136.0 227.5 216.0  36.5  26.0   0.0   0.0
 1963    0.0   0.0   0.0   9.0  40.0 275.0 335.0 223.0  64.0  32.0   0.0   0.0
 1964    0.0   0.0   0.0   1.5 113.0 175.0 381.5 177.0  91.0   6.0   0.0   0.0
 1965    0.0   0.0   0.0   7.5  89.0 135.0 286.5 228.0  11.0  11.0   0.0   0.0
 1966    0.0   0.0   0.0   0.5  45.5 169.5 412.0 173.0  38.0   4.5   0.0   0.0
 1967    0.0   0.0   6.5  14.0  83.0 146.5 262.5 214.5  32.0  18.0   0.0   0.0
 1968    0.0   0.0   1.5   0.0  15.5 269.0 313.0 296.0  51.0  25.0   0.0   0.0
 1969    0.0   0.0   0.0   0.0  89.0 102.5 359.0 273.5  69.0  19.5   0.0   0.0
 1970    0.0   0.0   0.0  27.0 130.5 217.5 321.0 291.0 133.0  13.5   0.0   0.0
 1971    0.0   0.0   0.0   8.0  16.5 323.5 224.0 231.0 161.5  28.0   0.0   0.0
 1972    0.0   0.0   0.0   2.0  64.0 192.5 261.0 241.5 107.5   0.0   0.0   0.0
 1973    0.0   0.0   0.0   0.5  26.0 224.5 292.5 300.0  55.5  17.0   0.0   0.0
 1974    0.0   0.0   0.0   7.5  39.5 149.5 477.0 169.5  45.5   1.0   0.0   0.0
 1975    0.0   0.0   0.0   0.0  74.0 168.0 340.5 304.0  47.0  22.0   0.0   0.0
 1976    0.0   0.0   0.0  11.5  23.0 156.0 328.5 265.5 100.0  12.5   0.0   0.0
 1977    0.0   0.0   0.0  22.5 119.0 242.0 401.0 160.0  60.5   0.0   0.0   0.0
 1978    0.0   0.0   1.5   0.0  65.5 221.0 319.5 276.5 199.5   3.0   0.0   0.0
 1979    0.0   0.0   0.0   0.0  38.5 181.5 266.5 253.5 106.5   8.5   0.0   0.0
 1980    0.0   0.0   0.0  18.5  63.0 206.0 426.0 319.5 136.5   3.0   0.0   0.0
 1981    0.0   0.0   0.0  29.5  35.5 249.5 347.5 229.0 100.0   0.0   0.0   0.0
 1982    0.0   0.0   0.0   2.0  46.0  97.0 347.5 238.5  93.0   7.5   0.0   0.0
 1983    0.0   0.0   0.0   0.0  21.0 208.0 431.0 485.5 169.0  20.0   4.5   0.0
 1984    0.0   0.0   0.0   1.0  31.5 234.0 307.0 343.5 107.5   2.5   0.0   0.0
 1985    0.0   0.0   0.0  37.0  65.0 146.5 293.5 163.0 148.5   0.0   0.0   0.0
 1986    0.0   0.0  10.0  10.0  48.0 261.5 374.5 175.0 104.5   0.5   0.0   0.0
 1987    0.0   0.0   0.0  37.5 111.0 283.5 365.0 211.5  42.0   0.0   0.0   0.0
 1988    0.0   0.0   0.0   0.0  89.0 314.5 295.5 359.5  93.5   0.5   0.0   0.0
 1989    0.0   0.0   3.0  46.0  56.5 132.5 292.5 199.0  53.0   4.0   0.0   0.0
 1990    0.0   0.0   0.0  26.5   9.0 224.5 251.5 238.5 143.5  12.0   0.5   0.0
 1991    0.0   0.0   6.5  12.5 138.5 242.0 259.0 200.0 120.5   3.5   0.0   0.0
 1992    0.0   0.0   0.0   0.0  52.0  99.0 138.5  96.5  57.5   5.5   0.0   0.0
 1993    0.0   0.0   0.0   0.0  28.0 136.0 236.5 243.5  18.5  15.5   0.0   0.0
 1994    0.0   0.0   0.0  25.5  64.5 202.5 170.5 171.5  96.0   5.5   0.0   0.0
 1995    0.0   0.0   0.0   0.0   0.0 165.5 291.5 347.0  48.0  11.5   0.0   0.0
 1996    0.0   0.0   0.0   8.0  48.5 201.5 185.0 155.0  47.5   1.5   0.0   0.0
 1997    0.0   0.0   0.0   0.0  10.5 184.0 288.0 131.5  57.5  46.0   0.0   0.0
 1998    0.0   0.0   0.0   0.0  68.0 121.0 263.5 215.0 126.5   3.0   0.0   0.0
 1999    0.0   0.0   0.0   0.0  12.5 140.5 340.5 118.0  51.5   0.0   0.0   0.0
 2000    0.0   0.0   0.5   0.0  54.5 118.5 220.0 249.5 118.5   8.5   0.0   0.0
 *****************************************************************************************
 MEANS   0.0   0.0   0.6   9.4  54.6 192.0 307.2 243.9  85.9  10.1   0.1   0.0
 
 THESE ARE THE HEAT STRESS VARIABLES 1951-2000 FOR STATION # 385
             # OF DAYS MAXT >86                           HEAT INDEX
 YEAR   MAY  JUNE  JULY   AUG  SEPT  TOTAL     MAY    JUNE   JULY   AUG    SEPT  TOTAL
 1951   0.0   1.0   7.0   5.0   0.0   13.0      0.0    1.0   22.0   17.0    0.0   40.0
 1952   2.0  15.0  12.0   1.0   2.0   32.0      3.0   72.0   47.0    1.0    4.0  127.0
 1953   3.0  12.0  20.0  11.0   7.0   53.0     10.0   66.0   96.0   70.0   50.0  292.0
 1954   0.0  15.0  26.0  10.0   6.0   57.0      0.0   85.0  243.0   44.0   23.0  395.0
 1955   2.0   3.0  26.0  27.0  11.0   69.0      3.0   11.0  227.0  230.0   82.0  553.0
 1956   6.0  18.0  11.0  12.0   5.0   52.0     12.0  125.0   53.0   68.0   13.0  271.0
 1957   0.0   5.0  23.0  13.0   0.0   41.0      0.0   13.0  156.0   82.0    0.0  251.0
 1958   2.0   5.0   1.0  16.0   1.0   25.0      5.0   18.0    3.0   84.0    1.0  111.0
 1959   1.0  12.0  11.0  21.0   4.0   49.0      1.0   52.0   36.0  104.0   17.0  210.0
 1960   0.0   2.0  15.0  11.0   6.0   34.0      0.0    6.0   51.0   32.0   29.0  118.0
 1961   0.0   6.0  15.0  15.0   3.0   39.0      0.0   19.0   70.0   43.0    8.0  140.0
 1962   5.0   7.0  12.0  16.0   2.0   42.0      8.0   17.0   45.0   69.0    4.0  143.0
 1963   2.0  17.0  21.0  12.0   2.0   54.0      7.0   90.0  102.0   56.0    3.0  258.0
 1964   6.0   8.0  23.0   6.0   5.0   48.0     13.0   16.0  141.0   43.0   11.0  224.0
 1965   3.0   6.0  13.0  16.0   0.0   38.0     10.0   11.0   52.0   74.0    0.0  147.0
 1966   5.0   8.0  24.0   7.0   0.0   44.0     21.0   22.0  157.0   24.0    0.0  224.0
 1967   6.0   1.0  15.0  12.0   0.0   34.0     53.0    3.0   73.0   35.0    0.0  164.0
 1968   2.0  20.0  19.0  17.0   0.0   58.0      6.0   97.0   98.0  107.0    0.0  308.0
 1969   5.0   4.0  18.0  13.0   0.0   40.0     13.0   14.0  102.0   30.0    0.0  159.0
 1970   5.0  13.0  20.0  15.0   8.0   61.0     15.0   57.0  106.0   71.0   40.0  289.0
 1971   0.0  20.0   8.0  11.0  13.0   52.0      0.0  105.0   34.0   43.0   42.0  224.0
 1972   2.0  11.0  10.0  13.0   5.0   41.0      2.0   55.0   45.0   78.0   17.0  197.0
 1973   0.0  13.0  15.0  16.0   0.0   44.0      0.0   56.0   50.0   43.0    0.0  149.0
 1974   0.0   8.0  29.0   5.0   0.0   42.0      0.0   50.0  258.0   18.0    0.0  326.0
 1975   4.0   5.0  23.0  19.0   3.0   54.0     13.0   17.0  108.0  117.0   13.0  268.0
 1976   1.0   4.0  14.0  15.0   6.0   40.0      1.0   15.0   73.0   70.0   19.0  178.0
 1977   3.0  10.0  19.0   1.0   0.0   33.0      4.0   68.0  138.0    1.0    0.0  211.0
 1978   2.0  12.0  18.0  14.0  13.0   59.0      5.0   61.0   92.0   62.0   69.0  289.0
 1979   2.0   8.0   9.0  12.0   4.0   35.0      3.0   21.0   37.0   52.0    9.0  122.0
 1980   2.0   8.0  25.0  19.0   9.0   63.0      4.0   56.0  176.0   89.0   36.0  361.0
 1981   0.0  14.0  18.0   8.0   6.0   46.0      0.0   67.0   93.0   25.0   18.0  203.0
 1982   0.0   3.0  21.0   8.0   1.0   33.0      0.0   12.0   80.0   46.0    1.0  139.0
 1983   2.0   9.0  28.0  28.0  12.0   79.0      6.0   46.0  179.0  228.0   56.0  515.0
 1984   1.0   5.0  20.0  21.0   5.0   52.0      1.0   22.0   86.0  122.0   30.0  261.0
 1985   1.0   8.0  19.0   6.0   8.0   42.0      1.0   42.0   79.0   18.0   29.0  169.0
 1986   2.0  14.0  20.0   3.0   0.0   39.0      2.0   67.0   87.0    9.0    0.0  165.0
 1987   6.0  16.0  17.0   6.0   0.0   45.0     12.0   97.0  100.0   41.0    0.0  250.0
 1988   3.0  16.0  16.0  18.0   6.0   59.0      8.0  159.0   87.0  165.0   10.0  429.0
 1989   4.0   4.0  13.0   5.0   1.0   27.0     16.0   12.0   62.0   18.0    1.0  109.0
 1990   0.0  10.0   9.0  11.0  12.0   42.0      0.0   43.0   50.0   30.0   30.0  153.0
 1991   4.0  11.0  13.0   9.0   2.0   39.0      7.0   36.0   54.0   25.0    3.0  125.0
 1992   1.0   4.0   2.0   1.0   0.0    8.0      1.0    4.0    6.0    1.0    0.0   12.0
 1993   0.0   2.0   3.0   6.0   1.0   12.0      0.0    2.0    6.0   14.0    2.0   24.0
 1994   2.0   8.0   4.0   4.0   4.0   22.0      5.0   20.0   11.0   12.0   10.0   58.0
 1995   0.0   9.0  13.0  16.0   0.0   38.0      0.0   26.0   90.0   60.0    0.0  176.0
 1996   3.0   8.0   5.0   1.0   0.0   17.0      6.0   27.0   13.0    2.0    0.0   48.0
 1997   1.0   8.0  15.0   3.0   3.0   30.0      1.0   26.0   44.0   13.0    7.0   91.0
 1998   2.0   4.0   7.0   6.0   7.0   26.0      7.0   16.0   18.0   18.0   19.0   78.0
 1999   0.0   4.0  18.0   1.0   3.0   26.0      0.0    9.0   79.0    1.0    7.0   96.0
 2000   3.0   4.0   6.0   9.0  10.0   32.0     11.0   12.0   14.0   39.0   67.0  143.0
 *****************************************************************************************
 MEANS  2.2   8.9  15.7  11.2   4.0   42.0      6.0   41.7   84.2   55.9   16.0  203.8
