 
 THIS IS FOR STATION NUMBER 1533 1951-> 2000
                                 # OF PRECIPITATION EVENTS - % IN PARENS
 CL                   MAX   MEAN  0.01-  0.26-  0.51-  1.01-          # OF DAYS
 WK    TIME PERIOD    VAL   RAIN    0.25   0.51   1.00   2.00  >2.01 MISSING TOTAL
  1 3/1-->3/7        1.05   0.43  51(62) 13(16) 16(19)  1( 1)  0( 0)    0       81
  2 3/8-->3/14       1.68   0.49  46(58) 14(17) 16(20)  3( 3)  0( 0)    0       79
  3 3/15-->3/21      2.90   0.54  47(58) 16(19) 12(14)  5( 6)  1( 1)    0       81
  4 3/22-->3/28      1.73   0.55  49(57) 18(21) 10(11)  8( 9)  0( 0)    0       85
  5 3/29-->4/4       1.86   0.63  63(61) 20(19) 13(12)  6( 5)  0( 0)    0      102
  6 4/5-->4/11       2.62   0.47  58(65) 17(19)  9(10)  3( 3)  1( 1)    0       88
  7 4/12-->4/18      3.25   0.89  73(57) 24(18) 22(17)  7( 5)  1( 0)    0      127
  8 4/19-->4/25      3.03   0.74  70(58) 25(21) 16(13)  7( 5)  1( 0)    0      119
  9 4/26-->5/2       4.40   0.99  73(58) 15(12) 24(19) 10( 8)  2( 1)    0      124
 10 5/3-->5/9        2.80   1.03  67(51) 28(21) 22(16) 10( 7)  3( 2)    1      130
 11 5/10-->5/16      2.76   0.89  48(45) 26(24) 23(21)  7( 6)  2( 1)    0      106
 12 5/17-->5/23      2.88   1.20  52(42) 26(21) 27(22) 13(10)  3( 2)    0      121
 13 5/24-->5/30      3.44   1.17  74(54) 18(13) 29(21) 10( 7)  5( 3)    0      136
 14 5/31-->6/6       1.77   0.81  59(55) 20(18) 15(14) 13(12)  0( 0)    0      107
 15 6/7-->6/13       2.04   1.18  58(46) 24(19) 24(19) 18(14)  2( 1)    0      126
 16 6/14-->6/20      3.01   1.18  53(46) 20(17) 22(19) 17(14)  3( 2)    0      115
 17 6/21-->6/27      5.38   1.32  50(43) 22(19) 24(21) 13(11)  5( 4)    0      114
 18 6/28-->7/4       4.48   1.32  36(34) 21(20) 27(26) 12(11)  7( 6)    0      103
 19 7/5-->7/11       7.60   1.24  45(42) 23(21) 19(18) 13(12)  5( 4)    0      105
 20 7/12-->7/18      2.50   1.04  57(51) 17(15) 17(15) 17(15)  2( 1)    0      110
 21 7/19-->7/25      5.05   1.29  50(48) 16(15) 15(14) 16(15)  7( 6)    0      104
 22 7/26-->8/1       3.65   0.78  43(50) 19(22) 13(15)  9(10)  2( 2)    1       86
 23 8/2-->8/8        2.90   0.82  51(51) 20(20) 17(17)  8( 8)  3( 3)    7       99
 24 8/9-->8/15       4.77   0.99  61(54) 18(16) 18(16) 11( 9)  3( 2)    7      111
 25 8/16-->8/22      2.22   1.06  39(41) 16(16) 20(21) 17(17)  3( 3)    7       95
 26 8/23-->8/29      3.70   0.82  47(55) 11(13) 14(16)  9(10)  3( 3)    7       84
 27 8/30-->9/5       4.65   1.08  56(50) 21(19) 17(15) 11(10)  5( 4)    2      110
 28 9/6-->9/12       4.28   1.06  44(48) 13(14) 18(19) 10(10)  6( 6)    0       91
 29 9/13-->9/19      2.90   0.90  47(50) 16(17) 15(16) 11(11)  4( 4)    0       93
 30 9/20-->9/26      2.17   0.89  54(51) 18(17) 18(17) 13(12)  1( 0)    0      104
 31 9/27-->10/3      1.90   0.52  43(57) 10(13) 17(22)  5( 6)  0( 0)    0       75
 32 10/4-->10/10     3.08   0.67  36(47) 15(19) 16(21)  8(10)  1( 1)    0       76
 33 10/11-->10/17    3.15   0.59  27(43) 15(24) 11(17)  7(11)  2( 3)    0       62
 34 10/18-->10/24    2.76   0.57  50(59) 17(20) 11(13)  4( 4)  2( 2)    0       84
 35 10/25-->10/31    2.10   0.49  37(53) 17(24) 10(14)  4( 5)  1( 1)    0       69
 36 11/1-->11/7      1.77   0.62  46(54) 18(21) 13(15)  8( 9)  0( 0)    0       85
 37 11/8-->11/14     1.96   0.42  40(62)  7(10) 12(18)  5( 7)  0( 0)    0       64
 38 11/15-->11/21    2.55   0.55  36(53) 10(14) 15(22)  5( 7)  1( 1)    0       67
 39 11/22-->11/28    1.42   0.24  40(71) 10(17)  5( 8)  1( 1)  0( 0)    0       56
 40 11/29-->12/5     2.00   0.32  45(71)  7(11)  7(11)  3( 4)  1( 1)    5       63
 41 12/6-->12/12     1.15   0.25  58(80)  8(11)  5( 6)  1( 1)  0( 0)    7       72
 42 12/13-->12/19    1.65   0.24  38(69)  8(14)  8(14)  1( 1)  0( 0)    7       55
 43 12/20-->12/26    1.20   0.20  35(67) 14(26)  2( 3)  1( 1)  0( 0)    7       52
 44 12/27-->1/2      1.60   0.25  46(77)  7(11)  4( 6)  2( 3)  0( 0)    9       59
 45 1/3-->1/9        1.15   0.19  31(70)  8(18)  4( 9)  1( 2)  0( 0)   14       44
 46 1/10-->1/16      1.26   0.19  27(69)  8(20)  2( 5)  2( 5)  0( 0)   14       39
 47 1/17-->1/23      0.75   0.21  38(70) 10(18)  6(11)  0( 0)  0( 0)   15       54
 48 1/24-->1/30      0.75   0.17  46(80)  9(15)  2( 3)  0( 0)  0( 0)   14       57
 49 1/31-->2/6       1.40   0.25  39(69) 11(19)  5( 8)  1( 1)  0( 0)    8       56
 50 2/7-->2/13       0.56   0.16  43(78) 10(18)  2( 3)  0( 0)  0( 0)    7       55
 51 2/14-->2/20      1.99   0.31  51(76)  6( 8)  7(10)  3( 4)  0( 0)    7       67
 52 2/21-->2/27      1.22   0.31  50(70) 12(16)  7( 9)  2( 2)  0( 0)    7       71
 53 2/28-->2/29      0.50   0.03   9(81)  1( 9)  1( 9)  0( 0)  0( 0)    1       11
 ANNUAL TOTALS       7.60   2532(55)813(17)724(15)372( 8) 88( 1)  154     4529
 
 THESE ARE THE MONTHLY AVERAGES FOR 1951-->2000 FOR STATION NUMBER 1533
   JAN  FEB  MAR  APR  MAY  JUN  JUL  AUG  SPT  OCT  NOV  DEC  ANNUAL
   0.85 1.04 2.28 3.24 4.64 4.91 4.91 4.27 3.91 2.48 1.97 1.04 35.54  <-- PRECIP
  
   22.1 28.4 38.9 52.2 63.5 72.9 77.4 75.1 66.2 54.7 39.4 27.1  55.8  <-- TEMP
 
 TWELVE SIGNIFICANT RAINFALL EVENTS  
 MONTH  DAY  YEAR   AMOUNT
   7      9  1987     7.60
   6     24  2000     5.38
   7      6  2000     5.33
   7     22  1962     5.05
   8      9  1977     4.77
   8     31  1980     4.65
   7      2  1958     4.48
   4     29  1963     4.40
   9     12  1961     4.28
   7     25  1979     4.02
   8     28  1977     3.70
   8      1  1999     3.65
 
 GROWING DEGREE DAYS FOR 4 BASE TEMPS FOR STATION NUMBER  1533
               MARCH                       APRIL  
     ****************************  ******************* ******** 
 YEAR  40-86  48-86  50-86  52-86   40-86  48-86  50-86  52-86  
     ****************************  ******************* ******** 
 1951    114     53     44     36    310    175    148    125
 1952    114     62     52     42    395    258    230    203
 1953    205    111     92     75    300    167    141    117
 1954    131     50     37     27    530    348    309    271
 1955    180    101     85     72    568    385    349    315
 1956    205    114     96     82    402    266    235    207
 1957    158     74     63     54    401    248    217    190
 1958     84     30     21     14    403    242    210    180
 1959    187     93     77     63    382    237    206    181
 1960     35     18     14     10    452    289    254    222
 1961    140     60     46     35    322    185    160    137
 1962    119     62     51     42    409    263    231    203
 1963    240    136    120    105    442    284    250    218
 1964    163     82     68     56    470    298    264    232
 1965     36      8      5      4    422    267    235    205
 1966    294    182    158    134    320    188    161    137
 1967    276    179    160    142    467    294    258    225
 1968    346    218    192    169    485    316    281    246
 1969    122     69     59     51    441    281    249    218
 1970    114     47     36     29    464    311    279    250
 1971    155     89     75     64    496    329    294    261
 1972    227    131    110     93    402    253    223    196
 1973    191     70     52     38    376    237    207    177
 1974    255    147    126    111    475    314    279    244
 1975    117     63     53     45    368    224    194    168
 1976    210    116     99     83    497    327    291    255
 1977    285    157    131    108    546    365    325    290
 1978    136     84     72     63    381    224    193    167
 1979    136     67     54     43    343    208    178    151
 1980    117     55     44     34    403    262    232    204
 1981    257    148    126    107    598    400    357    318
 1982    161     72     58     46    363    225    197    173
 1983    162     90     76     63    260    146    123    104
 1984     69     19     11      6    295    153    130    108
 1985    250    134    111     89    529    348    310    274
 1986    317    196    172    152    509    340    302    265
 1987    251    146    124    103    482    324    291    262
 1988    286    182    158    136    369    234    205    177
 1989    206    131    114     99    463    311    277    244
 1990    199    102     83     65    367    224    192    164
 1991    262    160    138    117    439    269    236    206
 1992    261    141    120    100    322    189    165    145
 1993    113     54     43     34    263    157    135    115
 1994    230    131    114     97    390    253    227    202
 1995    222    137    118    102    281    164    140    119
 1996    134     65     52     41    332    206    179    155
 1997    215    117     96     78    283    168    144    123
 1998    108     58     50     44    339    197    169    143
 1999    169     94     76     60    346    195    168    142
 2000    261    146    124    103    366    232    202    176
     ****************************  ******************* ******** 
 MEAN  184.8  101.3   85.4   71.6  405.7  255.8  224.9  196.4
 STDV   72.7   49.5   44.4   39.4   82.3   64.3   59.9   55.3
 
               MAY                         JUNE   
     ****************************  ******************* ******** 
 YEAR  40-86  48-86  50-86  52-86   40-86  48-86  50-86  52-86  
     ****************************  ******************* ******** 
 1951    715    497    445    396    799    564    507    451
 1952    679    460    413    369   1049    811    752    695
 1953    622    424    379    337   1014    774    714    655
 1954    567    381    341    301    996    758    699    642
 1955    765    534    481    432    832    598    545    493
 1956    782    560    510    464    999    767    709    651
 1957    646    425    377    334    879    642    585    529
 1958    745    518    469    421    858    619    562    507
 1959    746    518    464    411    944    704    645    588
 1960    688    482    435    389    866    626    569    512
 1961    615    407    363    320    880    641    586    534
 1962    912    675    617    561    895    655    596    540
 1963    704    478    426    376   1027    787    727    667
 1964    843    602    548    494    916    682    626    571
 1965    840    608    553    498    910    670    610    551
 1966    658    457    415    375    913    674    615    559
 1967    590    393    351    313    888    650    594    538
 1968    601    390    347    308    968    728    669    612
 1969    743    516    465    417    845    614    559    504
 1970    834    604    549    496    930    690    630    572
 1971    611    409    364    321   1035    795    735    675
 1972    690    470    422    378    929    692    635    579
 1973    641    432    386    344    959    720    661    602
 1974    712    496    450    405    867    629    575    522
 1975    769    542    493    448    931    692    634    578
 1976    630    431    385    343    919    680    623    568
 1977    877    635    577    519    981    741    683    625
 1978    648    437    391    346    948    710    652    596
 1979    687    481    434    390    912    676    619    563
 1980    709    493    451    413    944    704    646    588
 1981    620    414    370    328    957    717    657    600
 1982    739    502    445    390    815    578    520    465
 1983    577    366    322    283    925    688    631    575
 1984    603    395    350    307    977    738    679    620
 1985    820    580    524    468    895    655    598    542
 1986    747    513    461    410   1018    778    718    658
 1987    834    595    538    483    986    748    690    632
 1988    819    578    521    468    996    759    701    643
 1989    650    450    405    363    842    605    550    496
 1990    545    345    301    258    939    704    646    588
 1991    798    571    518    467    992    752    692    632
 1992    659    448    403    360    836    598    539    485
 1993    628    398    353    309    849    610    554    499
 1994    678    466    418    375    931    691    631    571
 1995    493    280    238    202    879    639    580    522
 1996    587    367    321    277    915    680    622    565
 1997    504    317    279    245    927    687    627    569
 1998    772    535    480    428    837    601    545    491
 1999    606    389    341    297    874    636    578    520
 2000    732    510    460    415    844    612    557    504
     ****************************  ******************* ******** 
 MEAN  693.9  475.8  427.2  381.3  921.6  683.7  625.8  569.2
 STDV   97.4   85.8   81.4   76.6   62.5   61.7   60.7   59.2
 
               JULY                        AUGUST 
     ****************************  ******************* ******** 
 YEAR  40-86  48-86  50-86  52-86   40-86  48-86  50-86  52-86  
     ****************************  ******************* ******** 
 1951   1018    770    708    647   1014    766    705    644
 1952   1048    800    738    677    969    721    660    599
 1953   1066    818    756    694   1005    757    695    635
 1954   1160    912    850    788   1063    815    753    691
 1955   1163    915    853    791   1066    818    757    697
 1956   1043    795    733    671   1044    799    739    680
 1957   1146    898    836    774   1037    789    728    667
 1958   1002    754    692    630   1021    776    715    654
 1959   1001    753    692    632   1109    861    799    737
 1960   1002    755    694    633   1028    780    718    656
 1961   1031    783    721    659    976    728    666    605
 1962   1022    774    713    652    993    745    686    627
 1963   1106    858    796    734   1004    756    694    633
 1964   1120    872    810    748    912    668    610    552
 1965   1055    807    745    683    986    738    676    615
 1966   1133    885    823    761    935    689    628    569
 1967    994    746    685    627    951    706    649    593
 1968   1055    807    746    685   1033    785    723    662
 1969   1104    856    794    732   1043    795    733    671
 1970   1051    803    742    681   1055    807    745    683
 1971    991    747    687    627    984    738    678    618
 1972   1022    777    716    656    995    748    687    626
 1973   1036    788    726    664   1057    809    747    685
 1974   1111    863    801    739    939    693    633    577
 1975   1078    830    769    709   1083    835    773    711
 1976   1073    825    763    701   1028    780    719    658
 1977   1105    857    795    733    970    722    660    598
 1978   1057    809    747    685   1009    761    700    641
 1979   1010    762    700    638   1003    755    693    632
 1980   1142    894    832    770   1087    839    777    715
 1981   1066    818    756    694    961    713    653    595
 1982   1112    864    802    740    978    730    669    608
 1983   1133    885    823    761   1165    917    855    793
 1984   1050    802    740    678   1071    823    762    701
 1985   1079    831    769    707    968    720    658    596
 1986   1114    866    804    742    885    642    584    528
 1987   1094    846    784    722    957    710    650    590
 1988   1056    808    746    684   1072    827    768    710
 1989   1059    811    749    687    997    750    690    631
 1990   1023    775    713    651   1006    758    696    635
 1991   1043    795    733    671    995    747    685    623
 1992    960    712    650    588    847    601    543    486
 1993   1034    786    724    662   1026    778    716    654
 1994    984    736    674    613    932    684    624    566
 1995   1072    824    762    701   1105    857    795    733
 1996   1001    753    692    631    985    737    675    613
 1997   1037    790    729    668    932    684    622    560
 1998   1060    812    750    688   1009    761    699    637
 1999   1086    838    776    714    936    688    626    565
 2000   1015    767    705    643   1059    811    749    687
     ****************************  ******************* ******** 
 MEAN 1060.7  812.9  751.1  689.5 1006.0  758.6  697.6  637.2
 STDV   49.2   49.1   48.9   48.6   60.1   59.6   58.9   57.9
 
               SEPTEMBER                   OCTOBER
     ****************************  ******************* ******** 
 YEAR  40-86  48-86  50-86  52-86   40-86  48-86  50-86  52-86  
     ****************************  ******************* ******** 
 1951    657    446    399    354    393    258    231    206
 1952    773    562    514    466     72     48     42     36
 1953    778    573    529    487    555    395    361    327
 1954    854    622    568    517    477    300    262    227
 1955    833    613    563    515    288    192    170    150
 1956    766    559    515    472    669    470    428    389
 1957    646    439    395    353    348    198    167    138
 1958    806    578    524    474    498    345    309    276
 1959    728    517    470    423    337    197    166    139
 1960    768    557    507    460    341    235    211    190
 1961    659    452    406    362    344    235    213    191
 1962    672    471    427    384    468    322    287    254
 1963    798    566    510    455    723    504    454    409
 1964    740    523    472    422    126     83     74     65
 1965    694    474    425    379    429    285    255    225
 1966    667    446    399    355    296    206    184    164
 1967    697    481    429    380    195    125    108     94
 1968    770    538    486    438    486    320    284    251
 1969    804    570    515    464    257    179    163    147
 1970    761    542    491    441    227    149    132    115
 1971    785    570    521    473    568    382    341    302
 1972    787    566    513    463    300    198    177    158
 1973    739    509    454    401    561    379    342    305
 1974    651    455    412    375      0      0      0      0
 1975    644    439    395    353    479    343    313    283
 1976    772    548    497    451    138     92     82     73
 1977    798    560    507    455    421    250    211    177
 1978    865    632    577    526    439    283    249    215
 1979    773    555    509    465    202    138    124    111
 1980    795    574    523    473    206    135    122    111
 1981    747    526    474    428    330    189    161    137
 1982    752    530    479    428    340    215    191    169
 1983    838    616    564    513    477    286    248    217
 1984    726    519    469    420      0      0      0      0
 1985    749    539    491    443    481    284    244    208
 1986    844    612    555    499    187    107     92     77
 1987    734    511    460    414     40     30     28     26
 1988    781    557    507    459     62     39     34     30
 1989    640    442    398    355    281    185    168    151
 1990    835    613    560    510    347    227    202    178
 1991    761    563    515    471    294    194    175    159
 1992    681    475    431    388    262    171    152    136
 1993    559    352    306    266    174    121    110     99
 1994    729    514    466    421    429    278    243    209
 1995    671    471    424    378    430    270    236    205
 1996    651    440    395    353    445    290    254    220
 1997    739    521    474    431    398    285    260    236
 1998    855    623    571    519    486    316    279    244
 1999    642    453    411    372     39     27     24     21
 2000    741    542    498    455    116     74     66     60
     ****************************  ******************* ******** 
 MEAN  743.4  527.5  478.3  431.4  329.5  216.9  192.9  170.5
 STDV   69.0   61.7   59.2   56.7  172.5  117.4  105.6   94.6
 
 DAILY RECORD HIGHS AND LOWS OCCURRING DURING 1951-2000 FOR STATION NUMBER 1533
     JAN     FEB    MARCH   APRIL    MAY     JUNE    JULY    AUG     SEPT    OCT     NOV     DEC
 DY MX  MN  MX  MN  MX  MN  MX  MN  MX  MN  MX  MN  MX  MN  MX  MN  MX  MN  MX  MN  MX  MN  MX  MN
  1  56 -17  67 -20  68 -24  90  20  91  28  93  40 100  49 100  54 102  43  94  28  77  15  63   1
  2  58 -13  62 -24  78  -4  87  13  95  27  91  38 101  48 102  51  97  45  94  26  79  10  65  -1
  3  57 -11  67 -24  80   1  82   6  89  26  95  40  98  49 100  48  98  36  91  27  77   6  63   1
  4  53 -17  59 -22  71 -13  74  18  91  32  93  41 100  48 101  46  97  39  93  25  75   1  65   4
  5  61 -21  58 -18  70 -24  80  20  94  32 100  43 101  42  98  49  95  36  92  24  71   2  66  -1
  6  55 -17  62 -13  74 -17  90  13  88  33  97  42 103  50  99  51  97  40  91  21  78  10  61  -6
  7  48 -18  61 -10  74  -6  86  19  95  31  95  48  98  52  99  46  97  36  90  19  73  -5  59  -7
  8  55 -13  63 -21  77  -6  83  18  90  28  98  45  99  53 100  47  97  35  84  21  76  -5  64  -9
  9  55 -17  60 -17  77  -3  85  21  90  31  97  44 100  51  99  47 100  43  85  18  79   0  53  -7
 10  50 -22  61 -11  75  -3  88  20  91  32  97  44 101  49  98  51  91  39  90  18  75   9  59  -6
 11  58 -14  72 -19  84  -2  86  20  89  29  97  46 102  52  95  48  93  38  87  19  76  -3  66  -5
 12  56 -25  63 -19  72 -20  89  15  97  32  96  47 104  51 101  45  97  34  90  27  70   0  64 -13
 13  59 -12  71  -6  76 -19  79  19  90  32  97  44 106  48  98  43  94  34  88  23  72  -1  60 -19
 14  60 -16  72  -4  75   1  85  23  87  33  97  46 105  49  97  49  93  38  86  24  82   2  58 -11
 15  54 -16  67  -9  71   9  82  22  90  31  98  45 101  51 101  48  95  35  86  23  72  14  55 -16
 16  63 -21  67 -23  79  13  88  24  88  35  97  45  99  53 103  49  94  35  86  24  74   5  58 -16
 17  62 -16  67 -25  76   9  87  21  90  35  95  44 106  52 105  48  95  36  82  18  72   1  61  -9
 18  68 -14  66 -14  73   4  87  21  91  38  99  45 103  54 102  49  94  34  86  20  72  11  63 -13
 19  55 -18  65 -10  79   5  88  26  91  38 103  45 103  53  99  48  92  31  83  14  72   8  57 -19
 20  59 -21  65   1  72   9  88  22  90  36 100  47 105  51  99  46  93  31  84  15  64   7  57 -15
 21  59 -14  67  -3  74   2  89  23  90  37 101  44 108  49  99  44  96  31  84  21  68   2  57 -18
 22  62  -8  67  -8  83  13  90  25  91  34 101  45 102  52 100  48  96  29  84  24  73   9  59 -24
 23  60 -19  69 -10  80   9  91  22  90  34 103  48  98  55 100  45  85  29  81  19  68   6  70 -24
 24  67 -16  68 -11  84   4  86  15  98  38 100  46  97  56  99  49  89  31  84  18  62   9  57 -24
 25  55 -11  68  -3  82   8  91  30 101  40 101  48  99  54  99  42  86  33  79  18  68   4  56 -16
 26  51 -10  75 -17  82   2  92  33  94  38 104  48 102  48 100  48  96  31  81  20  62   2  61 -18
 27  52 -20  72  -8  84  11  93  29  91  36 100  47 103  52 102  45  92  35  81  17  73   2  60 -13
 28  56 -15  76 -15  84   8  92  29  88  38  98  55 100  51 100  37 101  29  85  19  69  -7  68 -11
 29  60 -19 *** ***  88  10  90  22  91  37  99  52 100  53 100  46  90  32  74  18  67  -1  57  -6
 30  62 -17 *** ***  87  11  87  30  93  40  97  52 105  43  96  46  92  24  80  20  71 -10  63 -18
 31  58 -16 *** ***  84  14 *** ***  94  39 *** *** 104  46  96  45 *** ***  82  15 *** ***  62 -17
 
 DAILY MAXIMUM PRECIPITATION OCCURRING DURING 1951-2000 FOR STATION NUMBER 1533
     JAN   FEB   MARCH APRIL MAY   JUNE  JULY  AUG   SEPT  OCT   NOV   DEC
 
  1  0.40  1.40  1.05  1.08  1.94  1.40  2.06  3.65  2.55  0.52  1.77  1.40
  2  0.82  0.40  0.88  0.72  0.74  1.60  4.48  1.12  1.86  1.27  1.66  0.48
  3  1.15  0.53  0.80  1.86  0.94  0.77  1.22  0.65  1.04  1.02  0.55  0.51
  4  0.80  0.85  0.70  1.03  2.80  1.30  3.06  1.13  2.16  1.17  1.23  0.71
  5  0.45  0.48  0.65  1.04  1.47  1.70  2.59  1.35  1.47  3.08  1.76  0.77
  6  0.43  0.39  0.42  1.18  1.20  1.77  5.33  2.90  3.10  1.45  0.47  0.65
  7  0.14  0.26  0.56  0.22  2.48  0.93  1.15  1.39  1.92  1.22  0.90  0.98
  8  0.08  0.10  1.00  1.05  2.20  1.67  1.97  2.65  3.03  1.20  0.60  1.15
  9  0.18  0.20  0.80  0.45  2.76  2.04  7.60  4.77  3.07  1.45  1.96  0.25
 10  0.35  0.50  0.87  2.62  1.12  1.40  2.03  2.90  2.10  0.78  0.91  0.26
 11  0.94  0.56  0.92  0.81  1.16  2.00  1.20  2.28  1.43  3.15  0.50  0.58
 12  1.26  0.35  1.18  1.18  0.72  1.74  2.03  1.95  4.28  1.35  1.10  0.75
 13  1.09  0.45  1.68  1.90  1.10  1.45  1.17  1.20  2.72  1.59  0.93  0.50
 14  0.09  0.18  0.88  1.15  2.18  2.36  1.15  0.83  1.30  1.13  1.35  0.84
 15  0.67  0.80  1.06  1.89  1.80  1.58  1.85  1.48  2.31  2.35  1.05  0.35
 16  0.41  0.35  0.68  3.25  1.32  1.24  1.98  1.78  1.44  0.85  1.73  0.55
 17  0.31  0.54  0.84  0.76  1.08  1.05  2.50  1.69  0.78  1.60  2.55  0.55
 18  0.52  1.39  1.55  1.60  0.70  1.70  1.81  2.22  2.30  1.03  0.92  0.10
 19  0.75  1.99  2.90  0.44  2.20  1.80  2.33  2.20  2.90  0.90  0.75  1.65
 20  0.65  1.10  1.05  1.35  2.25  3.01  2.25  2.05  1.90  1.10  1.25  0.48
 21  0.55  1.22  0.74  3.03  1.75  0.75  2.02  1.70  1.60  0.76  0.88  0.25
 22  0.75  0.85  0.37  0.62  1.90  3.53  5.05  1.40  2.17  2.76  0.55  0.35
 23  0.31  0.51  1.55  1.05  2.88  2.33  1.28  0.90  1.94  2.52  1.42  0.59
 24  0.30  0.65  0.51  1.21  3.44  5.38  1.00  1.47  1.35  0.75  0.45  1.20
 25  0.21  1.10  1.43  0.94  0.83  2.53  4.02  1.65  1.50  0.33  0.48  0.43
 26  0.65  0.96  1.73  0.70  2.05  1.85  1.44  3.25  1.30  1.09  0.60  0.30
 27  0.45  0.32  1.10  1.99  2.32  1.26  1.50  1.05  0.99  0.62  0.67  0.24
 28  0.10  0.50  1.23  1.10  0.85  2.02  1.51  3.70  0.95  0.55  0.75  1.60
 29  0.75******  0.90  4.40  2.69  2.35  1.35  2.87  1.58  0.64  1.30  0.38
 30  0.35******  1.68  2.35  1.35  1.87  3.03  2.60  1.90  1.70  2.00  0.92
 31  0.13******  1.44******  1.66******  1.65  4.65******  2.10******  0.31
 
 RECORD LARGEST AND SMALLEST DAILY RANGES (MAX-MIN)     DURING 1951-2000 FOR STATION NUMBER 1533
     JAN     FEB    MARCH   APRIL    MAY     JUNE    JULY    AUG     SEPT    OCT     NOV     DEC
 DY MX  MN  MX  MN  MX  MN  MX  MN  MX  MN  MX  MN  MX  MN  MX  MN  MX  MN  MX  MN  MX  MN  MX  MN
  1 36   4  54   4  50   4  42   5  41   6  36   8  40   8  36  12  40   9  49   6  45   4  36   3
  2 32   1  40   6  41   5  41   7  44   9  41   8  32   9  29  12  41  12  48   6  38   7  36   4
  3 35   4  35   5  43   3  41   4  41   6  42   7  34  11  38   9  36  10  48   3  43   4  37   8
  4 38   5  42   3  41   3  48   7  43   7  35  10  32  12  38  10  45   8  44   5  46   4  36   6
  5 45   6  43   4  40   7  48   4  46   7  38  11  36  10  33  11  35   9  48   7  47   3  36   5
  6 37   2  36   4  47   6  48   8  40   7  38  10  33   8  31   6  52   7  40   6  37   4  34   2
  7 34   3  39   3  40   3  52   8  40   6  35   9  33  12  35   6  42  11  43   6  37   4  42   2
  8 40   4  38   3  41   2  46   3  41   9  34   4  31  11  34  10  37   8  44   6  42   4  40   4
  9 33   6  46   4  42   5  46   6  38  10  35   4  34  11  31  12  37   7  47   6  37   8  38   4
 10 38   4  40   4  41   4  44   5  40  10  38  11  32  12  32  14  43  11  49   9  44   4  39   3
 11 38   6  42   4  44   8  43   4  41   5  37  10  32  10  33  11  37   8  44   7  40   5  32   6
 12 41   5  35   4  44   5  43   5  42  10  33   8  35  10  33   9  50   8  41   7  49   4  38   5
 13 35   5  43   4  40   4  46   6  41   2  34   8  35   7  34  10  39   3  43   6  45   4  37   5
 14 35   8  36   6  45   5  48   5  40   9  36  12  31  12  40   8  42   6  40  10  52   4  46   3
 15 37   5  36   3  41   5  50   3  38   7  37   8  35   9  40   5  41  10  41   9  48   4  41   3
 16 47   5  47   6  42   2  41   3  47   4  34  12  36   3  35  10  47   3  40   4  44   4  42   4
 17 38   6  41   6  42   5  49   4  39   7  42  14  36  11  36   6  40   8  38   6  36   6  36   1
 18 54   3  43   5  47   2  46  11  45   7  42   6  34   9  35   7  43   7  51   4  35   4  38   2
 19 42   5  38   3  44   2  41   4  40  10  36  13  34   6  34  11  51   6  44   4  39   3  32   4
 20 43   6  42   4  42   7  44   5  39  10  37  11  34  10  38   5  36   4  47   6  38   6  33   3
 21 34   5  46   4  41   7  46   5  43   8  36  13  39   7  35  12  39  10  45  10  39   4  40   3
 22 36   4  41   4  50   6  42   8  39   6  36  11  32   6  36   8  51   7  50   6  42   2  33   5
 23 49   4  38   3  37   4  42   9  41   8  40   8  36  12  40  12  45   6  45   4  37   3  41   3
 24 49   5  45   6  54   2  42   8  43   5  32   7  36  13  35  10  43   4  48   6  36   4  38   2
 25 34   5  36   5  57   5  40   8  39   5  37   9  33  12  34   5  42   3  41   4  45   7  33   7
 26 35   6  44   4  43   4  42   8  36   9  39   6  35   8  37  10  48   7  50   5  36   8  39   7
 27 41   4  36   3  53   5  36   7  36   3  36   6  34  14  36   6  48   6  48   8  43   6  33   4
 28 43   6  39   7  42   5  46   8  35   5  37  11  38  14  38   9  44  10  48   4  42   2  32   2
 29 49   6  **  **  43   5  43   7  37   5  37  15  41  14  38   9  51   5  43   3  35   4  38   5
 30 49   3  **  **  45   6  39   4  35   4  38  10  39  14  34  10  43   6  43   4  41   3  42   4
 31 48   5  **  **  41   4  **  **  39   7  **  **  39  11  34  13  **  **  42   4  **  **  41   3
 
 DAILY  MEAN  HIGHS AND LOWS OCCURRING DURING 1951-2000 FOR STATION NUMBER 1533
     JAN     FEB    MARCH   APRIL    MAY     JUNE    JULY    AUG     SEPT    OCT     NOV     DEC
 DY MX  MN  MX  MN  MX  MN  MX  MN  MX  MN  MX  MN  MX  MN  MX  MN  MX  MN  MX  MN  MX  MN  MX  MN
  1 31  13  35  13  45  21  57  34  68  43  77  54  85  63  86  62  83  59  74  47  57  36  42  23
  2 32  14  32  12  45  24  58  34  70  44  78  54  86  63  87  64  83  59  74  47  55  34  43  24
  3 31  12  32  12  42  23  57  34  70  45  79  54  86  64  86  64  83  59  72  46  53  33  44  23
  4 30  11  34  13  41  21  57  32  70  46  79  56  86  64  85  62  81  58  70  45  52  31  43  23
  5 30  10  33  13  43  21  57  32  72  47  81  57  86  63  85  63  81  57  69  44  51  30  41  22
  6 31  11  32  14  44  22  61  33  71  48  80  58  87  63  84  63  82  57  67  44  52  32  38  20
  7 28   9  34  13  43  21  62  35  70  47  82  59  87  64  84  62  83  57  68  43  53  30  38  20
  8 29   9  34  15  44  23  60  36  72  47  81  59  87  64  86  62  82  57  68  42  52  30  36  19
  9 28  10  35  14  46  23  59  34  71  47  80  58  87  64  85  62  80  56  66  41  51  30  36  16
 10 28   9  37  17  46  25  59  35  72  48  81  58  86  63  85  62  80  54  67  40  53  29  38  18
 11 30  10  37  15  47  26  62  37  72  48  81  59  87  65  84  60  79  53  68  42  50  29  36  17
 12 31  12  35  16  48  26  59  37  73  48  82  60  87  65  84  60  79  53  69  43  50  29  34  15
 13 32  12  37  16  47  27  59  36  72  48  84  60  88  65  85  61  77  53  68  44  51  29  35  15
 14 32  13  39  18  49  26  61  37  73  48  83  61  88  65  84  62  76  53  69  43  50  29  36  15
 15 32  12  37  18  47  26  63  37  74  49  82  59  86  63  84  62  75  51  68  43  51  30  35  16
 16 31  10  37  16  49  25  65  40  74  51  82  59  87  63  86  62  74  51  68  42  51  30  34  14
 17 32  13  40  16  50  28  65  40  75  52  83  59  87  65  85  63  76  52  66  41  50  29  35  15
 18 32  13  41  20  50  28  66  40  74  52  83  61  88  66  85  62  77  52  63  39  48  29  34  14
 19 31  12  40  20  49  29  66  42  76  51  85  60  88  66  85  61  77  52  63  37  49  28  34  16
 20 32  10  41  20  49  28  65  42  76  51  84  61  88  66  84  62  74  51  63  38  47  26  33  15
 21 31  12  41  20  49  26  65  42  76  52  84  60  86  64  84  61  73  49  65  40  47  26  32  13
 22 33  14  40  20  53  28  65  41  75  53  83  60  86  64  84  61  73  48  65  40  48  26  33  15
 23 34  13  41  21  53  29  67  41  76  52  83  61  86  64  83  60  71  46  62  40  45  26  33  16
 24 34  13  40  19  51  29  68  42  76  52  84  61  86  64  83  60  71  47  62  38  45  23  33  12
 25 33  13  41  19  51  29  69  44  77  54  85  61  87  64  85  61  72  47  61  37  45  24  33  13
 26 30  11  44  22  52  28  70  45  75  53  85  62  87  64  86  61  75  47  62  37  44  24  34  15
 27 30  10  44  23  58  32  67  45  74  53  85  62  87  64  85  62  73  46  62  38  41  23  34  16
 28 32  10  43  22  57  32  66  42  76  53  87  63  87  64  85  60  74  47  60  36  39  19  35  17
 29 33  11  **  **  53  33  67  43  76  54  87  64  87  63  85  61  72  48  60  35  40  21  34  15
 30 32  11  **  **  55  32  67  45  78  55  86  63  87  64  84  62  73  46  59  37  41  21  33  12
 31 34  11  **  **  57  33  **  **  79  55  **  **  86  63  83  60  **  **  57  37  **  **  32  13
  
  # OF DAYS EACH YEAR WHERE MIN >=32 F  1951-2000 FOR STATION # 1533
   51  52  53  54  55  56  57  58  59  60  61  62  63  64  65  66  67  68  69  70
  213 209 221 236 217 221 222 225 218 208 209 211 230 227 230 228 221 224 220 220
 
   71  72  73  74  75  76  77  78  79  80  81  82  83  84  85  86  87  88  89  90
  223 221 244 231 222 217 240 222 216 220 245 232 231 231 235 237 227 213 209 219
 
   91  92  93  94  95  96  97  98  99 100
  218 234 214 226 223 207 205 238 209 216
  
 MEAN=223
 
 LENGTH OF SEASON FOR STATION NUMBER 1533   BASE TEMP=32
 LAST SPRING OCCURENCE FIRST FALL OCCURENCE  LENGTH OF  SEASON
   YEAR MONTH DAY DOY         MONTH DAY DOY
   1951   4    23 113           9    28 271          158
   1952   4    25 116          10     6 280          164
   1953   4    27 117           9    22 265          148
   1954   5     7 127          10    16 289          162
   1955   4     8  98          10     8 281          183
   1956   4    24 115          10     7 281          166
   1957   4    14 104          10    18 291          187
   1958   4    29 119          10     1 274          155
   1959   5    15 135          10     9 282          147
   1960   5    12 133          10    16 290          157
   1961   5     2 122           9    28 271          149
   1962   4    18 108           9    20 263          155
   1963   5     1 121          10    29 302          181
   1964   4     9 100          10     6 280          180
   1965   4    28 118           9    24 267          149
   1966   5     9 129          10    16 289          160
   1967   5     3 123           9    28 271          148
   1968   4    25 116          10     4 278          162
   1969   4     6  96          10    14 287          191
   1970   5     2 122          10     9 282          160
   1971   5     3 123          10    10 283          160
   1972   4    25 116           9    30 274          158
   1973   4    16 106          10    29 302          196
   1974   4    17 107           9    29 272          165
   1975   4    20 110          10     2 275          165
   1976   5     8 129          10     6 280          151
   1977   4     6  96          10    12 285          189
   1978   5     2 122          10     7 280          158
   1979   4    28 118          10     5 278          160
   1980   5     8 129           9    26 270          141
   1981   5    11 131          10    19 292          161
   1982   4    21 111          10    20 293          182
   1983   4    19 109           9    23 266          157
   1984   5     1 122           9    26 270          148
   1985   4    15 105          11     2 306          201
   1986   4    22 112          10     6 279          167
   1987   4    12 102          10     3 276          174
   1988   4    24 115          10     4 278          163
   1989   4    19 109           9    23 266          157
   1990   4    30 120          10    10 283          163
   1991   4    11 101           9    19 262          161
   1992   4    23 114          10    17 291          177
   1993   4     9  99          10    10 283          184
   1994   5     1 121          10    25 298          177
   1995   4    27 117           9    22 265          148
   1996   4    24 115          10    22 296          181
   1997   5    13 133          10    14 287          154
   1998   4    19 109          10    22 295          186
   1999   4    19 109           9    21 264          155
   2000   4    13 104          10     6 280          176
             MEAN=114              MEAN=280     MEAN=165
 
 LENGTH OF SEASON FOR STATION NUMBER 1533   BASE TEMP=30
 LAST SPRING OCCURENCE FIRST FALL OCCURENCE  LENGTH OF  SEASON
   YEAR MONTH DAY DOY         MONTH DAY DOY
   1951   4    23 113           9    28 271          158
   1952   4    16 107          10     6 280          173
   1953   4    27 117           9    22 265          148
   1954   4     8  98          10    28 301          203
   1955   4     8  98          10    15 288          190
   1956   4    24 115          10     7 281          166
   1957   4    14 104          10    18 291          187
   1958   4    29 119          10     1 274          155
   1959   4    22 112          10     9 282          170
   1960   4    30 121          10    19 293          172
   1961   5     2 122           9    28 271          149
   1962   4    17 107          10    24 297          190
   1963   5     1 121          10    29 302          181
   1964   4     9 100          10     9 283          183
   1965   4    28 118          10    12 285          167
   1966   4    28 118          10    16 289          171
   1967   5     2 122           9    28 271          149
   1968   4    25 116          10     4 278          162
   1969   4     6  96          10    14 287          191
   1970   5     2 122          10    10 283          161
   1971   4     7  97          10    31 304          207
   1972   4    25 116          10     7 281          165
   1973   4    16 106          10    29 302          196
   1974   4    15 105          10     1 274          169
   1975   4    20 110          10     2 275          165
   1976   5     3 124          10     6 280          156
   1977   4     6  96          11     9 313          217
   1978   5     2 122          10    26 299          177
   1979   4    28 118          10    13 286          168
   1980   5     8 129          10     4 278          149
   1981   5    11 131          10    22 295          164
   1982   4    21 111          10    20 293          182
   1983   4    19 109          10    14 287          178
   1984   4     6  97           9    30 274          177
   1985   4    15 105          11     2 306          201
   1986   4    22 112          10    14 287          175
   1987   4    12 102          10     3 276          174
   1988   4    20 111          10     5 279          168
   1989   4    19 109          10    18 291          182
   1990   4    18 108          10    10 283          175
   1991   4    11 101          10     6 279          178
   1992   4    23 114          10    17 291          177
   1993   4     9  99          10    10 283          184
   1994   4     8  98          10    25 298          200
   1995   4     6  96           9    22 265          169
   1996   4    14 105          10    30 304          199
   1997   5     1 121          10    14 287          166
   1998   4    17 107          11     6 310          203
   1999   4    19 109          10     4 277          168
   2000   4    13 104          10     6 280          176
             MEAN=110              MEAN=286     MEAN=175
 
 LENGTH OF SEASON FOR STATION NUMBER 1533   BASE TEMP=28
 LAST SPRING OCCURENCE FIRST FALL OCCURENCE  LENGTH OF  SEASON
   YEAR MONTH DAY DOY         MONTH DAY DOY
   1951   4    19 109          10    24 297          188
   1952   4    16 107          10     6 280          173
   1953   4    20 110          10    27 300          190
   1954   4     8  98          10    31 304          206
   1955   4     8  98          10    15 288          190
   1956   4    24 115          11     9 314          199
   1957   4    14 104          10    25 298          194
   1958   4    29 119          10    26 299          180
   1959   4    22 112          10    28 301          189
   1960   4    10 101          10    19 293          192
   1961   5     2 122          10    20 293          171
   1962   4    17 107          10    24 297          190
   1963   5     1 121          10    29 302          181
   1964   4     9 100          10     9 283          183
   1965   3    30  89          10    24 297          208
   1966   4    21 111          10    16 289          178
   1967   5     2 122          10    11 284          162
   1968   4     5  96          10    29 303          207
   1969   4     6  96          10    14 287          191
   1970   4     4  94          10    16 289          195
   1971   4     7  97          10    31 304          207
   1972   4     8  99          10    19 293          194
   1973   4    13 103          10    29 302          199
   1974   4    15 105          10     1 274          169
   1975   4    20 110          10    25 298          188
   1976   5     3 124          10     8 282          158
   1977   4     6  96          11    10 314          218
   1978   3    26  85          11     7 311          226
   1979   4     7  97          10    13 286          189
   1980   5     8 129          10    12 286          157
   1981   4    15 105          10    23 296          191
   1982   4    21 111          10    21 294          183
   1983   4    19 109          11    18 322          213
   1984   4     1  92           9    30 274          182
   1985   4    15 105          11     4 308          203
   1986   4    22 112          10    14 287          175
   1987   4    12 102          10     3 276          174
   1988   3    30  90          10     5 279          189
   1989   4    12 102          10    20 293          191
   1990   4    18 108          10    25 298          190
   1991   4    10 100          10    19 292          192
   1992   4    23 114          10    17 291          177
   1993   4     3  93          10    10 283          190
   1994   4     8  98          10    26 299          201
   1995   4     5  95          11     2 306          211
   1996   4    10 101          11     1 306          205
   1997   4    18 108          10    20 293          185
   1998   4    17 107          11     6 310          203
   1999   3    27  86          10     4 277          191
   2000   4    13 104          10     7 281          177
             MEAN=104              MEAN=294     MEAN=189
 
 LENGTH OF SEASON FOR STATION NUMBER 1533   BASE TEMP=26
 LAST SPRING OCCURENCE FIRST FALL OCCURENCE  LENGTH OF  SEASON
   YEAR MONTH DAY DOY         MONTH DAY DOY
   1951   4    17 107          10    24 297          190
   1952   4    10 101          10     6 280          179
   1953   4    20 110          10    27 300          190
   1954   4     4  94          10    31 304          210
   1955   4     8  98          10    15 288          190
   1956   4    24 115          11     9 314          199
   1957   4    14 104          10    25 298          194
   1958   4    29 119          11     6 310          191
   1959   4    13 103          11     5 309          206
   1960   4    10 101          10    20 294          193
   1961   4     7  97          10    20 293          196
   1962   4    17 107          10    24 297          190
   1963   4     4  94          11     2 306          212
   1964   4     9 100          10    20 294          194
   1965   3    30  89          11     9 313          224
   1966   4    21 111          10    16 289          178
   1967   4    24 114          10    28 301          187
   1968   4     5  96          11     8 313          217
   1969   4     6  96          10    14 287          191
   1970   4     4  94          11    15 319          225
   1971   4     6  96          10    31 304          208
   1972   4     8  99          10    19 293          194
   1973   4    13 103          11     5 309          206
   1974   4     5  95          10     2 275          180
   1975   4    11 101          10    25 298          197
   1976   5     3 124          10    16 290          166
   1977   4     6  96          11    12 316          220
   1978   3    26  85          11     7 311          226
   1979   4     6  96          10    13 286          190
   1980   3    21  81          10    26 300          219
   1981   3    23  82          10    23 296          214
   1982   4     9  99          10    21 294          195
   1983   4    18 108          11    21 325          217
   1984   4     1  92           9    30 274          182
   1985   4    15 105          11     7 311          206
   1986   4    22 112          10    14 287          175
   1987   4     6  96          10    11 284          188
   1988   3    30  90          10    28 302          212
   1989   4    12 102          11     2 306          204
   1990   4    13 103          10    26 299          196
   1991   3    31  90          10    19 292          202
   1992   4    23 114          10    17 291          177
   1993   4     2  92          10    30 303          211
   1994   4     7  97          10    26 299          202
   1995   4     5  95          11     3 307          212
   1996   4     6  97          11     1 306          209
   1997   4    18 108          10    22 295          187
   1998   3    22  81          11     6 310          229
   1999   3    27  86          10     4 277          191
   2000   4    13 104          10     7 281          177
             MEAN= 99              MEAN=298     MEAN=198
 
 LENGTH OF SEASON FOR STATION NUMBER 1533   BASE TEMP=24
 LAST SPRING OCCURENCE FIRST FALL OCCURENCE  LENGTH OF  SEASON
   YEAR MONTH DAY DOY         MONTH DAY DOY
   1951   4    17 107          11     1 305          198
   1952   4    10 101          10     6 280          179
   1953   4    20 110          10    27 300          190
   1954   4     4  94          10    31 304          210
   1955   3    28  87          11     2 306          219
   1956   4    24 115          11     9 314          199
   1957   4    14 104          10    27 300          196
   1958   4    29 119          11     6 310          191
   1959   4    13 103          11     5 309          206
   1960   4    10 101          10    20 294          193
   1961   4     7  97          10    20 293          196
   1962   4    16 106          10    25 298          192
   1963   3    22  81          11     2 306          225
   1964   4     9 100          11    19 324          224
   1965   3    30  89          11     9 313          224
   1966   4    21 111          11     2 306          195
   1967   4    24 114          10    28 301          187
   1968   4     5  96          11     9 314          218
   1969   3    30  89          10    27 300          211
   1970   4     4  94          11    15 319          225
   1971   4     6  96          11     6 310          214
   1972   4     8  99          10    19 293          194
   1973   4    11 101          11     5 309          208
   1974   3    25  84          11     7 311          227
   1975   4     4  94          10    29 302          208
   1976   3    17  77          10    16 290          213
   1977   3    22  81          11    12 316          235
   1978   3    18  77          11    14 318          241
   1979   4     6  96          10    13 286          190
   1980   3    21  81          10    26 300          219
   1981   3    20  79          10    23 296          217
   1982   4     9  99          10    21 294          195
   1983   4    18 108          11    24 328          220
   1984   3    20  80           9    30 274          194
   1985   4    15 105          11    19 323          218
   1986   3    21  80          10    14 287          207
   1987   4     6  96          10    11 284          188
   1988   3    30  90          10    28 302          212
   1989   4    11 101          11    16 320          219
   1990   4    12 102          11     7 311          209
   1991   3    31  90          10    30 303          213
   1992   4     2  93          11    26 331          238
   1993   4     2  92          10    31 304          212
   1994   4     7  97          11    24 328          231
   1995   4     5  95          11     3 307          212
   1996   4     6  97          11     1 306          209
   1997   4    18 108          10    27 300          192
   1998   3    22  81          11     6 310          229
   1999   3    27  86          10     5 278          192
   2000   4    13 104          10     7 281          177
             MEAN= 95              MEAN=303     MEAN=208
 
 THESE ARE THE MONTHLY AVG. MAX TEMPS 1951-2000 FOR STATION #1533
 YEAR    JAN   FEB  MARCH APRIL  MAY  JUNE  JULY AUGUST SEPT   OCT   NOV   DEC   ANN
  
 1951   34.6  39.2  43.7  57.6  74.7  76.9  85.1  85.4  73.2  64.2  44.6  32.3  59.3
 1952   36.2  44.5  43.7  63.0  74.5  89.2  87.9  82.0  80.6  66.2  51.0  34.5  62.8
 1953   35.3  43.7  51.1  58.2  71.9  87.3  90.0  87.5  83.3  73.6  55.8  42.3  65.0
 1954   35.6  52.7  46.3  68.6  69.3  85.6  95.0  85.6  82.6  64.4  56.1  40.8  65.2
 1955   33.6  31.5  49.4  72.1  77.8  79.6  92.9  91.8  83.0  68.2  44.5  36.0  63.4
 1956   32.0  37.4  52.1  64.9  78.3  88.3  86.3  87.6  83.7  76.4  49.8  41.8  64.9
 1957   27.3  41.4  49.6  61.4  71.6  80.6  92.1  88.8  73.5  60.2  45.8  45.2  61.5
 1958   34.4  29.0  43.6  63.9  76.0  80.2  82.7  86.2  78.8  70.2  55.2  37.4  61.5
 1959   29.2  36.0  51.1  63.3  73.8  83.6  84.9  87.6  75.7  61.2  45.5  43.6  61.3
 1960   31.1  29.3  33.0  64.6  74.9  80.3  85.9  85.8  79.2  68.0  53.5  39.2  60.4
 1961   38.6  43.3  48.3  58.9  70.9  82.1  85.3  84.1  73.5  68.5  47.8  30.1  61.0
 1962   26.5  33.0  43.1  64.4  82.8  82.4  85.7  85.8  75.3  67.8  51.2  37.8  61.3
 1963   21.7  37.0  54.0  66.1  73.7  87.3  88.5  84.2  77.4  76.9  55.5  27.7  62.5
 1964   41.0  42.5  48.7  66.9  78.9  82.4  90.5  82.5  75.5  66.2  53.3  36.0  63.7
 1965   34.3  35.2  36.3  64.8  79.2  80.8  85.5  84.6  73.6  68.6  54.3  46.9  62.0
 1966   28.4  39.9  56.5  59.8  75.7  81.8  90.4  82.5  73.4  69.3  52.7  37.8  62.3
 1967   37.0  38.3  54.6  65.8  71.2  80.2  85.5  84.2  75.0  63.3  48.5  37.9  61.8
 1968   31.0  37.6  59.6  67.8  71.5  85.5  87.8  84.9  77.3  68.0  46.4  33.3  62.6
 1969   27.0  36.2  45.3  66.2  75.2  81.5  88.0  85.7  78.4  61.8  52.0  31.9  60.8
 1970   26.7  44.6  46.4  66.5  78.9  83.4  89.9  88.5  77.1  61.9  46.2  39.1  62.4
 1971   27.8  32.2  47.2  68.3  71.7  88.5  85.7  85.7  80.6  70.1  50.1  37.1  62.1
 1972   31.9  39.7  53.8  64.4  74.6  85.6  85.4  85.0  78.0  62.2  44.0  31.1  61.3
 1973   33.9  39.1  51.6  61.5  73.5  86.1  85.9  87.5  74.2  70.5  51.1  33.6  62.4
 1974   30.8  41.5  54.9  67.2  75.0  82.7  96.5  83.8  76.3  68.4  50.4  38.5  63.8
 1975   34.2  32.4  43.5  60.9  78.3  83.6  89.5  92.1  74.2  72.3  52.8  40.3  62.8
 1976   36.7  49.1  52.2  68.1  73.4  85.0  89.5  87.4  79.8  60.5  45.5  36.3  63.6
 1977   22.7  42.6  55.9  69.1  79.4  87.5  91.5  83.1  77.2  63.1  49.1  33.5  62.9
 1978   21.9  25.4  44.7  61.6  71.0  84.9  85.5  86.1  81.5  65.9  48.1  33.3  59.1
 1979   17.3  25.5  46.6  60.1  75.1  84.0  84.5  85.2  80.1  67.3  47.0  43.3  59.7
 1980   32.2  31.3  44.6  65.2  77.0  85.5  94.1  89.5  79.3  64.1  53.9  38.5  62.9
 1981   39.0  42.4  55.4  72.3  71.7  86.2  86.1  82.3  77.5  61.7  51.9  33.4  63.3
 1982   22.8  34.4  47.8  61.0  73.1  78.6  87.7  80.8  74.5  66.0  48.6  40.2  59.6
 1983   34.4  40.4  47.5  54.8  69.6  82.4  90.8  93.9  82.2  64.7  50.6  19.2  60.9
 1984   32.0  47.2  41.2  57.3  70.2  84.1  88.2  88.3  77.1  66.3  54.7  43.0  62.5
 1985   29.6  35.4  55.3  68.3  77.3  82.4  88.5  81.1  74.2  64.6  41.2  27.9  60.5
 1986   43.2  34.0  58.2  68.0  74.7  86.8  87.9  79.1  78.2  63.3  44.5  36.1  62.8
 1987   37.4  48.1  55.3  68.0  79.4  86.3  88.2  81.9  76.8  62.7  51.5  38.5  64.5
 1988   34.1  36.6  57.3  63.5  79.5  90.4  87.7  90.8  79.3  60.8  50.9  40.1  64.2
 1989   42.7  25.5  48.9  66.7  74.3  79.6  86.1  83.8  72.4  65.8  49.1  26.5  60.1
 1990   40.1  41.2  50.3  60.4  67.6  82.1  84.4  83.9  81.6  66.3  56.0  31.5  62.1
 1991   24.0  45.2  54.9  64.9  75.1  83.4  85.6  84.6  78.7  65.3  38.2  39.1  61.6
 1992   38.8  44.7  54.4  59.3  73.5  79.5  81.0  78.5  74.2  64.8  39.8  35.1  60.3
 1993   27.5  27.3  44.0  56.6  70.3  78.8  82.3  83.7  68.9  60.9  43.5  37.7  56.8
 1994   27.3  32.7  54.2  63.3  74.0  80.6  82.9  82.7  76.6  66.1  50.0  38.8  60.8
 1995   28.6  41.1  49.1  57.6  64.9  79.2  87.4  88.3  74.1  64.5  42.6  34.2  59.3
 1996   26.8  36.6  44.3  60.3  67.6  80.9  82.4  81.7  72.7  65.0  40.1  32.4  57.6
 1997   27.9  36.5  52.7  56.2  67.6  82.8  84.9  81.4  77.5  65.6  44.7  34.1  59.3
 1998   32.5  44.2  38.7  60.4  75.9  78.2  83.9  84.3  83.3  66.5  52.9  41.5  61.9
 1999   29.8  44.0  49.2  60.1  70.1  78.6  87.0  81.9  75.1  67.5  60.4  40.5  62.0
 2000   38.0  46.6  55.5  63.4  77.4  80.3  82.4  85.5  80.6  68.3  43.0  22.7  62.0
 MEANS  31.8  38.3  49.3  63.5  74.1  83.1  87.3  85.2  77.3  66.1  49.1  36.2  61.8
 
 THESE ARE THE MONTHLY AVG. MIN TEMPS 1951-2000 FOR STATION #1533
 YEAR    JAN   FEB  MARCH APRIL  MAY  JUNE  JULY AUGUST SEPT   OCT   NOV   DEC   ANN
  
 1951   11.5  18.5  22.4  36.6  51.0  56.5  62.6  61.9  50.3  42.5  22.3  11.9  37.3
 1952   14.1  25.3  25.0  37.8  49.1  65.1  63.4  61.1  51.4  31.6  25.6  17.9  39.0
 1953   16.9  22.5  28.9  34.5  48.2  63.2  63.9  60.5  49.7  43.7  30.1  19.7  40.2
 1954    9.1  27.6  25.2  43.6  45.8  64.1  69.0  65.5  56.1  44.6  32.0  21.5  42.0
 1955   13.7  11.5  25.5  44.0  51.8  56.5  69.1  63.4  55.2  40.9  20.5  13.3  38.8
 1956   13.1  15.8  25.0  34.4  52.8  62.4  63.4  63.1  49.3  45.8  28.6  19.8  39.5
 1957    8.0  21.5  26.9  39.7  49.5  58.5  68.3  62.5  49.5  40.3  29.0  23.2  39.7
 1958   17.2   9.4  27.9  39.3  51.8  57.9  62.7  62.6  55.5  42.1  31.6  15.7  39.5
 1959    8.1  16.6  30.5  37.9  54.1  60.5  60.9  66.9  53.3  39.3  21.6  25.9  39.6
 1960   14.4  13.3  12.9  41.5  48.4  58.1  61.0  62.3  53.1  40.0  26.4  15.8  37.3
 1961    8.2  19.0  29.3  35.6  48.1  57.6  63.1  59.7  50.1  40.8  27.5   9.4  37.4
 1962    5.5  18.6  21.9  35.2  57.0  58.2  62.4  60.2  49.2  42.9  28.8  16.2  38.0
 1963    1.6  12.9  30.7  39.9  51.2  64.5  66.2  62.3  56.0  51.8  32.9   7.7  39.8
 1964   19.5  20.0  23.3  41.5  56.1  59.7  67.0  58.5  54.0  39.3  32.7  16.1  40.6
 1965   12.7  12.9  17.7  41.0  55.3  60.1  64.6  61.3  52.6  43.7  30.9  26.9  40.0
 1966    9.6  17.1  31.5  36.4  46.5  59.9  67.9  58.6  51.0  39.8  29.8  17.2  38.8
 1967   14.7  14.4  29.9  42.3  47.2  59.1  61.3  58.5  50.8  41.7  27.8  21.1  39.1
 1968   12.9  17.8  31.8  41.2  47.5  61.5  63.2  64.3  54.1  44.4  28.9  16.3  40.3
 1969   10.6  21.5  23.1  41.0  52.7  56.5  66.5  63.2  55.4  39.5  29.1  17.8  39.7
 1970    8.9  17.8  25.0  40.1  54.7  60.1  63.3  63.2  54.9  41.6  28.6  20.5  39.9
 1971    8.1  14.7  25.8  40.7  46.9  64.3  60.3  59.9  53.4  46.0  30.3  23.1  39.5
 1972   11.0  14.3  27.7  38.2  49.9  58.9  62.7  62.3  55.2  38.9  29.4  12.8  38.4
 1973   14.0  19.8  35.6  38.1  47.1  60.2  63.5  63.2  55.1  46.3  32.2  15.4  40.9
 1974   11.3  20.1  31.3  40.6  51.0  57.1  65.7  58.2  46.3  42.5  29.7  20.5  39.5
 1975   13.7  15.1  21.6  37.5  51.7  60.0  64.5  64.4  49.2  41.2  33.4  21.0  39.4
 1976   12.9  24.6  28.7  43.0  45.7  57.9  64.5  61.9  52.5  36.0  20.9  12.3  38.4
 1977    1.0  18.5  34.8  45.4  57.2  61.1  65.7  60.6  56.0  42.4  30.6  16.2  40.8
 1978    4.4   6.5  22.9  42.0  50.5  60.7  65.0  61.5  57.9  39.7  29.7  15.6  38.0
 1979    0.5   4.5  26.6  37.5  48.9  58.2  62.2  61.9  51.6  40.8  27.3  20.5  36.7
 1980   15.6  13.2  24.1  38.1  48.2  60.1  68.0  65.0  54.5  38.1  29.9  19.0  39.5
 1981   15.5  17.7  28.8  46.3  47.5  59.6  65.6  60.2  52.1  42.5  33.7  17.8  40.6
 1982    3.9  13.1  27.5  37.3  54.5  56.1  66.9  63.7  55.5  42.9  29.5  23.4  39.5
 1983   20.9  24.8  30.8  36.7  47.4  60.5  67.4  69.5  55.6  45.1  32.5   2.2  41.1
 1984   12.6  27.0  25.8  39.3  48.0  61.9  63.0  64.3  52.0  45.7  32.4  20.8  41.1
 1985    6.7  13.9  33.5  43.8  55.6  58.5  64.6  62.0  56.8  45.6  25.4   8.6  39.6
 1986   21.4  17.9  33.6  43.4  53.5  63.4  66.5  58.0  58.0  42.8  23.3  21.5  41.9
 1987   17.4  24.5  30.8  38.8  54.8  61.8  66.0  61.7  52.3  35.0  33.1  24.6  41.7
 1988   11.5  11.5  26.0  36.3  53.5  61.5  64.4  64.5  53.2  35.2  29.7  18.5  38.8
 1989   21.8   4.6  25.2  40.0  47.2  57.1  65.3  61.3  49.6  40.6  22.8   5.4  36.7
 1990   21.8  19.2  31.3  36.6  47.0  61.9  64.3  62.9  56.3  38.7  32.2  13.8  40.5
 1991    5.3  22.5  29.6  43.1  56.6  64.2  64.1  61.8  52.3  38.5  21.2  22.6  40.2
 1992   21.6  25.7  32.3  36.8  48.6  56.5  61.5  56.4  50.8  40.6  28.9  20.4  40.0
 1993   10.8  14.2  25.3  35.5  50.2  58.2  64.9  64.4  47.7  39.7  25.5  19.7  38.0
 1994    8.5  10.5  27.3  38.0  49.3  62.3  61.2  58.7  51.9  43.8  31.5  21.7  38.7
 1995   12.6  18.1  28.6  35.6  46.7  60.0  65.5  66.8  49.8  41.1  22.2  20.7  39.0
 1996    7.3  14.8  18.9  34.9  50.2  61.3  62.9  62.0  50.6  40.1  25.1  14.6  36.9
 1997    6.3  20.0  27.5  34.0  43.3  59.9  64.1  59.5  52.2  39.5  25.4  19.6  37.6
 1998   18.0  28.5  23.8  38.4  54.4  58.5  65.6  62.6  55.5  42.8  31.0  17.8  41.4
 1999   11.6  23.8  24.5  40.1  48.9  60.4  66.3  59.4  46.4  32.6  28.1  16.3  38.2
 2000   14.2  20.5  30.2  35.0  50.5  56.8  63.7  64.9  50.5  42.2  21.7   1.7  37.7
 MEANS  11.9  17.6  27.1  39.1  50.5  60.0  64.5  62.1  52.6  41.3  28.3  17.2  39.3
 
 THESE ARE THE MONTHLY AVG. MEAN TEMPS 1951-2000 FOR STATION #1533
 YEAR    JAN   FEB  MARCH APRIL  MAY  JUNE  JULY AUGUST SEPT   OCT   NOV   DEC   ANN
  
 1951   23.1  28.8  33.1  47.1  62.9  66.7  73.9  73.6  61.7  53.4  33.4  22.1  48.3
 1952   25.1  34.9  34.3  50.4  61.8  77.2  75.6  71.5  66.0  48.9  38.3  26.2  50.9
 1953   26.1  33.1  40.0  46.3  60.0  75.2  77.0  74.0  66.5  58.7  42.9  31.0  52.6
 1954   22.4  40.1  35.7  56.1  57.5  74.8  82.0  75.6  69.3  54.5  44.1  31.1  53.6
 1955   23.6  21.5  37.5  58.1  64.8  68.1  81.0  77.6  69.1  54.6  32.5  24.6  51.1
 1956   22.6  26.6  38.5  49.7  65.6  75.4  74.9  75.4  66.5  61.1  39.2  30.8  52.2
 1957   17.6  31.4  38.3  50.5  60.6  69.6  80.2  75.7  61.5  50.2  37.4  34.2  50.6
 1958   25.8  19.2  35.8  51.6  63.9  69.1  72.7  74.4  67.1  56.1  43.4  26.5  50.5
 1959   18.7  26.3  40.8  50.6  64.0  72.1  72.9  77.3  64.5  50.2  33.5  34.7  50.5
 1960   22.7  21.3  22.9  53.0  61.7  69.2  73.5  74.1  66.2  54.0  39.9  27.5  48.8
 1961   23.4  31.2  38.8  47.2  59.5  69.8  74.2  71.9  61.8  54.7  37.7  19.8  49.2
 1962   16.0  25.8  32.5  49.8  69.9  70.3  74.0  73.0  62.2  55.3  40.0  27.0  49.7
 1963   11.7  25.0  42.3  53.0  62.5  75.9  77.4  73.2  66.7  64.4  44.2  17.7  51.2
 1964   30.3  31.2  36.0  54.2  67.5  71.0  78.8  70.5  64.8  52.8  43.0  26.0  52.2
 1965   23.5  24.0  27.0  52.9  67.2  70.4  75.1  73.0  63.1  56.1  42.6  36.9  51.0
 1966   19.0  28.5  44.0  48.1  61.1  70.9  79.1  70.5  62.2  54.5  41.2  27.5  50.6
 1967   25.9  26.3  42.3  54.1  59.2  69.7  73.4  71.3  62.9  52.5  38.2  29.5  50.4
 1968   22.0  27.7  45.7  54.5  59.5  73.5  75.5  74.6  65.7  56.2  37.7  24.8  51.4
 1969   18.8  28.9  34.2  53.6  64.0  69.0  77.3  74.5  66.9  50.6  40.5  24.9  50.3
 1970   17.8  31.2  35.7  53.3  66.8  71.7  76.6  75.9  66.0  51.7  37.4  29.8  51.2
 1971   18.0  23.5  36.5  54.5  59.3  76.4  73.0  72.8  67.0  58.0  40.2  30.1  50.8
 1972   21.5  27.0  40.8  51.3  62.3  72.2  74.0  73.6  66.6  50.5  36.7  22.0  49.9
 1973   24.0  29.4  43.6  49.8  60.3  73.2  74.7  75.4  64.6  58.4  41.7  24.5  51.6
 1974   21.1  30.8  43.1  53.9  63.0  69.9  81.1  71.0  61.3  55.5  40.0  29.5  51.7
 1975   23.9  23.8  32.5  49.2  65.0  71.8  77.0  78.2  61.7  56.7  43.1  30.6  51.1
 1976   24.8  36.8  40.5  55.6  59.5  71.4  77.0  74.6  66.2  48.3  33.2  24.3  51.0
 1977   11.9  30.5  45.4  57.2  68.3  74.3  78.6  71.8  66.6  52.7  39.8  24.8  51.8
 1978   13.1  15.9  33.8  51.8  60.7  72.8  75.3  73.8  69.7  52.8  38.9  24.5  48.6
 1979    8.9  15.0  36.6  48.8  62.0  71.1  73.3  73.5  65.9  54.1  37.1  31.9  48.2
 1980   23.9  22.3  34.4  51.6  62.6  72.8  81.1  77.3  66.9  51.1  41.9  28.8  51.2
 1981   27.2  30.0  42.1  59.3  59.6  72.9  75.9  71.2  64.8  52.1  42.8  25.6  52.0
 1982   13.4  23.7  37.6  49.2  63.8  67.3  77.3  72.2  65.0  54.5  39.1  31.8  49.6
 1983   27.7  32.6  39.2  45.7  58.5  71.4  79.1  81.7  68.9  54.9  41.5  10.7  51.0
 1984   22.3  37.1  33.5  48.3  59.1  73.0  75.6  76.3  64.6  56.0  43.5  31.9  51.8
 1985   18.2  24.6  44.4  56.0  66.5  70.4  76.5  71.6  65.5  55.1  33.3  18.2  50.0
 1986   32.3  25.9  45.9  55.7  64.1  75.1  77.2  68.5  68.1  53.0  33.9  28.8  52.4
 1987   27.4  36.3  43.0  53.4  67.1  74.0  77.1  71.8  64.5  48.8  42.3  31.5  53.1
 1988   22.8  24.0  41.6  49.9  66.5  75.9  76.0  77.7  66.3  48.0  40.3  29.3  51.5
 1989   32.2  15.1  37.1  53.3  60.7  68.3  75.7  72.5  61.0  53.2  36.0  15.9  48.4
 1990   31.0  30.2  40.8  48.5  57.3  72.0  74.4  73.4  68.9  52.5  44.1  22.7  51.3
 1991   14.7  33.9  42.2  54.0  65.9  73.8  74.9  73.2  65.5  51.9  29.7  30.9  50.9
 1992   30.2  35.2  43.4  48.0  61.1  68.0  71.2  67.4  62.5  52.7  34.3  27.8  50.2
 1993   19.1  20.8  34.7  46.0  60.2  68.5  73.6  74.0  58.3  50.3  34.5  28.7  47.4
 1994   17.9  21.6  40.7  50.7  61.7  71.4  72.0  70.7  64.3  54.9  40.8  30.3  49.7
 1995   20.6  29.6  38.8  46.6  55.8  69.6  76.4  77.5  62.0  52.8  32.4  27.5  49.1
 1996   17.1  25.7  31.6  47.6  58.9  71.1  72.7  71.9  61.7  52.5  32.6  23.5  47.2
 1997   17.1  28.3  40.1  45.1  55.4  71.3  74.5  70.5  64.8  52.5  35.0  26.9  48.5
 1998   25.2  36.4  31.2  49.4  65.1  68.3  74.7  73.5  69.4  54.7  42.0  29.7  51.6
 1999   20.7  33.9  36.9  50.1  59.5  69.5  76.6  70.6  60.7  50.0  44.2  28.4  50.1
 2000   26.1  33.5  42.9  49.2  63.9  68.5  73.0  75.2  65.6  55.3  32.4  12.2  49.8
 MEANS  21.8  27.9  38.2  51.3  62.3  71.5  75.9  73.6  65.0  53.7  38.7  26.7  50.6
 
 THESE ARE THE MONTHLY PRECIP TOTALS AND NUMBER OF      MISSING DAYS 1951-2000 FOR STATION #1533
 YEAR    JAN   FEB  MARCH APRIL  MAY  JUNE  JULY AUGUST SEPT   OCT   NOV   DEC   ANN
  
 1951   0.49  2.73  3.60  4.28  8.03  8.06  4.25  6.48  3.59  1.85  1.43  0.34 45.13
           0     0     0     0     0     0     0     0     0     0     0     0     0
 1952   0.48  0.59  2.92  2.81  3.73  4.60  2.73  6.11  1.20  0.00  3.53  1.03 29.73
           0     0     0     0     1     0     0     0     0     0     0     0     1
 1953   0.23  1.14  1.99  3.81  1.00  6.38  1.39  3.31  1.37  0.10  1.28  0.75 22.75
           0     0     0     0     0     0     0     0     0     0     0     0     0
 1954   0.00  1.55  0.68  3.93  2.52  4.56  0.13  7.54  1.05  5.63  0.12  0.32 28.03
           0     0     0     0     0     0     0     0     0     0     0     0     0
 1955   1.41  4.00  0.90  2.08  1.68  5.98  0.63  1.21  2.39  1.23  0.13  0.09 21.73
           0     0     0     0     0     0     0     0     0     0     0     0     0
 1956   0.24  0.50  0.28  0.88  2.24  3.62  5.46  5.48  0.81  1.46  3.29  0.68 24.94
           0     0     0     0     0     0     0     0     0     0     0     0     0
 1957   0.59  0.10  3.06  3.49  4.50  6.66  1.20  2.72  4.70  4.41  1.50  0.84 33.77
           0     0     0     0     0     0     0     0     0     0     0     0     0
 1958   1.00  0.66  0.88  1.09  5.14  1.65 17.19  1.41  6.74  0.27  2.02  0.04 38.09
           0     0     0     0     0     0     0     0     0     0     0     0     0
 1959   0.83  1.01  3.55  2.08  8.88  4.53  3.50  5.59  6.74  2.33  0.76  2.19 41.99
           0     0     0     0     0     0     0     0     0     0     0     0     0
 1960   3.36  1.23  1.50  2.45  3.85  6.43  3.10 10.66  3.34  1.76  0.48  0.48 38.64
           0     0     0     0     0     0     0     0     0     0     0     0     0
 1961   0.26  2.14  5.01  2.32  3.21  5.41  6.49  3.73 12.05  3.02  2.74  1.60 47.98
           0     0     0     0     0     0     0     0     0     0     0     0     0
 1962   0.89  2.11  0.72  1.44  7.67  2.10  9.64  3.89  3.43  3.68  1.21  0.52 37.30
           0     0     0     0     0     0     0     0     0     0     0     0     0
 1963   0.42  0.34  3.23  6.95  4.32  1.87  4.06  7.67  4.17  1.52  1.15  0.50 36.20
           0     0     0     0     0     0     0     0     0     0     0     0     0
 1964   0.20  0.15  1.87  6.45  6.43  7.36  3.55  3.11  5.64  0.33  1.49  0.88 37.46
           0     0     0     0     0     0     0     0     0     0     0     0     0
 1965   1.44  1.28  2.71  2.12  5.45  6.37  6.99  3.60  7.62  0.50  1.25  1.68 41.01
           0     0     0     0     0     0     0     0     0     0     0     0     0
 1966   1.42  0.26  1.69  0.73  3.62  5.36  4.33  2.63  2.65  0.46  0.50  0.77 24.42
           0     0     0     0     0     0     0     0     0     0     0     0     0
 1967   0.70  0.47  2.34  3.08  3.89  9.18  1.91  1.06  2.74  3.59  0.50  1.43 30.89
           0     0     0     0     0     0     0     0     0     0     0     0     0
 1968   0.54  0.16  0.55  4.10  4.11  4.33  3.48  3.92  2.32  3.18  0.96  2.25 29.90
           0     0     0     0     0     0     0     0     0     0     0     0     0
 1969   0.00  0.92  1.34  4.90  5.37  6.01  7.60  2.51  2.33  4.67  0.47  0.00 36.12
          31     0     0     0     0     0     0     0     0     0     0    31    62
 1970   0.00  0.15  1.68  3.83  2.48  2.72  3.17  4.13  4.04  4.25  2.23  0.77 29.45
          31     0     0     0     0     0     0     0     0     0     0     0    31
 1971   1.88  2.07  0.57  1.72  7.40  2.48  3.03  6.51  2.21  4.12  4.34  0.98 37.31
           0     0     0     0     0     0     0     0     0     0     0     0     0
 1972   0.37  0.38  1.23  3.60  4.16  3.68  6.86  3.19  4.98  4.22  4.04  2.12 38.83
           0     0     0     0     0     0     0     0     0     0     0     0     0
 1973   2.44  2.50  6.84  4.19  4.34  1.68  8.15  5.26  8.38  4.79  2.87  2.69 54.13
           0     0     0     0     0     0     0     0     0     0     0     0     0
 1974   1.39  0.60  1.32  4.68  5.68  2.89  0.76  3.26  1.31  3.75  1.99  1.24 28.87
           0     0     0     0     0     0     0     0     0     0     0     0     0
 1975   1.83  1.52  2.01  2.06  4.89  9.44  0.66  2.20  4.85  0.38  3.62  0.79 34.25
           0     0     0     0     0     0     0     0     0     0     0     0     0
 1976   0.30  2.67  2.24  5.52  3.43  2.54  2.17  2.82  2.71  1.71  0.00  0.12 26.23
           0     0     0     0     0     0     0     0     0     0     0     0     0
 1977   0.77  0.25  4.08  1.25  4.99  3.98  3.45 16.60  6.79  6.57  2.29  0.42 51.44
           0     0     0     0     0     0     0     0     0     0     0     0     0
 1978   0.55  0.86  1.12  7.69  5.82  3.71  8.37  3.92  6.97  0.57  2.86  0.34 42.78
           0     0     0     0     0     0     0     0     0     0     0     0     0
 1979   2.12  0.34  5.01  3.21  2.42  3.52  7.22  2.16  3.65  4.55  2.06  0.47 36.73
           0     0     0     0     0     0     0     0     0     0     0     0     0
 1980   0.84  0.47  2.10  2.19  1.21  6.76  2.29  8.72  0.81  2.19  0.63  1.51 29.72
           0     0     0     0     0     0     0     0     0     0     0     0     0
 1981   0.00  0.63  1.85  3.10  4.39  4.01  8.15  4.18  3.58  2.17  2.27  2.10 36.43
           0     0     0     0     0     0     0     0     0     0     0     0     0
 1982   2.28  0.00  5.16  3.31  7.93  3.85  4.09 11.04  4.39  1.85  2.18  2.82 48.90
           0    28     0     0     0     0     0     0     0     0     0     0    28
 1983   0.93  0.53  2.73  1.87  4.60  7.61  1.37  1.31  3.06  3.86  5.74  0.84 34.45
           0     0     0     0     0     0     0     0     0     0     0     0     0
 1984   0.40  1.19  3.03  7.26  5.68  6.48  1.86  0.00  3.35  5.86  0.29  1.87 37.27
           0     0     0     0     0     0     0    31     0     0     0     0    31
 1985   0.60  1.30  1.75  2.13  3.29  2.02  6.92  4.03  5.01  3.59  0.96  0.87 32.47
           0     0     0     0     0     0     0     0     0     0     0     0     0
 1986   0.00  1.47  2.43  6.24  3.75  4.56  5.96  2.56  7.81  3.55  1.09  1.79 41.21
           0     0     0     0     0     0     0     0     0     0     0     0     0
 1987   0.12  0.41  3.70  1.82  9.76  3.66 11.11  9.01  2.65  0.84  3.68  1.24 48.00
           1     0     0     0     0     0     0     0     0     0     0     0     1
 1988   0.35  0.52  0.37  1.66  1.34  0.71  3.98  2.49  3.27  0.44  1.64  0.49 17.26
           0     0     0     0     0     0     0     0     0     0     0     0     0
 1989   1.16  0.70  0.39  0.82  2.02  5.14  4.81  4.68  8.25  2.08  0.00  0.43 30.48
           0     0     0     0     0     0     0     0     0     0     0     0     0
 1990   1.25  0.42  4.38  1.36  5.15  8.11  4.75  3.68  0.81  1.40  2.41  1.00 34.72
           0     0     0     0     0     0     0     0     0     0     0     0     0
 1991   0.84  0.15  4.04  4.90  4.42  5.85  3.02  1.67  1.99  1.96  3.60  1.55 33.99
           0     0     0     0     0     0     0     0     0     0     0     0     0
 1992   1.25  1.70  3.00  3.53  1.78  1.93  7.01  1.98  7.25  1.30  5.21  2.09 38.03
           0     0     0     0     0     0     0     0     0     0     0     0     0
 1993   1.23  0.98  2.08  1.25  9.37  7.34 14.57  4.57  6.25  1.48  0.70  0.96 50.78
           0     0     0     0     0     0     0     0     0     0     0     0     0
 1994   0.66  0.77  0.25  1.85  1.58  7.19  2.14  1.64  2.73  2.57  1.67  1.46 24.51
           0     0     0     0     0     0     0     0     0     0     0     0     0
 1995   0.86  0.68  2.68  4.05  7.32  2.67  3.58  2.24  2.65  0.95  1.86  0.63 30.17
           0     0     0     0     0     0     0     0     0     0     0     0     0
 1996   1.20  0.32  0.96  2.68  9.50  4.50  4.14  4.32  3.11  3.38  4.02  0.18 38.31
           0     0     0     0     0     0     0     0     0     0     0     0     0
 1997   0.79  1.28  1.13  3.40  5.78  3.47  3.59  3.20  2.08  3.72  2.91  1.77 33.12
           0     0     0     0     0     0     0     0     0     0     0     0     0
 1998   0.71  2.29  4.47  2.79  4.31  7.90  6.26  0.92  1.80  3.30  3.18  0.30 38.23
           0     0     0     0     0     0     0     0     0     0     0     0     0
 1999   0.67  1.53  1.14  6.42  5.64  3.73  4.77  5.41  2.57  0.22  1.49  0.51 34.10
           0     0     0     0     0     0     0     0     0     0     0     0     0
 2000   0.21  2.13  1.48  2.44  2.04 10.90  9.60  3.18  1.37  2.17  1.89  1.27 38.68
           0     0     0     0     0     0     0     0     0     0     0     0     0
 
 MEANS  0.85  1.04  2.28  3.24  4.64  4.91  4.91  4.27  3.91  2.48  1.97  1.04 35.54
 PRECIPITATION MEANS AND TOTALS ARE BASED ON DATA      AVAILABLE
 NO ATTEMPT WAS MADE TO ESTIMATE MISSING         PRECIPITATION DATA
 *****************************************************************************************
 *****************************************************************************************
 
 THESE ARE THE MONTHLY HEATING DEGREE DAYS 1951-2000 FOR STATION #1533
 YEAR    JAN    FEB   MARCH  APRIL   MAY    JUNE   JULY  AUGUST  SEPT   OCT   NOV   DEC
 
 1951  1300.0 1012.5  990.0  549.5  116.5   47.0    3.0    2.5  129.0  390.0  947.5 1330.5
 1952  1235.5  873.5  950.5  440.5  152.5    5.0    1.5    7.5   78.5  498.5  801.0 1203.5
 1953  1205.0  893.0  774.0  559.5  225.5    5.5    0.0    0.0   73.5  237.0  662.0 1053.0
 1954  1321.5  696.5  907.5  295.5  266.5   24.5    0.0    0.0   35.0  367.0  628.0 1049.5
 1955  1282.0 1218.5  853.5  232.0   77.0   53.5    0.0    1.0   68.0  330.5  976.0 1251.0
 1956  1315.5 1114.0  820.0  481.5  111.0   16.5    0.0   14.5   70.5  155.0  774.5 1059.5
 1957  1468.0  939.5  828.0  439.5  166.0   12.0    0.0    0.0  133.0  457.5  828.0  955.5
 1958  1215.0 1283.0  906.5  405.0   99.0   17.5    0.0   17.0   55.0  299.0  648.5 1192.0
 1959  1436.0 1082.5  750.5  435.5  131.0   13.0    8.5    0.0  127.5  457.5  944.0  938.5
 1960  1310.0 1267.5 1304.0  388.5  141.0   13.5    1.0    0.0   89.5  344.5  752.0 1162.5
 1961  1289.0  947.5  813.0  552.5  209.0   21.5    0.0    5.0  173.0  321.0  820.5 1402.0
 1962  1519.0 1098.5 1007.5  466.0   29.0   19.0    3.5    2.0  140.0  341.0  749.5 1179.0
 1963  1653.5 1121.0  702.5  367.5  137.5    0.0    0.0    8.0   48.5   85.0  623.0 1466.0
 1964  1076.5  979.0  898.5  335.5   64.5   31.5    0.0   28.0  106.0  379.5  659.5 1207.5
 1965  1285.5 1147.5 1177.5  379.5   52.5    4.5    0.0    4.5  122.0  288.0  673.0  870.5
 1966  1426.0 1022.5  651.5  508.0  184.5   15.5    0.0   19.5  132.0  338.0  712.5 1163.0
 1967  1213.5 1082.5  715.5  350.5  255.5   19.5   10.0   12.0  103.0  411.0  805.0 1101.0
 1968  1334.0 1082.5  603.0  321.5  203.0   14.5    0.5    2.0   57.0  311.0  820.5 1246.0
 1969  1432.5 1012.0  955.5  343.0  127.5   40.0    0.0    0.0   34.5  469.5  733.5 1244.0
 1970  1464.0  946.0  909.0  387.0   67.5   10.0    2.5    3.0  104.0  420.5  827.5 1090.5
 1971  1458.5 1163.0  883.5  328.5  200.5    0.0    8.0    3.5  110.0  246.5  744.0 1082.0
 1972  1350.0 1102.5  751.5  418.5  145.5   10.5    6.5    5.0   93.0  455.0  849.5 1334.0
 1973  1272.0  996.0  662.0  460.0  168.5    0.0    0.0    0.0   84.5  219.0  700.5 1255.5
 1974  1361.5  957.0  679.5  340.5  132.0   17.5    0.0   13.0  158.0  299.0  749.0 1100.5
 1975  1273.0 1154.5 1006.0  483.5   83.0   10.5    1.5    0.0  160.0  281.5  656.0 1065.0
 1976  1245.5  817.5  761.0  300.5  194.0    5.0    0.0    0.0   74.0  535.5  953.5 1261.5
 1977  1646.5  965.0  608.5  259.0   24.5    0.0    0.0    2.5   36.5  381.0  754.5 1245.5
 1978  1608.0 1373.5  969.0  400.5  200.5   10.5    0.0    2.5   57.0  381.0  784.0 1257.0
 1979  1739.0 1399.0  880.5  486.5  153.0   13.0    1.5    6.5   63.5  349.5  836.5 1026.5
 1980  1273.5 1238.5  950.0  414.5  130.5   10.5    0.0    0.0   88.0  432.5  693.5 1123.5
 1981  1170.5  979.0  709.5  213.0  201.5    1.0    4.5    9.0   78.5  404.5  666.0 1222.5
 1982  1601.0 1155.5  848.0  477.5   86.5   35.5    0.0   15.5  111.0  334.5  777.5 1029.0
 1983  1157.5  907.5  801.0  582.0  221.5   18.0    0.0    0.0   76.5  342.0  704.0 1682.5
 1984  1323.0  809.0  976.5  511.0  212.0    1.5    0.0    2.5  141.0  288.5  643.5 1025.5
 1985  1451.0 1131.0  637.5  304.5   38.5   13.0    0.0    0.5  151.5  308.5  952.0 1449.5
 1986  1013.5 1094.5  605.0  302.0   84.0    0.0    0.0   31.5   42.0  371.0  933.0 1122.0
 1987  1166.0  804.0  680.5  379.0   56.0    7.5    3.0   21.5   61.5  501.5  681.5 1038.0
 1988  1308.0 1188.5  724.0  452.5   40.5    5.5    8.5   12.5   58.5  528.5  741.5 1106.0
 1989  1015.5 1398.0  869.0  415.5  183.5   31.0    3.5   10.0  178.5  374.0  871.5 1521.5
 1990  1055.5  974.0  750.0  517.5  244.5   23.5   11.0    4.5   81.5  399.0  628.5 1312.5
 1991  1560.5  871.5  710.0  345.5  116.0    2.5    0.0    0.5  136.5  414.5 1059.0 1058.5
 1992  1078.5  863.5  671.0  510.5  168.0   25.5    6.0   33.5  146.0  386.0  920.5 1154.5
 1993  1421.5 1238.0  940.5  568.5  163.0   51.5    0.0    7.5  216.0  468.5  915.5 1125.0
 1994  1460.0 1215.5  753.0  445.0  161.0   24.0    1.5   15.0  112.0  326.0  726.5 1076.5
 1995  1375.5  991.0  811.0  551.5  287.0   27.5    6.0    0.0  166.5  387.5  977.5 1164.0
 1996  1486.0 1140.0 1035.5  527.5  235.0   36.5    3.5    1.0  165.0  394.0  973.0 1285.5
 1997  1485.0 1028.5  770.5  596.5  307.5    5.0   10.5    7.5   88.5  438.5  898.5 1182.0
 1998  1232.5  802.0 1048.0  473.0   79.5   67.0    0.0    0.0   36.5  330.5  691.5 1095.0
 1999  1372.5  871.0  872.0  446.5  181.0   37.0    3.0    7.5  188.0  466.0  623.0 1135.0
 2000  1206.0  912.5  686.5  473.5  113.5   44.0    0.0    2.5  124.0  307.0  979.0 1637.0
 *****************************************************************************************
 MEANS 1370.4 1072.1  851.8  435.4  153.0   19.3    2.3    7.2  106.6  374.7  808.3 1214.6
 
 THESE ARE THE MONTHLY COOLING DEGREE DAYS 1951-2000 FOR STATION #1533
 YEAR    JAN   FEB  MARCH APRIL  MAY  JUNE  JULY AUGUST SEPT   OCT   NOV   DEC   ANN
 
 1951    0.0   0.0   0.0  13.0  50.5  98.5 278.5 269.5  31.0  30.0   0.0   0.0
 1952    0.0   0.0   0.0   2.0  54.5 370.0 331.5 210.5 108.0   0.5   0.0   0.0
 1953    0.0   0.0   0.0   0.0  72.0 313.0 370.5 280.0 117.5  41.0   0.0   0.0
 1954    0.0   0.0   0.0  28.5  34.5 319.5 527.0 328.0 164.5  41.0   0.0   0.0
 1955    0.0   0.0   0.0  24.0  71.0 146.0 496.5 391.5 192.0   7.0   0.0   0.0
 1956    0.0   0.0   0.0  22.0 128.5 327.5 306.0 336.0 116.5  34.5   0.0   0.0
 1957    0.0   0.0   0.0   6.0  29.0 148.5 470.0 330.5  28.0   0.0   0.0   0.0
 1958    0.0   0.0   0.0   2.5  65.5 139.0 239.0 307.5 118.5  24.0   0.0   0.0
 1959    0.0   0.0   0.0   3.5  98.5 224.5 254.0 380.0 112.5   0.0   0.0   0.0
 1960    0.0   0.0   0.0  29.5  38.0 140.5 263.0 281.5 125.0   3.5   0.0   0.0
 1961    0.0   0.0   0.0  20.0  39.0 167.0 285.5 220.0  76.5   1.0   0.0   0.0
 1962    0.0   0.0   0.0   9.0 182.0 178.5 284.0 249.0  57.0  41.5   0.0   0.0
 1963    0.0   0.0   0.0   7.5  59.0 326.5 383.5 263.5 100.0  65.5   0.0   0.0
 1964    0.0   0.0   0.0  10.5 142.5 212.5 426.5 198.0  99.0   0.0   0.0   0.0
 1965    0.0   0.0   0.0  16.0 122.0 168.0 312.5 251.5  64.0  13.5   0.0   0.0
 1966    0.0   0.0   0.0   0.0  64.5 191.5 438.5 191.0  49.0  14.0   0.0   0.0
 1967    0.0   0.0  10.5  22.5  75.0 160.0 271.5 208.5  39.5  24.5   0.0   0.0
 1968    0.0   0.0   5.0   6.5  31.0 270.0 326.0 300.5  78.0  38.0   0.0   0.0
 1969    0.0   0.0   0.0   0.0  96.0 160.5 380.5 293.5  92.0  24.5   0.0   0.0
 1970    0.0   0.0   0.0  35.5 124.0 212.0 362.0 339.5 134.0   9.5   0.0   0.0
 1971    0.0   0.0   0.0  12.5  24.5 342.5 255.0 244.5 169.0  31.0   0.0   0.0
 1972    0.0   0.0   0.0   7.5  60.5 228.0 286.0 273.0 140.0   7.0   0.0   0.0
 1973    0.0   0.0   0.0   4.0  24.0 245.0 301.0 321.0  73.0  14.0   0.0   0.0
 1974    0.0   0.0   0.0   7.5  70.0 164.5 499.5 198.5  46.5   3.5   0.0   0.0
 1975    0.0   0.0   0.0   8.5  83.0 214.5 373.5 410.0  60.5  25.5   0.0   0.0
 1976    0.0   0.0   0.0  17.5  25.0 197.5 372.5 299.0 108.5  16.5   0.0   0.0
 1977    0.0   0.0   0.0  26.0 127.0 279.0 421.5 214.5  84.5   0.5   0.0   0.0
 1978    0.0   0.0   1.5   4.0  67.5 243.5 319.0 274.5 198.5   2.5   0.5   0.0
 1979    0.0   0.0   0.0   0.0  59.5 195.0 260.0 271.0  90.0  11.0   0.0   0.0
 1980    0.0   0.0   0.0  13.0  56.0 245.5 498.5 380.0 145.5   1.5   0.0   0.0
 1981    0.0   0.0   0.0  42.0  35.0 237.0 342.0 202.5  73.0   3.5   0.0   0.0
 1982    0.0   0.0   0.0   3.0  50.0 106.0 381.5 240.0 111.0   8.5   0.0   0.0
 1983    0.0   0.0   0.0   4.0  20.0 211.5 437.5 518.0 193.5  29.5   0.0   0.0
 1984    0.0   0.0   0.0   9.0  28.5 240.5 329.0 353.0 127.5   9.5   0.0   0.0
 1985    0.0   0.0   0.0  35.5  84.0 176.0 358.0 204.0 166.0   2.0   0.0   0.0
 1986    0.0   0.0  12.0  23.0  56.0 303.5 379.0 141.5 134.5   0.0   0.0   0.0
 1987    0.0   0.0   0.0  31.5 121.0 278.0 377.0 232.5  47.5   0.0   0.0   0.0
 1988    0.0   0.0   0.0   0.0  88.0 334.0 350.5 405.0  96.5   2.0   0.0   0.0
 1989    0.0   0.0   3.0  65.5  51.5 130.5 334.5 244.0  58.0   8.5   0.0   0.0
 1990    0.0   0.0   0.0  23.5   6.5 233.5 301.0 265.0 199.0  11.5   2.0   0.0
 1991    0.0   0.0   4.5  16.0 143.0 266.5 306.0 255.0 151.0   8.0   0.0   0.0
 1992    0.0   0.0   0.0   2.0  46.5 115.0 199.0 109.0  71.0   5.5   0.0   0.0
 1993    0.0   0.0   0.0   0.0  15.5 155.5 265.5 287.0  16.0  13.5   0.0   0.0
 1994    0.0   0.0   0.0  14.5  58.0 217.5 219.5 192.5  90.5  13.5   0.0   0.0
 1995    0.0   0.0   0.0   0.0   1.0 166.5 360.0 388.5  76.0   9.0   0.0   0.0
 1996    0.0   0.0   0.0   5.0  46.0 219.5 241.0 213.5  64.5   7.0   0.0   0.0
 1997    0.0   0.0   0.0   0.0  10.5 195.0 305.0 177.5  83.5  52.0   0.0   0.0
 1998    0.0   0.0   1.5   5.0  83.5 167.5 302.0 262.0 168.0  10.5   0.0   0.0
 1999    0.0   0.0   0.0   0.0  10.5 172.5 364.0 182.5  60.0   2.5   0.0   0.0
 2000    0.0   0.0   0.5   0.0  80.0 149.5 249.5 318.0 140.5   5.0   0.0   0.0
 *****************************************************************************************
 MEANS   0.0   0.0   0.8  12.9  65.1 217.4 345.2 278.3 104.3  14.7   0.1   0.0
 
 THESE ARE THE HEAT STRESS VARIABLES 1951-2000 FOR STATION #1533
             # OF DAYS MAXT >86                           HEAT INDEX
 YEAR   MAY  JUNE  JULY   AUG  SEPT  TOTAL     MAY    JUNE   JULY   AUG    SEPT  TOTAL
 1951   1.0   2.0  14.0   9.0   1.0   27.0      1.0    5.0   65.0   55.0    1.0  127.0
 1952   3.0  20.0  20.0   8.0  10.0   61.0     10.0  132.0  113.0   17.0   20.0  292.0
 1953   5.0  20.0  21.0  14.0   9.0   69.0     22.0   87.0  159.0  100.0   55.0  423.0
 1954   0.0  16.0  28.0  16.0  11.0   71.0      0.0   97.0  283.0   79.0   57.0  516.0
 1955   5.0   5.0  28.0  22.0  12.0   72.0     10.0   21.0  216.0  198.0   87.0  532.0
 1956   8.0  19.0  13.0  21.0  11.0   72.0     30.0  125.0   75.0  104.0   74.0  408.0
 1957   0.0   4.0  27.0  19.0   1.0   51.0      0.0   14.0  198.0  136.0    2.0  350.0
 1958   0.0   6.0   7.0  21.0   5.0   39.0      0.0   26.0   24.0   88.0   16.0  154.0
 1959   2.0  10.0   9.0  20.0   4.0   45.0      4.0   35.0   38.0   91.0   16.0  184.0
 1960   0.0   7.0  16.0  16.0   7.0   46.0      0.0   22.0   70.0   57.0   38.0  187.0
 1961   0.0   6.0  11.0   8.0   4.0   29.0      0.0   31.0   58.0   28.0   11.0  128.0
 1962  15.0  10.0  15.0  14.0   2.0   56.0     35.0   29.0   67.0   58.0    9.0  198.0
 1963   2.0  16.0  23.0  12.0   3.0   56.0      8.0   98.0  105.0   52.0    7.0  270.0
 1964   7.0  10.0  25.0  10.0   5.0   57.0     20.0   30.0  163.0   65.0   17.0  295.0
 1965   4.0   3.0  12.0  16.0   1.0   36.0      8.0    6.0   64.0   71.0    4.0  153.0
 1966   6.0   8.0  25.0   9.0   0.0   48.0     28.0   26.0  160.0   22.0    0.0  236.0
 1967   5.0   2.0  15.0  13.0   0.0   35.0     44.0    4.0   85.0   40.0    0.0  173.0
 1968   2.0  18.0  21.0  14.0   1.0   56.0     14.0   74.0   90.0   81.0    1.0  260.0
 1969   3.0   9.0  19.0  16.0   3.0   50.0      5.0   51.0  103.0   50.0    6.0  215.0
 1970   3.0  11.0  22.0  22.0   7.0   65.0      7.0   44.0  166.0  113.0   39.0  369.0
 1971   0.0  21.0  16.0  14.0  14.0   65.0      0.0  115.0   61.0   63.0   59.0  298.0
 1972   2.0  12.0  14.0  13.0   7.0   48.0      3.0   76.0   64.0   95.0   34.0  272.0
 1973   2.0  12.0  16.0  19.0   2.0   51.0      4.0   71.0   79.0   78.0    3.0  235.0
 1974   1.0   8.0  31.0   9.0   5.0   54.0      2.0   59.0  327.0   42.0    8.0  438.0
 1975   5.0  11.0  22.0  26.0   3.0   67.0     17.0   46.0  137.0  204.0   31.0  435.0
 1976   1.0  11.0  22.0  18.0   9.0   61.0      2.0   47.0  149.0   91.0   26.0  315.0
 1977   1.0  16.0  27.0  10.0   0.0   54.0      1.0   95.0  183.0   34.0    0.0  313.0
 1978   3.0  13.0  14.0  15.0  13.0   58.0      4.0   70.0   73.0   76.0   53.0  276.0
 1979   3.0  12.0  11.0  16.0   4.0   46.0      6.0   39.0   47.0   72.0    8.0  172.0
 1980   2.0  13.0  25.0  21.0   8.0   69.0      5.0   82.0  263.0  135.0   39.0  524.0
 1981   0.0  15.0  12.0   5.0   1.0   33.0      0.0   57.0   93.0   15.0    4.0  169.0
 1982   0.0   3.0  21.0   7.0   0.0   31.0      0.0   11.0   89.0   43.0    0.0  143.0
 1983   1.0   9.0  25.0  28.0  12.0   75.0      2.0   36.0  158.0  256.0   72.0  524.0
 1984   0.0   8.0  20.0  19.0   7.0   54.0      0.0   24.0  107.0  108.0   40.0  279.0
 1985   0.0  10.0  20.0   7.0   8.0   45.0      0.0   36.0  107.0   20.0   39.0  202.0
 1986   0.0  16.0  22.0   1.0   1.0   40.0      0.0   70.0   79.0    3.0    1.0  153.0
 1987   5.0  15.0  20.0   7.0   2.0   49.0     12.0   69.0  110.0   57.0    3.0  251.0
 1988   3.0  20.0  18.0  21.0   5.0   67.0      7.0  164.0  121.0  190.0   14.0  496.0
 1989   3.0   4.0  16.0   8.0   1.0   32.0     17.0   15.0   93.0   24.0    3.0  152.0
 1990   0.0  10.0  12.0  10.0  14.0   46.0      0.0   42.0   84.0   58.0   75.0  259.0
 1991   4.0  11.0  16.0  13.0   7.0   51.0      8.0   43.0   76.0   69.0   28.0  224.0
 1992   2.0   3.0   6.0   3.0   0.0   14.0      2.0    7.0   15.0    7.0    0.0   31.0
 1993   0.0   6.0   5.0  11.0   1.0   23.0      0.0   10.0   13.0   57.0    4.0   84.0
 1994   2.0   9.0   7.0  10.0   2.0   30.0      4.0   24.0   17.0   41.0    8.0   94.0
 1995   0.0   7.0  18.0  23.0   2.0   50.0      0.0   19.0  113.0  116.0    2.0  250.0
 1996   3.0  11.0   6.0   2.0   0.0   22.0      7.0   36.0   22.0    4.0    0.0   69.0
 1997   1.0   8.0  13.0  10.0   4.0   36.0      3.0   26.0   64.0   26.0   11.0  130.0
 1998   4.0   6.0   8.0  11.0  12.0   41.0     13.0   27.0   34.0   55.0   53.0  182.0
 1999   0.0   7.0  19.0   7.0   3.0   36.0      0.0   22.0  100.0   27.0    9.0  158.0
 2000   6.0   6.0   8.0  13.0  10.0   43.0     28.0   22.0   19.0   62.0   74.0  205.0
 *****************************************************************************************
 MEANS  2.5  10.5  17.5  13.7   5.2   49.4      8.0   49.1  105.4   73.7   23.5  259.7
