 
 THIS IS FOR STATION NUMBER 5493 1951-> 2000
                                 # OF PRECIPITATION EVENTS - % IN PARENS
 CL                   MAX   MEAN  0.01-  0.26-  0.51-  1.01-          # OF DAYS
 WK    TIME PERIOD    VAL   RAIN    0.25   0.51   1.00   2.00  >2.01 MISSING TOTAL
  1 3/1-->3/7        1.50   0.32  57(71) 16(20)  6( 7)  1( 1)  0( 0)    0       80
  2 3/8-->3/14       1.34   0.39  58(70) 10(12) 12(14)  2( 2)  0( 0)    0       82
  3 3/15-->3/21      1.39   0.36  60(71) 14(16)  8( 9)  2( 2)  0( 0)    0       84
  4 3/22-->3/28      2.61   0.50  49(59) 18(21) 12(14)  2( 2)  1( 1)    1       82
  5 3/29-->4/4       1.60   0.53  60(65) 16(17)  8( 8)  8( 8)  0( 0)    0       92
  6 4/5-->4/11       1.16   0.44  62(68) 16(17) 10(10)  3( 3)  0( 0)    0       91
  7 4/12-->4/18      1.91   0.64  57(57) 23(23) 11(11)  9( 9)  0( 0)    0      100
  8 4/19-->4/25      2.63   0.69  52(51) 22(21) 21(20)  5( 4)  1( 0)    1      101
  9 4/26-->5/2       1.49   0.84  65(54) 27(22) 19(15)  9( 7)  0( 0)    0      120
 10 5/3-->5/9        3.00   0.74  59(53) 24(21) 23(20)  3( 2)  1( 0)    1      110
 11 5/10-->5/16      2.68   0.80  71(60) 20(16) 15(12) 11( 9)  1( 0)    0      118
 12 5/17-->5/23      2.63   0.92  53(46) 29(25) 20(17) 10( 8)  2( 1)    1      114
 13 5/24-->5/30      2.68   0.99  88(62) 24(17) 17(12)  6( 4)  5( 3)    0      140
 14 5/31-->6/6       2.84   0.74  47(48) 21(21) 21(21)  6( 6)  1( 1)    0       96
 15 6/7-->6/13       2.84   1.06  66(54) 21(17) 19(15) 13(10)  3( 2)    1      122
 16 6/14-->6/20      3.63   1.28  75(52) 20(14) 30(21) 14( 9)  3( 2)    0      142
 17 6/21-->6/27      3.10   1.17  47(41) 26(22) 20(17) 17(14)  4( 3)    0      114
 18 6/28-->7/4       6.17   0.99  54(52) 25(24) 12(11)  7( 6)  5( 4)    0      103
 19 7/5-->7/11       3.07   1.12  63(54) 18(15) 14(12) 13(11)  7( 6)    1      115
 20 7/12-->7/18      2.55   0.61  53(58) 19(20) 12(13)  5( 5)  2( 2)    0       91
 21 7/19-->7/25      2.23   0.79  61(58) 18(17) 14(13) 10( 9)  2( 1)    0      105
 22 7/26-->8/1       4.35   0.70  54(61) 11(12) 17(19)  3( 3)  3( 3)    1       88
 23 8/2-->8/8        3.62   0.93  50(51) 16(16) 17(17) 12(12)  2( 2)    7       97
 24 8/9-->8/15       2.87   0.65  39(52) 10(13) 16(21)  8(10)  1( 1)    7       74
 25 8/16-->8/22      3.43   0.85  64(60) 18(16) 11(10) 10( 9)  3( 2)    8      106
 26 8/23-->8/29      2.34   0.78  49(53) 15(16) 18(19)  9( 9)  1( 1)    7       92
 27 8/30-->9/5       5.05   0.75  57(58) 20(20)  9( 9) 10(10)  1( 1)    2       97
 28 9/6-->9/12       4.00   0.72  45(59) 11(14) 10(13)  6( 7)  4( 5)    0       76
 29 9/13-->9/19      3.02   0.72  53(54) 18(18) 17(17)  9( 9)  1( 1)    0       98
 30 9/20-->9/26      1.98   0.72  54(54) 18(18) 19(19)  9( 9)  0( 0)    1      100
 31 9/27-->10/3      2.39   0.59  44(56) 12(15) 15(19)  5( 6)  2( 2)    0       78
 32 10/4-->10/10     2.60   0.53  48(60) 17(21)  6( 7)  7( 8)  1( 1)    0       79
 33 10/11-->10/17    2.23   0.44  39(61)  9(14)  8(12)  6( 9)  1( 1)    1       63
 34 10/18-->10/24    1.57   0.34  46(67) 13(19)  7(10)  2( 2)  0( 0)    0       68
 35 10/25-->10/31    1.73   0.40  32(55) 15(25)  6(10)  5( 8)  0( 0)    0       58
 36 11/1-->11/7      1.47   0.30  34(65)  6(11)  9(17)  3( 5)  0( 0)    0       52
 37 11/8-->11/14     3.00   0.38  44(67)  9(13)  8(12)  3( 4)  1( 1)    0       65
 38 11/15-->11/21    2.29   0.42  47(63) 16(21)  7( 9)  3( 4)  1( 1)    0       74
 39 11/22-->11/28    0.83   0.21  50(76) 12(18)  3( 4)  0( 0)  0( 0)    0       65
 40 11/29-->12/5     1.49   0.21  52(80)  8(12)  4( 6)  1( 1)  0( 0)    0       65
 41 12/6-->12/12     0.53   0.13  37(80)  8(17)  1( 2)  0( 0)  0( 0)    0       46
 42 12/13-->12/19    0.75   0.19  44(75) 12(20)  2( 3)  0( 0)  0( 0)    0       58
 43 12/20-->12/26    1.13   0.16  59(89)  4( 6)  2( 3)  1( 1)  0( 0)    0       66
 44 12/27-->1/2      0.71   0.22  49(76) 10(15)  5( 7)  0( 0)  0( 0)    0       64
 45 1/3-->1/9        0.35   0.08  43(93)  3( 6)  0( 0)  0( 0)  0( 0)    0       46
 46 1/10-->1/16      0.63   0.13  53(91)  4( 6)  1( 1)  0( 0)  0( 0)    0       58
 47 1/17-->1/23      0.87   0.14  56(93)  1( 1)  3( 5)  0( 0)  0( 0)    1       60
 48 1/24-->1/30      0.50   0.14  62(89)  6( 8)  1( 1)  0( 0)  0( 0)    0       69
 49 1/31-->2/6       0.54   0.12  36(80)  8(17)  1( 2)  0( 0)  0( 0)    0       45
 50 2/7-->2/13       0.97   0.14  46(90)  2( 3)  3( 5)  0( 0)  0( 0)    0       51
 51 2/14-->2/20      1.23   0.26  56(78)  7( 9)  7( 9)  1( 1)  0( 0)    0       71
 52 2/21-->2/27      0.96   0.19  45(73) 10(16)  6( 9)  0( 0)  0( 0)    0       61
 53 2/28-->2/29      1.78   0.06   6(60)  3(30)  0( 0)  1(10)  0( 0)    0       10
 ANNUAL TOTALS       6.17   2750(62)759(17)563(12)270( 6) 60( 1)   41     4402
 
 THESE ARE THE MONTHLY AVERAGES FOR 1951-->2000 FOR STATION NUMBER 5493
   JAN  FEB  MAR  APR  MAY  JUN  JUL  AUG  SPT  OCT  NOV  DEC  ANNUAL
   0.57 0.77 1.73 2.78 3.73 4.59 3.76 3.54 2.98 1.94 1.41 0.74 28.54  <-- PRECIP
  
   13.8 20.7 31.7 47.2 60.2 69.8 73.9 71.7 62.4 50.7 33.4 19.6  50.5  <-- TEMP
 
 TWELVE SIGNIFICANT RAINFALL EVENTS  
 MONTH  DAY  YEAR   AMOUNT
   7      4  1962     6.17
   8     30  1962     5.05
   7     31  1964     4.35
   9      8  1964     4.00
   6     29  1993     3.89
   6     18  1954     3.63
   8      3  1987     3.62
   8     22  1975     3.43
   6     23  1994     3.10
   5      6  1964     3.00
   9      7  1964     3.00
  11      9  1977     3.00
 
 GROWING DEGREE DAYS FOR 4 BASE TEMPS FOR STATION NUMBER  5493
               MARCH                       APRIL  
     ****************************  ******************* ******** 
 YEAR  40-86  48-86  50-86  52-86   40-86  48-86  50-86  52-86  
     ****************************  ******************* ******** 
 1951      7      0      0      0    164     78     65     56
 1952     22      7      5      3    341    216    191    170
 1953     95     34     25     19    156     64     52     43
 1954     22      4      2      1    354    223    197    171
 1955     86     39     29     21    442    289    257    227
 1956     32      8      5      2    215    118     97     77
 1957     68     16     10      6    317    206    184    163
 1958     55     13      7      4    291    170    143    120
 1959     73     24     17     12    327    202    178    156
 1960     13      1      0      0    308    181    155    133
 1961     59     19     13      9    185     90     71     54
 1962     11      1      0      0    263    156    137    121
 1963    157    102     92     82    376    238    208    180
 1964     60     19     13      8    331    200    172    147
 1965      1      0      0      0    226    127    108     92
 1966    184     97     80     66    187     94     76     62
 1967    171    105     91     78    320    184    154    126
 1968    264    167    147    128    385    246    216    187
 1969      6      0      0      0    305    179    154    130
 1970      7      0      0      0    299    192    170    149
 1971     51     23     19     15    349    221    193    167
 1972     73     29     21     13    236    127    106     88
 1973    125     48     34     22    285    164    139    114
 1974     89     35     28     22    335    200    172    145
 1975     27      6      4      2    138     55     40     27
 1976    121     63     53     45    412    262    228    195
 1977    126     50     39     29    470    314    280    250
 1978    105     61     52     44    219    109     86     66
 1979      9      0      0      0    187     93     77     62
 1980     44     14     10      6    339    209    183    161
 1981    192     94     77     60    420    266    235    206
 1982     31      2      1      0    248    144    124    104
 1983     48     15     10      7    131     64     53     43
 1984     12      0      0      0    208     91     73     57
 1985    124     58     47     37    429    283    252    221
 1986    154     85     75     67    347    194    162    135
 1987    140     69     55     41    470    312    282    252
 1988    140     59     46     37    324    203    176    152
 1989    105     53     45     38    339    203    174    149
 1990    116     44     32     23    366    220    190    165
 1991    106     49     40     32    335    194    166    141
 1992    106     44     33     24    220    116     98     82
 1993     20      3      1      0    196    100     82     67
 1994    103     43     34     26    319    207    183    159
 1995    101     39     30     21    179     83     65     50
 1996     58     21     16     12    236    134    113     94
 1997     89     45     37     29    228    127    106     86
 1998     73     41     35     30    317    184    156    129
 1999    121     54     43     34    277    144    120     99
 2000    211    118    100     82    319    186    163    142
     ****************************  ******************* ******** 
 MEAN   84.5   38.7   31.2   24.9  293.6  173.5  149.5  127.7
 STDV   60.6   36.8   32.0   27.6   86.5   66.3   61.2   56.0
 
               MAY                         JUNE   
     ****************************  ******************* ******** 
 YEAR  40-86  48-86  50-86  52-86   40-86  48-86  50-86  52-86  
     ****************************  ******************* ******** 
 1951    621    411    365    323    672    446    395    349
 1952    537    340    297    258    908    671    613    557
 1953    548    362    322    287    869    633    576    522
 1954    460    301    266    235    873    639    584    530
 1955    704    483    435    392    764    533    483    433
 1956    609    413    373    336    958    724    666    609
 1957    516    322    281    245    783    546    489    437
 1958    671    474    431    389    707    484    438    396
 1959    632    423    375    329    916    681    624    569
 1960    594    392    347    305    789    551    495    440
 1961    496    312    273    238    820    586    534    483
 1962    689    471    421    373    791    554    498    444
 1963    567    387    348    313    920    682    626    572
 1964    731    512    463    418    877    647    593    541
 1965    671    451    404    363    834    595    540    488
 1966    538    369    333    301    863    625    570    518
 1967    489    322    286    253    824    586    529    474
 1968    493    314    276    241    874    642    587    534
 1969    638    425    378    335    688    472    422    375
 1970    655    459    416    373    888    653    598    544
 1971    542    360    322    285    947    707    648    589
 1972    650    444    396    351    837    603    549    496
 1973    573    375    332    295    901    661    602    544
 1974    540    346    305    267    811    577    522    469
 1975    661    441    397    357    802    569    514    463
 1976    594    396    353    314    888    654    598    544
 1977    811    570    515    463    868    628    569    513
 1978    598    405    364    324    834    605    554    505
 1979    494    322    288    258    813    582    527    474
 1980    637    436    394    353    815    580    525    478
 1981    553    359    319    281    826    587    530    478
 1982    610    385    334    284    685    462    413    368
 1983    435    268    233    202    781    549    494    441
 1984    531    339    298    262    846    606    546    490
 1985    697    478    431    386    738    512    461    414
 1986    637    409    361    314    887    647    588    530
 1987    787    550    496    446    943    703    645    589
 1988    803    573    520    469    976    738    680    623
 1989    635    429    384    343    824    589    534    482
 1990    542    344    300    259    887    655    597    540
 1991    700    488    439    392    955    715    655    595
 1992    629    430    387    344    807    570    514    460
 1993    524    324    281    243    733    501    447    393
 1994    697    487    439    393    889    649    590    531
 1995    471    281    243    209    841    605    549    494
 1996    452    261    223    190    857    622    565    510
 1997    463    282    245    211    901    661    601    541
 1998    742    508    456    407    755    530    477    424
 1999    615    390    342    295    824    586    531    478
 2000    664    443    395    349    775    541    485    434
     ****************************  ******************* ******** 
 MEAN  603.1  401.5  357.9  317.3  837.5  603.1  547.7  494.3
 STDV   93.6   77.6   73.1   68.5   72.8   69.1   66.9   64.1
 
               JULY                        AUGUST 
     ****************************  ******************* ******** 
 YEAR  40-86  48-86  50-86  52-86   40-86  48-86  50-86  52-86  
     ****************************  ******************* ******** 
 1951    900    653    593    535    861    615    555    495
 1952    959    713    654    596    850    605    546    493
 1953    953    706    647    589    929    681    619    560
 1954   1022    774    712    650    936    688    626    566
 1955   1118    870    808    746   1052    805    745    685
 1956    914    666    604    544    921    681    623    566
 1957   1106    858    796    734    924    677    616    555
 1958    908    662    602    543    972    728    669    612
 1959    975    727    666    608   1042    794    732    671
 1960    969    721    660    601    976    728    666    604
 1961    926    678    616    555    959    711    649    587
 1962    902    655    595    537    903    656    595    538
 1963    988    740    678    616    894    650    594    540
 1964   1054    806    744    682    848    606    550    497
 1965    958    711    651    592    865    623    566    511
 1966   1066    818    756    694    848    602    543    489
 1967    939    697    639    582    889    653    596    543
 1968    985    737    676    616    939    691    631    574
 1969   1032    784    722    661    968    720    658    596
 1970   1004    756    696    636    950    702    641    583
 1971    895    654    596    540    932    686    626    569
 1972    927    682    622    564    896    651    591    531
 1973    990    742    680    619    991    743    681    620
 1974   1086    838    776    715    855    610    549    490
 1975   1022    776    716    658    973    725    663    602
 1976   1034    786    725    665    970    722    660    600
 1977   1030    782    721    660    850    604    545    491
 1978    965    717    655    595    945    699    639    581
 1979    971    723    661    600    908    662    602    545
 1980    941    695    638    582   1003    755    693    631
 1981    947    699    637    577    837    590    532    477
 1982   1005    757    695    633    870    626    568    511
 1983   1046    798    736    675   1049    801    739    677
 1984    938    693    633    574    944    700    641    583
 1985    918    671    610    552    756    521    467    418
 1986   1021    773    711    650    840    597    539    482
 1987   1066    818    756    694    847    602    542    485
 1988   1041    793    731    669   1000    757    700    643
 1989   1051    803    741    679    966    718    657    597
 1990    944    696    635    575    956    708    646    586
 1991    966    718    656    595    937    689    628    567
 1992    771    523    462    402    765    521    466    415
 1993    940    692    630    568    926    678    618    559
 1994    889    641    579    519    848    603    543    484
 1995    983    736    675    614   1055    807    745    683
 1996    908    660    598    537    906    658    596    534
 1997    998    750    689    630    898    650    590    531
 1998    994    746    684    622    968    720    658    596
 1999   1067    819    757    696    928    680    619    558
 2000    964    717    656    597    952    704    642    580
     ****************************  ******************* ******** 
 MEAN  980.2  732.8  671.8  611.7  922.2  676.3  616.4  558.1
 STDV   65.5   65.0   64.5   63.6   67.3   65.8   64.4   62.2
 
               SEPTEMBER                   OCTOBER
     ****************************  ******************* ******** 
 YEAR  40-86  48-86  50-86  52-86   40-86  48-86  50-86  52-86  
     ****************************  ******************* ******** 
 1951    476    297    259    223      0      0      0      0
 1952    681    483    440    401     45     30     27     24
 1953    660    462    420    380    475    325    292    262
 1954    676    451    401    353    162     76     59     45
 1955    712    510    463    419    248    161    142    124
 1956    625    428    387    348    141     94     86     78
 1957    569    367    325    287    136     77     67     59
 1958    724    513    466    424      0      0      0      0
 1959    654    450    408    370     97     55     47     39
 1960    659    446    403    361    304    204    182    161
 1961    561    379    339    302      0      0      0      0
 1962    575    392    353    315    381    249    220    193
 1963    697    480    432    388    581    406    373    342
 1964    611    413    371    330    100     60     51     42
 1965    380    226    193    165      0      0      0      0
 1966    639    436    394    353    237    157    141    125
 1967    670    458    412    368    154    100     90     81
 1968    642    425    378    334    328    203    177    152
 1969    654    439    393    351    200    132    117    102
 1970    660    457    414    374    144    101     92     83
 1971    688    483    435    388    153    100     89     79
 1972    621    421    375    332    217    138    121    106
 1973    622    407    361    317    485    311    274    241
 1974    413    276    246    216      0      0      0      0
 1975    529    337    295    257    393    271    243    215
 1976    690    487    441    399    114     78     70     63
 1977    678    449    396    350     86     41     32     25
 1978    806    579    528    478    177     98     82     67
 1979    680    475    431    389    131     81     70     59
 1980    673    465    419    376    176    112    100     89
 1981    612    412    371    333    203    105     86     68
 1982    592    379    332    288    224    124    108     92
 1983    428    292    263    235      0      0      0      0
 1984    531    356    320    284      0      0      0      0
 1985    549    364    322    283     80     39     31     24
 1986    664    436    382    334    136     75     63     52
 1987    647    422    374    333    122     77     68     59
 1988    720    495    445    397     38     22     19     16
 1989    627    430    385    341     74     43     36     29
 1990    743    522    474    426    140     89     79     71
 1991    644    443    397    352     72     45     40     35
 1992    624    423    377    332    193    113     98     85
 1993    487    291    250    213     15      9      8      7
 1994    710    486    435    385    331    183    156    129
 1995    430    287    257    227      0      0      0      0
 1996    601    389    342    302    134     82     71     60
 1997    713    490    440    395    382    261    234    207
 1998    805    575    521    469    379    208    175    144
 1999    626    429    386    347      7      3      2      1
 2000    697    486    440    395     66     38     32     27
     ****************************  ******************* ******** 
 MEAN  627.8  426.2  382.1  340.6  165.4  103.8   91.2   79.4
 STDV   92.7   74.4   70.0   65.8  143.8   95.8   86.0   76.9
 
 DAILY RECORD HIGHS AND LOWS OCCURRING DURING 1951-2000 FOR STATION NUMBER 5493
     JAN     FEB    MARCH   APRIL    MAY     JUNE    JULY    AUG     SEPT    OCT     NOV     DEC
 DY MX  MN  MX  MN  MX  MN  MX  MN  MX  MN  MX  MN  MX  MN  MX  MN  MX  MN  MX  MN  MX  MN  MX  MN
  1  47 -29  50 -21  64 -20  83   7  93  24  88  40  95  46 101  47  92  40  90  25  70  13  65  -8
  2  51 -19  51 -28  70  -7  80  10  89  21  89  38  93  49  96  50  93  39  91  24  73   5  60  -9
  3  44 -20  45 -25  64  -6  70   4  87  18  96  35 100  43 101  45  90  32  89  29  75   5  60 -12
  4  48 -23  52 -21  68 -12  73   9  92  24  97  38  98  43  98  47  91  39  84  24  72  -4  53 -10
  5  45 -25  58 -20  72 -22  84  12  89  26  97  42  96  44  98  46  92  34  92  17  65   1  53  -5
  6  43 -26  56 -18  71 -10  87   6  88  28  93  38  96  44  97  49 100  37  90  22  72   1  59 -18
  7  49 -21  60 -16  77 -11  84  15  90  25  97  41  97  45  97  46  95  38  87  24  68  -6  53 -17
  8  53 -22  53 -24  69 -13  86   7  88  27 102  39  97  46  97  50  95  38  84  18  78   1  55 -17
  9  55 -24  55 -25  57 -13  87  10  92  27  96  44 100  48  94  44  94  38  81  20  71  10  54 -24
 10  50 -30  56 -17  70 -10  84  15  92  29  98  42  99  46  96  41  88  38  84  19  68  -6  54 -13
 11  45 -20  59 -25  65 -11  84  18  85  29  95  37  99  47  94  45  92  32  85  21  71 -10  54 -11
 12  49 -24  58 -20  67 -16  80  15  87  28  98  44 100  46  98  45  93  34  87  23  66   0  51 -17
 13  54 -17  55 -16  65 -12  79  19  91  24 101  38 100  48 102  39  90  32  87  22  74  -7  49 -21
 14  56 -26  62 -11  65 -15  90  21  90  33 100  43  95  47  94  44  89  37  86  23  70 -14  54 -18
 15  53 -30  49 -16  69  -5  80  16  86  27  92  40  94  47 101  46  98  34  91  20  71   0  48 -20
 16  47 -28  64 -25  76   1  88  20  90  34  97  43  94  46  98  49  95  35  83  25  70  -2  60 -20
 17  45 -24  64 -21  67  -6  85  17  92  30  92  44  98  50  96  46  95  33  82  16  70  -9  55 -17
 18  48 -29  60 -12  69  -2  89  15  92  33  96  46  96  50  96  43  88  36  79  19  68   2  54 -22
 19  48 -28  56 -25  71  -4  87  20  92  34  97  43  96  51  97  41  95  29  82  13  61   4  48 -22
 20  47 -27  62 -13  64  -5  88  21  92  32 100  40  94  48  97  42  88  31  82  17  62   2  50 -23
 21  51 -31  57 -16  68 -10  91  21  91  31 101  41  96  47  97  45  85  27  77  21  63   0  48 -24
 22  49 -21  62 -13  74   2  91  26  91  23  90  44  97  45  97  46  87  26  79  18  65   2  46 -26
 23  55 -26  60 -13  70  -4  84  19  95  32  93  47  98  47  97  43  84  24  80  17  61  -7  42 -27
 24  63 -21  58 -17  81  -5  86  20  87  34  98  48  93  52  91  46  84  29  80  19  61  -9  43 -25
 25  53 -16  58  -9  71  -1  88  26  97  37  97  40  95  50  92  41  90  32  80  17  66 -11  48 -19
 26  45 -20  58 -14  75  -1  86  28  91  33  97  47 100  45  99  46  91  24  82  19  63 -12  49 -19
 27  44 -21  53 -12  76   1  88  27  90  35  97  42  94  48  97  43  93  31  78  16  70  -5  51 -18
 28  41 -21  63 -28  76  -3  89  26  91  31  98  46 102  48  99  38  84  28  70  15  61  -8  50 -20
 29  44 -28 *** ***  82  -3  85  19  92  36  99  41  99  45  96  49  83  28  70  14  60  -5  50 -13
 30  53 -21 *** ***  85  -4  89  22  92  41  96  46 102  41  93  44  89  28  72  15  58  -9  49 -21
 31  51 -24 *** ***  82   5 *** ***  86  36 *** *** 103  46  90  40 *** ***  76  12 *** ***  46 -24
 
 DAILY MAXIMUM PRECIPITATION OCCURRING DURING 1951-2000 FOR STATION NUMBER 5493
     JAN   FEB   MARCH APRIL MAY   JUNE  JULY  AUG   SEPT  OCT   NOV   DEC
 
  1  0.42  0.32  0.69  0.57  1.41  0.95  0.75  0.75  1.22  1.53  0.91  0.26
  2  0.32  0.54  0.92  1.58  1.24  0.92  2.41  1.21  1.20  0.66  0.81  0.13
  3  0.32  0.08  1.50  1.43  0.85  2.84  1.00  3.62  1.99  1.18  0.51  0.93
  4  0.21  0.47  0.63  1.23  0.88  1.66  6.17  1.88  1.19  0.52  1.10  0.27
  5  0.22  0.25  0.61  1.16  0.95  1.36  1.22  0.88  1.57  0.57  1.18  0.27
  6  0.15  0.12  0.46  1.00  3.00  1.47  3.07  1.45  0.92  1.15  1.47  0.53
  7  0.35  0.11  0.35  0.72  0.84  2.34  1.41  1.75  3.00  2.60  0.19  0.24
  8  0.25  0.32  0.61  1.04  0.92  2.84  2.64  2.20  4.00  1.45  1.02  0.40
  9  0.07  0.82  0.94  0.37  1.59  1.25  1.65  1.85  0.96  1.08  3.00  0.15
 10  0.35  0.97  0.60  0.45  0.78  1.24  2.24  0.70  1.11  1.37  0.59  0.34
 11  0.17  0.20  1.34  0.74  1.15  1.04  2.55  1.11  0.49  1.17  0.93  0.40
 12  0.37  0.21  0.85  1.36  1.37  1.89  2.22  1.51  2.42  1.22  0.57  0.47
 13  0.16  0.22  0.56  1.91  1.79  1.90  2.55  0.90  1.95  0.32  0.35  0.33
 14  0.46  0.16  0.65  0.79  1.36  1.97  0.63  1.50  3.02  0.24  0.26  0.75
 15  0.63  0.52  0.73  1.05  1.05  1.92  1.22  2.87  0.66  1.47  0.87  0.39
 16  0.10  0.02  0.20  0.39  2.68  1.43  0.33  0.93  1.17  1.45  1.44  0.74
 17  0.87  0.37  0.82  0.34  2.63  1.49  1.12  0.67  0.49  2.23  0.74  0.38
 18  0.21  0.82  1.07  1.22  2.46  3.63  1.36  1.33  1.53  0.62  0.53  0.21
 19  0.67  0.76  0.69  1.92  1.69  2.30  1.34  1.59  1.32  1.57  1.11  0.33
 20  0.15  1.23  1.39  1.04  0.65  2.25  2.12  1.77  1.10  0.58  2.29  0.24
 21  0.22  0.38  0.42  1.26  1.61  1.42  1.46  2.10  1.98  0.51  0.88  0.14
 22  0.57  0.27  1.01  2.63  1.04  1.56  2.23  3.43  1.85  0.63  0.17  0.43
 23  0.18  0.52  2.61  1.14  1.35  3.10  0.73  0.92  1.45  1.48  0.29  0.41
 24  0.31  0.16  0.83  0.82  2.34  1.17  0.51  1.63  1.87  0.32  0.32  0.72
 25  0.16  0.26  0.89  0.65  2.68  2.56  1.40  2.34  1.02  0.20  0.42  0.24
 26  0.38  0.96  0.46  1.31  1.10  2.17  2.76  1.95  1.15  0.33  0.48  1.13
 27  0.50  0.56  0.86  1.39  1.50  2.15  0.92  1.32  1.50  1.61  0.62  0.62
 28  0.14  1.78  0.72  1.49  1.17  1.41  2.17  1.22  1.06  0.62  0.83  0.67
 29  0.49******  1.60  0.90  1.23  3.89  1.57  1.98  2.39  0.75  1.49  0.71
 30  0.24******  0.42  1.10  2.31  0.44  0.91  5.05  2.24  1.73  0.75  0.64
 31  0.31******  1.01******  1.10******  4.35  1.37******  0.63******  0.23
 
 RECORD LARGEST AND SMALLEST DAILY RANGES (MAX-MIN)     DURING 1951-2000 FOR STATION NUMBER 5493
     JAN     FEB    MARCH   APRIL    MAY     JUNE    JULY    AUG     SEPT    OCT     NOV     DEC
 DY MX  MN  MX  MN  MX  MN  MX  MN  MX  MN  MX  MN  MX  MN  MX  MN  MX  MN  MX  MN  MX  MN  MX  MN
  1 29   2  34   3  35   6  42   5  40   5  39  11  32  10  38  10  37   5  47   6  41   2  32   3
  2 31   4  43   3  36   4  41   5  40   5  38   6  30   9  32  10  40   8  41   4  40   4  37   3
  3 41   3  39   5  37   3  40   3  41   7  47   8  35   9  34  10  37   8  42   6  40   4  36   3
  4 32   7  40   2  41   5  43   8  47   7  35  10  35   8  34   6  39   7  38   6  37   4  36   4
  5 39   3  42   5  39   1  41   5  39   6  41  11  36   8  31   7  39  10  47   7  37   3  37   4
  6 40   3  41   3  36   6  40   9  40   3  34  10  34   9  32   7  38  13  41   5  36   3  40   1
  7 35   6  35   7  38   7  45   5  42   5  35   9  32  10  38   5  40   9  42   2  35   5  40   3
  8 44   5  36   9  39   5  37   4  44   6  36   5  30  14  36   4  39   9  40   4  37   3  32   3
  9 35   5  34   3  42   7  50   3  43   7  38   6  35  10  40   8  37   8  40   9  34   5  33   2
 10 41   4  38   3  38   4  42   2  47   5  41   9  34   9  35   8  37  12  53   5  37   4  44   5
 11 36   3  38   3  35   4  42   4  38   6  33  10  31   9  36   7  38  10  38   6  39   4  35   5
 12 39   1  33   4  34   4  40   5  40   8  36   9  38   8  34  10  42   8  43   6  37   3  34   5
 13 34   1  31   5  38   4  44   6  43   5  35  10  35   6  36   7  36   8  37   6  35   4  39   2
 14 33   8  39   3  43   3  45   2  40   8  35  11  36   6  36   8  36   4  37   8  39   5  39   1
 15 39   6  37   5  38   6  44   8  42  11  34  12  31  10  32  14  37   9  46   3  37   6  37   4
 16 41   6  36   5  42   3  43   2  45  11  36   7  41  12  38  12  40   6  41   6  33   4  43   4
 17 34   5  38   3  37   5  42   4  41   5  36   8  35  11  35   8  34  10  35   6  39   5  38   3
 18 41   3  38   3  34   3  42   6  43   4  36   7  31  10  31  11  37   5  46   5  38   5  33   4
 19 39   4  37   4  37   4  40   5  40   6  36   4  32   7  33   7  39   5  41   2  44   4  39   4
 20 36   4  39   4  34   6  45   3  42   8  35  10  33   5  37   5  38   4  54   9  35   4  40   5
 21 40   4  45   4  36   2  45   6  36   7  36   9  32   9  34   7  37  10  42   5  35   5  43   4
 22 40   5  38   4  41   3  40   6  40   4  36   7  35   7  39   8  39   5  36   5  38   3  30   2
 23 36   4  36   3  37   6  40   9  40   6  38   9  38   7  31   8  38   7  41   3  29   3  40   3
 24 32   2  55   4  45   4  41   7  36   2  34  13  39   7  36   9  40  10  45   4  34   3  34   6
 25 31   3  36   4  37   5  38   7  40   4  37   9  36  11  34   4  41   7  41   5  35   4  36   3
 26 35   6  39   5  45   4  41   7  35   6  33   8  33  12  35   7  41   5  44   6  30   3  36   6
 27 34   5  38   2  44   4  41   6  35   4  38  11  37   8  38   4  40   4  45   5  43   4  35   4
 28 39   7  42   5  40   3  48   8  38   6  39   5  36   9  35   9  42   6  35   6  39   4  33   4
 29 35   7  **  **  40   6  46   5  40   3  37  10  37  14  35   8  39   7  44   3  35   5  39   2
 30 42   4  **  **  48   3  42   3  33   7  36   7  34  11  35  10  46   6  38   5  33   2  36   1
 31 40   2  **  **  55   5  **  **  34   9  **  **  43  12  31  10  **  **  38   4  **  **  30   2
 
 DAILY  MEAN  HIGHS AND LOWS OCCURRING DURING 1951-2000 FOR STATION NUMBER 5493
     JAN     FEB    MARCH   APRIL    MAY     JUNE    JULY    AUG     SEPT    OCT     NOV     DEC
 DY MX  MN  MX  MN  MX  MN  MX  MN  MX  MN  MX  MN  MX  MN  MX  MN  MX  MN  MX  MN  MX  MN  MX  MN
  1 24   7  23   5  36  16  50  29  64  40  73  51  83  60  84  59  77  55  69  44  50  32  34  18
  2 25   6  24   5  33  16  50  30  66  41  75  50  82  60  83  60  79  56  68  43  49  29  34  18
  3 23   3  24   5  33  16  49  29  67  41  76  51  82  60  82  60  78  55  66  42  48  29  33  16
  4 21   3  25   6  35  16  49  27  69  43  78  53  83  60  81  60  77  54  65  42  46  27  34  16
  5 22   2  26   7  34  16  51  29  67  43  79  54  82  60  81  59  76  53  66  42  47  27  32  14
  6 21   2  26   6  35  15  54  30  67  42  79  55  83  60  82  60  78  54  63  41  46  27  29  13
  7 20   0  25   7  33  13  54  32  67  43  78  56  84  61  83  59  78  54  64  40  46  26  29  14
  8 22   2  26   6  34  16  51  31  68  44  78  55  83  61  82  59  77  53  63  40  46  26  28  11
  9 20   2  27   8  36  16  52  30  67  44  77  55  82  60  81  58  76  53  62  39  45  26  28  11
 10 20   1  28  10  37  20  54  31  69  44  79  56  82  60  81  57  76  51  63  38  45  25  29   9
 11 21   3  27   8  38  20  54  33  69  45  79  57  83  62  81  57  76  51  64  40  43  25  27  10
 12 24   5  28   9  38  20  53  33  68  44  80  57  83  62  81  59  75  51  64  40  43  24  27  10
 13 24   5  29  10  38  21  55  32  69  43  81  57  84  61  81  59  74  50  64  40  43  26  27   9
 14 24   4  30  10  38  20  57  34  71  46  80  57  84  61  81  58  70  48  64  40  42  24  27  10
 15 22   2  27  10  39  20  58  34  71  46  78  56  83  60  80  59  71  47  61  39  44  25  27   8
 16 22   3  28   9  40  20  59  36  73  48  79  56  85  61  82  59  70  48  62  38  43  24  28   8
 17 22   5  31  12  40  23  60  35  72  48  79  57  85  62  81  60  72  49  61  38  42  24  26  10
 18 23   4  31  14  40  23  61  36  72  49  79  58  85  63  81  58  72  51  57  36  41  24  26   9
 19 23   3  31  12  41  23  60  38  72  48  81  57  84  62  80  58  72  49  59  35  40  23  25   8
 20 21   3  31  13  41  23  60  39  74  48  80  58  82  61  80  58  68  47  59  36  39  22  24   6
 21 24   5  32  12  41  21  61  37  74  49  81  57  83  61  80  58  68  45  59  36  39  21  24   7
 22 26   5  32  13  43  23  61  37  72  50  80  57  83  61  80  59  66  43  59  38  39  20  25   9
 23 24   4  33  15  42  24  62  37  72  49  80  57  83  60  80  59  65  43  57  36  36  20  25   8
 24 24   6  33  13  44  23  62  38  72  49  82  58  83  60  79  57  67  44  56  34  38  18  25   7
 25 22   6  34  14  44  25  64  39  72  49  83  59  84  61  80  58  70  44  57  35  38  20  24   7
 26 20   3  35  16  46  25  64  40  71  50  82  59  84  61  81  59  69  44  58  34  34  19  25   7
 27 21   3  34  18  49  26  62  40  73  50  83  59  83  61  81  59  69  44  58  34  33  15  26   9
 28 22   4  34  17  47  27  62  38  73  51  83  60  83  60  81  58  68  44  54  33  31  14  28  10
 29 23   4  **  **  45  27  63  39  74  52  84  60  83  59  81  59  68  45  54  32  32  16  25   8
 30 24   2  **  **  49  27  63  40  75  52  83  59  83  60  80  58  69  44  53  33  33  16  24   7
 31 25   5  **  **  50  29  **  **  74  51  **  **  83  59  78  56  **  **  53  33  **  **  23   6
  
  # OF DAYS EACH YEAR WHERE MIN >=32 F  1951-2000 FOR STATION # 5493
   51  52  53  54  55  56  57  58  59  60  61  62  63  64  65  66  67  68  69  70
  191 190 203 204 204 194 196 203 199 200 190 196 199 207 190 191 198 210 194 190
 
   71  72  73  74  75  76  77  78  79  80  81  82  83  84  85  86  87  88  89  90
  200 203 216 205 199 198 222 205 187 198 218 208 194 199 205 210 221 194 194 202
 
   91  92  93  94  95  96  97  98  99 100
  206 201 191 207 203 192 193 235 220 218
  
 MEAN=202
 
 LENGTH OF SEASON FOR STATION NUMBER 5493   BASE TEMP=32
 LAST SPRING OCCURENCE FIRST FALL OCCURENCE  LENGTH OF  SEASON
   YEAR MONTH DAY DOY         MONTH DAY DOY
   1951   4    26 116           9    28 271          155
   1952   4    16 107           9    23 267          160
   1953   5    13 133          10     4 277          144
   1954   5     9 129           9    22 265          136
   1955   5     8 128           9    11 254          126
   1956   5     4 125           9    30 274          149
   1957   5     5 125          10    10 283          158
   1958   4    29 119          10     1 274          155
   1959   4    22 112          10     8 281          169
   1960   5    11 132          10    16 290          158
   1961   5     2 122           9    28 271          149
   1962   4    23 113           9    20 263          150
   1963   5    23 143           9    13 256          113
   1964   4    18 109           9    27 271          162
   1965   5    28 148           9    24 267          119
   1966   5    12 132          10     1 274          142
   1967   5     9 129           9    29 272          143
   1968   5    17 138          10     4 278          140
   1969   5    12 132          10     8 281          149
   1970   5     2 122          10     3 276          154
   1971   5    12 132           9    23 266          134
   1972   4    25 116           9    29 273          157
   1973   4    28 118          10    16 289          171
   1974   4    23 113           9     3 246          133
   1975   5     1 121          10     1 274          153
   1976   5     7 128          10     6 280          152
   1977   4     8  98          10     6 279          181
   1978   5     2 122          10    13 286          164
   1979   5     4 124          10     6 279          155
   1980   5     8 129          10     3 277          148
   1981   5    10 130          10     2 275          145
   1982   4    27 117          10    16 289          172
   1983   5    15 135           9    21 264          129
   1984   5     9 130           9    26 270          140
   1985   4     9  99           9    26 269          170
   1986   5     2 122          10    12 285          163
   1987   4    10 100          10     3 276          176
   1988   4    28 119          10     4 278          159
   1989   5     7 127           9    23 266          139
   1990   5     1 121          10    10 283          162
   1991   5     7 127           9    19 262          135
   1992   4    27 118           9    28 272          154
   1993   4    26 116           9    27 270          154
   1994   5     1 121          10    24 297          176
   1995   5     2 122           9    22 265          143
   1996   5     1 122          10     3 277          155
   1997   5    20 140          10    14 287          147
   1998   4    17 107          10     1 274          167
   1999   4    18 108           9    29 272          164
   2000   4    21 112          10     6 280          168
             MEAN=122              MEAN=274     MEAN=151
 
 LENGTH OF SEASON FOR STATION NUMBER 5493   BASE TEMP=30
 LAST SPRING OCCURENCE FIRST FALL OCCURENCE  LENGTH OF  SEASON
   YEAR MONTH DAY DOY         MONTH DAY DOY
   1951   4    26 116           9    28 271          155
   1952   4    16 107           9    23 267          160
   1953   5    13 133          10    26 299          166
   1954   5     8 128          10    16 289          161
   1955   5     8 128          10    15 288          160
   1956   5     4 125           9    30 274          149
   1957   4    14 104          10    10 283          179
   1958   4    29 119          10     1 274          155
   1959   4    22 112          10     9 282          170
   1960   4    30 121          10    19 293          172
   1961   5     2 122           9    28 271          149
   1962   4    19 109          10    23 296          187
   1963   5    22 142          10    28 301          159
   1964   4     9 100          10     9 283          183
   1965   4    28 118           9    24 267          149
   1966   5    11 131          10     1 274          143
   1967   5     9 129          10    11 284          155
   1968   5    17 138          10     4 278          140
   1969   4    28 118          10    13 286          168
   1970   5     2 122          10     9 282          160
   1971   5    12 132           9    23 266          134
   1972   4    25 116           9    30 274          158
   1973   4    27 117          10    29 302          185
   1974   4    23 113           9    22 265          152
   1975   4    20 110          10     1 274          164
   1976   5     7 128          10     6 280          152
   1977   4     6  96          10     6 279          183
   1978   5     2 122          10    16 289          167
   1979   5     3 123          10     9 282          159
   1980   5     8 129          10     3 277          148
   1981   5    10 130          10    19 292          162
   1982   4    27 117          10    16 289          172
   1983   5    15 135           9    21 264          129
   1984   4    29 120           9    26 270          150
   1985   4     9  99          10     9 282          183
   1986   4    22 112          10    13 286          174
   1987   4     5  95          10     3 276          181
   1988   4    19 110          10     4 278          168
   1989   5     7 127           9    23 266          139
   1990   5     1 121          10    10 283          162
   1991   4    10 100           9    19 262          162
   1992   4    27 118           9    28 272          154
   1993   4    26 116          10     2 275          159
   1994   5     1 121          10    25 298          177
   1995   4    27 117           9    22 265          148
   1996   5     1 122          10     3 277          155
   1997   5    15 135          10    14 287          152
   1998   4    17 107          10    13 286          179
   1999   4    18 108          10     2 275          167
   2000   4    21 112          10     6 280          168
             MEAN=118              MEAN=279     MEAN=161
 
 LENGTH OF SEASON FOR STATION NUMBER 5493   BASE TEMP=28
 LAST SPRING OCCURENCE FIRST FALL OCCURENCE  LENGTH OF  SEASON
   YEAR MONTH DAY DOY         MONTH DAY DOY
   1951   4    23 113           9    28 271          158
   1952   4    11 102          10     4 278          176
   1953   5    13 133          10    26 299          166
   1954   5     8 128          10    16 289          161
   1955   4     7  97          10    15 288          191
   1956   4    30 121          10     9 283          162
   1957   4    14 104          10    10 283          179
   1958   4    29 119          10     1 274          155
   1959   4    21 111          10    11 284          173
   1960   4    30 121          10    19 293          172
   1961   5     2 122           9    28 271          149
   1962   4    19 109          10    23 296          187
   1963   5    22 142          10    29 302          160
   1964   4     8  99          10     9 283          184
   1965   4    28 118           9    26 269          151
   1966   5     9 129          10    16 289          160
   1967   5     9 129          10    11 284          155
   1968   5     5 126          10    24 298          172
   1969   4     6  96          10    14 287          191
   1970   5     2 122          10    10 283          161
   1971   5    12 132          10    10 283          151
   1972   4     8  99          10    15 289          190
   1973   4    27 117          10    29 302          185
   1974   4     8  98           9    22 265          167
   1975   4    19 109          10    25 298          189
   1976   5     3 124          10     6 280          156
   1977   4     6  96          10    12 285          189
   1978   4    21 111          10    16 289          178
   1979   4    28 118          10    12 285          167
   1980   5     8 129          10    12 286          157
   1981   4    24 114          10    19 292          178
   1982   4    21 111          10    20 293          182
   1983   4    24 114           9    21 264          150
   1984   4     1  92           9    26 270          178
   1985   4     9  99          10    10 283          184
   1986   4    22 112          10    13 286          174
   1987   4     5  95          10    10 283          188
   1988   4    19 110          10     4 278          168
   1989   5     6 126          10     7 280          154
   1990   5     1 121          10    10 283          162
   1991   4    10 100          10     6 279          179
   1992   4    22 113          10    17 291          178
   1993   4    10 100          10     2 275          175
   1994   4    29 119          10    25 298          179
   1995   4    27 117           9    22 265          148
   1996   4    30 121          10    10 284          163
   1997   5    15 135          10    20 293          158
   1998   3    24  83          11     3 307          224
   1999   4    18 108          10     2 275          167
   2000   4    12 103          10     6 280          177
             MEAN=113              MEAN=284     MEAN=171
 
 LENGTH OF SEASON FOR STATION NUMBER 5493   BASE TEMP=26
 LAST SPRING OCCURENCE FIRST FALL OCCURENCE  LENGTH OF  SEASON
   YEAR MONTH DAY DOY         MONTH DAY DOY
   1951   4    23 113          10    23 296          183
   1952   4    11 102          10     4 278          176
   1953   4    20 110          10    26 299          189
   1954   5     7 127          10    16 289          162
   1955   4     7  97          10    21 294          197
   1956   4    30 121          10     9 283          162
   1957   4    14 104          10    25 298          194
   1958   4    29 119          10     1 274          155
   1959   4    21 111          10    12 285          174
   1960   4    30 121          10    19 293          172
   1961   5     2 122          10     1 274          152
   1962   4    15 105          10    24 297          192
   1963   5    22 142          10    29 302          160
   1964   4     8  99          10     9 283          184
   1965   4    16 106          10    24 297          191
   1966   4    30 120          10    16 289          169
   1967   5     4 124          10    11 284          160
   1968   4    25 116          11     8 313          197
   1969   3    31  90          10    14 287          197
   1970   5     2 122          10    10 283          161
   1971   4    14 104          10    10 283          179
   1972   4     8  99          10    18 292          193
   1973   4    13 103          11     4 308          205
   1974   4     8  98           9    22 265          167
   1975   4    19 109          10    29 302          193
   1976   4     4  95          10     6 280          185
   1977   4     5  95          11     9 313          218
   1978   4    21 111          10    23 296          185
   1979   4    10 100          10    13 286          186
   1980   4    14 105          10    12 286          181
   1981   3    22  81          10    22 295          214
   1982   4    21 111          10    20 293          182
   1983   4    18 108           9    22 265          157
   1984   4     1  92           9    26 270          178
   1985   4     9  99          11     2 306          207
   1986   4    14 104          10    13 286          182
   1987   4     4  94          10    10 283          189
   1988   4    19 110          10     5 279          169
   1989   4    12 102          10     7 280          178
   1990   4    17 107          10    18 291          184
   1991   4    10 100          10     6 279          179
   1992   4    13 104          10    17 291          187
   1993   4     4  94          10    10 283          189
   1994   4    29 119          10    26 299          180
   1995   4     5  95           9    22 265          170
   1996   4    23 114          10    28 302          188
   1997   5    13 133          10    21 294          161
   1998   3    24  83          11     4 308          225
   1999   4    18 108          10     2 275          167
   2000   4     8  99          10     6 280          181
             MEAN=106              MEAN=288     MEAN=181
 
 LENGTH OF SEASON FOR STATION NUMBER 5493   BASE TEMP=24
 LAST SPRING OCCURENCE FIRST FALL OCCURENCE  LENGTH OF  SEASON
   YEAR MONTH DAY DOY         MONTH DAY DOY
   1951   4    17 107          10    27 300          193
   1952   4    10 101          10     4 278          177
   1953   4    20 110          11     4 308          198
   1954   5     3 123          10    30 303          180
   1955   3    28  87          10    24 297          210
   1956   4    30 121          10     9 283          162
   1957   4    14 104          10    25 298          194
   1958   4    29 119          10    29 302          183
   1959   4    13 103          10    12 285          182
   1960   4    10 101          10    19 293          192
   1961   5     1 121          10    26 299          178
   1962   4    15 105          10    24 297          192
   1963   5    22 142          10    29 302          160
   1964   4     8  99          10     9 283          184
   1965   3    30  89          10    24 297          208
   1966   4    21 111          10    24 297          186
   1967   5     4 124          10    11 284          160
   1968   4     5  96          11     8 313          217
   1969   3    31  90          10    17 290          200
   1970   4    16 106          10    10 283          177
   1971   4    14 104          10    10 283          179
   1972   4     8  99          10    18 292          193
   1973   4    10 100          11     4 308          208
   1974   4     5  95          11     4 308          213
   1975   4     4  94          11    13 317          223
   1976   3    27  87          10     7 281          194
   1977   4     5  95          11    10 314          219
   1978   3    26  85          10    23 296          211
   1979   4     6  96          10    13 286          190
   1980   4    14 105          10    12 286          181
   1981   3    20  79          10    22 295          216
   1982   4    11 101          10    21 294          193
   1983   4    18 108           9    23 266          158
   1984   3    23  83           9    26 270          187
   1985   4     9  99          11     4 308          209
   1986   3    21  80          11     2 306          226
   1987   4     3  93          10    10 283          190
   1988   4    19 110          10    24 298          188
   1989   4    12 102          10    18 291          189
   1990   4    17 107          11     4 308          201
   1991   3    30  89          10    15 288          199
   1992   4    13 104          10    17 291          187
   1993   4     4  94          10    10 283          189
   1994   4     6  96          11    15 319          223
   1995   4     5  95          11     2 306          211
   1996   4    23 114          10    28 302          188
   1997   5    13 133          10    26 299          166
   1998   3    24  83          11     4 308          225
   1999   3    25  84          10     2 275          191
   2000   4     8  99          10     6 280          181
             MEAN=101              MEAN=294     MEAN=193
 
 THESE ARE THE MONTHLY AVG. MAX TEMPS 1951-2000 FOR STATION #5493
 YEAR    JAN   FEB  MARCH APRIL  MAY  JUNE  JULY AUGUST SEPT   OCT   NOV   DEC   ANN
  
 1951   22.6  32.1  28.9  48.9  71.4  73.0  80.4  78.6  67.5  59.4  37.7  24.1  52.1
 1952   24.1  34.4  34.2  59.6  68.4  83.6  83.5  79.3  77.1  60.5  46.4  29.6  56.7
 1953   25.8  30.2  41.5  49.4  68.9  81.0  83.1  82.3  76.1  69.4  49.1  32.1  57.4
 1954   23.5  43.9  36.1  61.0  65.5  80.1  85.9  79.8  72.4  55.8  49.9  31.6  57.1
 1955   26.0  25.1  39.7  66.9  75.7  76.9  89.9  90.6  78.1  64.3  36.4  21.9  57.6
 1956   22.0  26.0  36.6  54.0  71.5  88.1  81.7  82.2  75.1  69.8  42.3  34.3  57.0
 1957   21.4  34.8  41.2  58.2  66.7  77.8  87.8  80.2  70.1  56.4  39.6  36.5  55.9
 1958   31.1  26.6  40.1  58.9  75.5  76.6  80.9  87.2  78.3  67.4  48.5  27.6  58.2
 1959   22.3  25.0  41.7  61.0  71.0  83.0  85.5  86.4  73.7  54.5  33.9  36.7  56.2
 1960   25.0  25.3  27.6  58.1  70.5  77.1  83.3  82.1  72.7  63.2  47.3  29.9  55.2
 1961   25.1  32.6  41.0  51.3  66.9  79.4  81.3  83.1  70.2  64.5  41.4  25.6  55.2
 1962   21.2  24.1  32.8  55.5  73.3  77.2  79.7  81.9  72.1  65.2  48.3  32.5  55.3
 1963   15.9  30.1  47.6  63.5  71.0  85.2  84.8  82.2  76.2  74.6  52.0  24.0  58.9
 1964   34.3  39.8  39.1  60.3  77.5  83.3  88.2  79.6  71.9  62.1  45.8  25.9  59.0
 1965   22.5  25.7  27.5  54.3  74.4  80.7  84.4  82.2  63.1  64.9  44.5  36.5  55.1
 1966   16.8  28.5  49.2  51.7  70.4  80.7  88.5  80.0  73.6  63.8  42.7  28.6  56.2
 1967   27.0  26.7  48.2  59.4  67.3  78.2  83.9  82.4  75.1  61.4  43.1  31.9  57.0
 1968   25.4  28.5  55.4  63.7  67.3  82.4  83.8  82.9  72.4  62.0  41.5  24.5  57.5
 1969   16.8  26.9  30.0  59.1  71.9  74.8  84.3  83.4  73.9  55.9  43.8  26.5  53.9
 1970   15.5  28.5  34.7  58.3  74.1  83.8  86.2  83.2  74.2  57.5  40.9  27.7  55.4
 1971   17.1  26.9  37.5  61.6  70.0  84.0  80.8  83.8  75.3  63.8  43.0  27.4  55.9
 1972   18.3  22.9  40.7  55.1  72.1  80.8  81.0  80.4  72.3  56.3  37.8  20.3  53.2
 1973   25.1  30.5  47.5  57.0  70.4  82.8  83.3  84.3  70.6  66.6  43.5  24.0  57.1
 1974   22.0  32.5  42.8  59.9  67.8  80.2  89.6  78.4  70.8  63.9  42.1  31.0  56.8
 1975   25.1  24.8  32.9  46.9  73.6  78.1  88.0  82.6  67.8  66.5  44.6  29.1  55.0
 1976   26.5  40.2  42.8  64.3  71.7  83.1  87.2  87.0  76.4  55.5  38.2  26.4  58.3
 1977   13.7  37.1  45.8  66.1  78.7  82.9  86.8  78.8  72.6  58.4  40.8  23.6  57.1
 1978   12.8  18.4  40.7  54.1  71.3  81.2  82.6  82.1  79.4  61.0  40.2  22.3  53.8
 1979    8.5  17.1  34.2  50.5  67.5  80.3  83.5  78.5  75.6  60.6  39.6  36.5  52.7
 1980   26.3  25.1  38.3  61.1  73.5  81.7  87.0  83.1  75.1  57.6  49.4  29.1  57.3
 1981   32.2  35.1  51.3  65.5  69.7  80.6  82.0  78.3  73.9  56.5  47.4  26.6  58.3
 1982   11.2  26.2  36.6  54.3  69.3  74.9  83.9  78.9  69.0  59.1  38.1  32.1  52.8
 1983   27.3  30.7  39.2  47.9  64.9  75.7  85.8  87.9  72.6  59.0  39.1  10.1  53.4
 1984   23.5  34.6  32.1  53.2  67.9  79.0  82.3  83.8  70.3  59.6  44.5  29.9  55.1
 1985   22.5  27.7  46.2  64.2  74.8  77.1  83.3  76.7  68.3  58.4  30.6  18.5  54.0
 1986   28.7  23.9  46.9  60.3  70.4  80.7  84.5  77.1  71.4  59.5  37.8  32.1  56.1
 1987   31.7  43.5  47.1  67.6  78.5  84.5  85.9  77.3  72.2  56.8  46.9  31.0  60.3
 1988   19.6  22.9  46.9  60.7  79.0  86.7  86.7  85.0  75.4  56.6  42.7  29.4  57.6
 1989   34.1  22.8  38.7  58.9  72.8  79.3  85.6  82.0  71.9  63.9  40.5  20.5  55.9
 1990   38.5  36.4  44.9  60.4  68.2  81.3  81.1  80.8  75.6  61.2  47.4  24.7  58.4
 1991   19.9  35.6  44.3  59.7  71.1  81.9  81.4  80.1  71.0  60.0  31.2  30.5  55.6
 1992   32.3  33.4  44.3  53.1  72.6  78.3  72.9  74.6  71.2  58.8  34.6  27.4  54.5
 1993   20.6  21.5  34.1  51.9  66.7  73.5  78.5  78.9  65.3  57.9  38.7  28.6  51.4
 1994   12.1  20.0  44.6  59.5  75.1  79.6  78.7  76.5  73.9  61.3  44.8  28.1  54.5
 1995   23.1  30.0  40.7  50.4  65.3  78.2  83.8  83.7  69.4  57.6  36.5  28.7  54.0
 1996   19.9  30.1  37.2  54.9  62.9  79.3  80.1  78.8  69.1  62.1  32.2  18.1  52.0
 1997   17.6  27.5  40.9  53.1  65.4  82.5  82.4  79.6  75.3  62.9  34.1  31.1  54.3
 1998   26.2  37.4  35.9  59.2  75.5  75.1  82.3  80.0  79.9  60.6  45.3  35.7  57.8
 1999   20.8  36.0  44.3  56.8  69.6  77.3  85.4  80.9  73.5  62.1  54.2  35.2  58.0
 2000   26.1  38.8  52.2  59.7  73.0  76.6  80.9  80.9  74.8  61.9  34.0  14.1  56.1
 MEANS  23.0  29.7  40.5  57.6  71.0  80.0  83.7  81.4  72.9  61.2  41.9  27.8  55.9
 
 THESE ARE THE MONTHLY AVG. MIN TEMPS 1951-2000 FOR STATION #5493
 YEAR    JAN   FEB  MARCH APRIL  MAY  JUNE  JULY AUGUST SEPT   OCT   NOV   DEC   ANN
  
 1951    1.8  11.4  10.5  31.8  48.1  51.7  58.2  57.2  45.6  38.3  18.4   6.5  31.6
 1952    2.9  19.0  19.0  36.4  45.4  58.7  59.4  55.9  47.7  29.3  23.6  15.0  34.4
 1953    7.1  13.6  22.6  31.2  45.7  58.4  59.3  58.5  47.9  41.8  27.8  13.1  35.6
 1954    1.3  24.3  20.0  35.9  39.7  59.0  62.2  60.8  52.4  37.9  29.2  17.5  36.7
 1955    9.1   4.5  17.8  40.6  49.4  54.4  66.9  63.1  50.1  38.0  15.5   3.4  34.4
 1956    2.8   3.3  17.4  28.4  47.0  60.2  57.8  58.4  46.5  43.7  24.2  15.5  33.8
 1957   -0.4  13.2  21.2  34.1  45.6  54.5  66.4  60.3  47.6  38.3  24.4  18.8  35.3
 1958   13.7   4.5  22.6  34.3  46.9  51.2  58.1  59.7  50.2  39.4  21.8   2.6  33.7
 1959   -0.3   0.0  21.2  34.3  49.7  59.6  59.1  63.8  50.3  34.7  15.6  22.8  34.2
 1960    7.9   9.5   8.5  36.6  46.5  55.7  60.4  61.4  52.2  38.7  26.3  10.3  34.5
 1961    3.1  13.4  25.5  30.8  43.4  56.0  58.7  60.0  48.3  38.3  23.0   6.4  33.9
 1962   -0.9   9.0  16.2  31.8  51.2  55.6  58.7  57.0  45.2  39.4  27.4  10.1  33.4
 1963   -4.1   4.8  24.2  34.7  43.8  58.4  60.3  56.5  50.0  42.6  24.4  -0.9  32.9
 1964    9.0  12.1  15.6  37.5  50.3  56.8  63.5  55.9  48.2  36.0  25.3   5.8  34.7
 1965    1.5   3.4  10.4  32.9  48.5  55.2  59.1  55.6  43.6  38.7  21.4  19.3  32.5
 1966   -4.7   5.8  26.0  31.6  42.1  57.5  63.9  55.3  48.8  36.3  21.1  11.1  32.9
 1967    7.3   3.9  24.2  35.6  41.1  56.9  58.7  55.5  48.8  36.6  24.0  14.1  33.9
 1968    6.5   7.6  26.3  36.3  42.3  57.7  61.1  60.0  50.4  40.0  26.3   9.5  35.3
 1969    0.0  12.7  10.7  36.6  48.7  51.1  63.6  59.6  49.5  35.6  23.8  10.3  33.5
 1970   -6.5   5.2  16.5  32.5  47.6  57.4  60.8  59.5  50.0  38.1  24.9   6.8  32.7
 1971   -1.3   9.5  19.9  34.1  43.1  60.9  57.5  57.8  50.4  42.9  26.1  12.0  34.4
 1972   -0.7   3.6  22.3  33.5  49.7  55.9  59.5  59.8  48.6  35.8  26.7   3.4  33.2
 1973   10.4  14.3  32.2  34.4  45.0  58.8  61.9  61.0  50.7  44.0  27.7   9.5  37.5
 1974    4.1  13.4  24.5  37.6  46.2  55.1  65.0  57.1  45.7  40.2  25.6  14.5  35.7
 1975    5.7   7.6  14.1  31.0  49.0  55.9  61.7  60.8  46.7  39.0  25.4  14.2  34.3
 1976    5.0  20.0  24.4  39.0  44.9  57.0  62.4  58.9  50.0  32.9  16.1   3.5  34.5
 1977   -7.0  14.1  28.9  41.8  53.8  56.7  62.6  56.3  52.6  37.7  23.6   8.3  35.8
 1978   -6.0   0.1  20.3  34.8  46.5  55.1  60.7  59.5  55.5  37.7  21.7   5.7  32.7
 1979   -8.0  -2.4  17.8  31.7  42.7  55.0  59.9  60.6  49.7  36.4  23.5  16.6  32.0
 1980    7.9   7.9  20.1  35.3  46.8  53.6  56.9  62.4  49.7  35.7  26.6  11.6  34.5
 1981    8.4  13.4  25.7  39.2  45.1  55.3  60.4  55.8  46.5  38.0  29.9   9.3  35.6
 1982   -8.3   7.7  23.5  31.2  49.9  50.8  62.2  57.9  50.2  39.0  21.5  15.4  33.4
 1983    9.9  18.3  23.5  31.3  41.5  56.8  63.7  63.0  47.4  35.5  26.2  -6.4  34.2
 1984    6.2  20.2  15.9  35.6  45.3  57.5  58.6  58.4  46.3  41.0  24.9  11.7  35.1
 1985    1.6   8.0  27.7  39.7  50.1  53.1  56.8  52.1  47.2  41.0  15.6  -1.9  32.6
 1986   11.9   9.9  27.4  39.0  50.4  59.2  62.6  57.2  52.8  40.2  18.6  17.0  37.2
 1987   14.6  22.6  28.8  39.9  53.3  60.9  65.5  57.8  51.0  33.7  30.5  19.0  39.8
 1988   -0.5   3.4  24.5  33.9  53.1  61.4  63.5  62.5  52.7  33.6  25.3  11.0  35.4
 1989   15.5   1.9  20.1  35.1  46.7  56.4  64.8  60.9  49.1  37.9  18.3   2.4  34.1
 1990   18.0  13.4  26.0  34.2  45.9  59.1  61.1  61.4  54.2  36.0  27.6   6.5  37.0
 1991    1.6  18.4  24.5  39.6  53.3  63.1  62.1  60.9  50.5  36.1  17.3  17.4  37.1
 1992   16.8  22.3  26.1  33.8  47.2  55.5  56.8  54.9  49.7  37.8  24.5  12.1  36.5
 1993    4.4   8.0  18.5  33.0  46.7  55.4  62.3  61.0  46.3  37.1  21.3  12.5  33.9
 1994   -4.3   2.2  25.5  33.5  49.2  59.9  58.7  58.3  53.4  42.2  28.1  16.2  35.2
 1995    8.9  12.3  25.2  32.2  44.7  58.8  61.6  65.3  48.5  39.0  19.2  14.6  35.9
 1996    1.6  12.2  15.4  31.0  45.2  58.7  58.7  59.8  50.6  38.4  17.4   5.0  32.8
 1997    2.0  11.8  22.8  31.2  41.4  58.4  63.1  58.7  52.2  40.2  21.6  20.7  35.3
 1998   12.5  24.6  21.3  38.4  52.5  55.4  62.4  62.8  54.9  42.3  30.2  16.0  39.4
 1999    3.7  21.7  24.2  37.7  49.8  58.0  65.5  59.3  47.9  37.2  30.9  14.9  37.6
 2000    7.2  20.2  29.3  35.3  49.6  55.6  61.9  61.1  51.1  42.3  20.4  -0.9  36.1
 MEANS   4.0  10.8  21.5  34.8  47.0  56.8  61.1  59.1  49.5  38.3  23.6  10.6  34.8
 
 THESE ARE THE MONTHLY AVG. MEAN TEMPS 1951-2000 FOR STATION #5493
 YEAR    JAN   FEB  MARCH APRIL  MAY  JUNE  JULY AUGUST SEPT   OCT   NOV   DEC   ANN
  
 1951   12.2  21.8  19.7  40.3  59.8  62.4  69.3  67.9  56.6  48.9  28.1  15.3  41.9
 1952   13.5  26.7  26.6  48.0  56.9  71.2  71.5  67.6  62.4  44.9  35.0  22.3  45.5
 1953   16.5  21.9  32.0  40.3  57.3  69.7  71.2  70.4  62.0  55.6  38.4  22.6  46.5
 1954   12.4  34.1  28.0  48.5  52.6  69.6  74.1  70.3  62.4  46.9  39.6  24.5  46.9
 1955   17.5  14.8  28.8  53.7  62.6  65.6  78.4  76.9  64.1  51.1  25.9  12.6  46.0
 1956   12.4  14.6  27.0  41.2  59.2  74.2  69.8  70.3  60.8  56.8  33.2  24.9  45.4
 1957   10.5  24.0  31.2  46.2  56.2  66.2  77.1  70.2  58.8  47.3  32.0  27.7  45.6
 1958   22.4  15.5  31.4  46.6  61.2  63.9  69.5  73.5  64.2  53.4  35.2  15.1  46.0
 1959   11.0  12.5  31.5  47.7  60.4  71.3  72.3  75.1  62.0  44.6  24.8  29.7  45.2
 1960   16.5  17.4  18.1  47.3  58.5  66.4  71.8  71.8  62.5  51.0  36.8  20.1  44.8
 1961   14.1  23.0  33.3  41.0  55.1  67.7  70.0  71.5  59.2  51.4  32.2  16.0  44.6
 1962   10.1  16.6  24.5  43.7  62.2  66.4  69.2  69.4  58.7  52.3  37.8  21.3  44.4
 1963    5.9  17.4  35.9  49.1  57.4  71.8  72.5  69.3  63.1  58.6  38.2  11.5  45.9
 1964   21.6  25.9  27.3  48.9  63.9  70.0  75.8  67.7  60.0  49.1  35.6  15.9  46.8
 1965   12.0  14.5  19.0  43.6  61.4  68.0  71.8  68.9  53.4  51.8  32.9  27.9  43.8
 1966    6.1  17.2  37.6  41.7  56.3  69.1  76.2  67.7  61.2  50.1  31.9  19.9  44.6
 1967   17.2  15.3  36.2  47.5  54.2  67.5  71.3  68.9  62.0  49.0  33.5  23.0  45.5
 1968   15.9  18.1  40.8  50.0  54.8  70.1  72.4  71.5  61.4  51.0  33.9  17.0  46.4
 1969    8.4  19.8  20.4  47.8  60.3  62.9  74.0  71.5  61.7  45.8  33.8  18.4  43.7
 1970    4.5  16.9  25.6  45.4  60.8  70.6  73.5  71.4  62.1  47.8  32.9  17.3  44.1
 1971    7.9  18.2  28.7  47.9  56.6  72.5  69.1  70.8  62.8  53.3  34.5  19.7  45.2
 1972    8.8  13.2  31.5  44.3  60.9  68.3  70.3  70.1  60.4  46.0  32.2  11.8  43.2
 1973   17.7  22.4  39.9  45.7  57.7  70.8  72.6  72.7  60.7  55.3  35.6  16.8  47.3
 1974   13.0  22.9  33.6  48.7  57.0  67.7  77.3  67.7  58.3  52.1  33.8  22.8  46.3
 1975   15.4  16.2  23.5  39.0  61.3  67.0  74.9  71.7  57.2  52.8  35.0  21.7  44.6
 1976   15.8  30.1  33.6  51.6  58.3  70.1  74.8  73.0  63.2  44.2  27.1  15.0  46.4
 1977    3.4  25.6  37.4  54.0  66.3  69.8  74.7  67.5  62.6  48.0  32.2  16.0  46.4
 1978    3.4   9.3  30.5  44.4  58.9  68.2  71.7  70.8  67.4  49.4  31.0  14.0  43.2
 1979    0.2   7.4  26.0  41.1  55.1  67.7  71.7  69.5  62.6  48.5  31.5  26.5  42.3
 1980   17.1  16.5  29.2  48.2  60.1  67.6  71.9  72.7  62.4  46.6  38.0  20.3  45.9
 1981   20.3  24.2  38.5  52.3  57.4  67.9  71.2  67.0  60.2  47.2  38.7  18.0  46.9
 1982    1.5  17.0  30.1  42.7  59.6  62.9  73.0  68.4  59.6  49.0  29.8  23.7  43.1
 1983   18.6  24.5  31.4  39.6  53.2  66.2  74.8  75.5  60.0  47.2  32.7   1.9  43.8
 1984   14.9  27.4  24.0  44.4  56.6  68.3  70.5  71.1  58.3  50.3  34.7  20.8  45.1
 1985   12.1  17.8  37.0  52.0  62.5  65.1  70.0  64.4  57.8  49.7  23.1   8.3  43.3
 1986   20.3  16.9  37.1  49.7  60.4  69.9  73.5  67.1  62.1  49.8  28.2  24.5  46.6
 1987   23.2  33.1  38.0  53.7  65.9  72.7  75.7  67.5  61.6  45.3  38.7  25.0  50.0
 1988    9.5  13.2  35.7  47.3  66.1  74.1  75.1  73.7  64.1  45.1  34.0  20.2  46.5
 1989   24.8  12.3  29.4  47.0  59.7  67.8  75.2  71.4  60.5  50.9  29.4  11.5  45.0
 1990   28.2  24.9  35.5  47.3  57.1  70.2  71.1  71.1  64.9  48.6  37.5  15.6  47.7
 1991   10.8  27.0  34.4  49.7  62.2  72.5  71.7  70.5  60.8  48.0  24.3  24.0  46.3
 1992   24.6  27.8  35.2  43.4  59.9  66.9  64.9  64.7  60.5  48.3  29.5  19.7  45.5
 1993   12.5  14.7  26.3  42.5  56.7  64.4  70.4  70.0  55.8  47.5  30.0  20.5  42.6
 1994    3.9  11.1  35.1  46.5  62.1  69.8  68.7  67.4  63.7  51.7  36.5  22.1  44.9
 1995   16.0  21.2  32.9  41.3  55.0  68.5  72.7  74.5  59.0  48.3  27.9  21.7  44.9
 1996   10.7  21.1  26.3  43.0  54.0  69.0  69.4  69.3  59.9  50.2  24.8  11.5  42.4
 1997    9.8  19.7  31.9  42.1  53.4  70.4  72.7  69.1  63.7  51.5  27.8  25.9  44.8
 1998   19.4  31.0  28.6  48.8  64.0  65.3  72.4  71.4  67.4  51.4  37.8  25.9  48.6
 1999   12.2  28.9  34.2  47.3  59.7  67.7  75.5  70.1  60.7  49.7  42.6  25.0  47.8
 2000   16.7  29.5  40.7  47.5  61.3  66.1  71.4  71.0  63.0  52.1  27.2   6.6  46.1
 MEANS  13.5  20.3  31.0  46.2  59.0  68.4  72.4  70.3  61.2  49.7  32.8  19.2  45.3
 
 THESE ARE THE MONTHLY PRECIP TOTALS AND NUMBER OF      MISSING DAYS 1951-2000 FOR STATION #5493
 YEAR    JAN   FEB  MARCH APRIL  MAY  JUNE  JULY AUGUST SEPT   OCT   NOV   DEC   ANN
  
 1951   0.26  2.73  3.53  3.37  3.93  7.20  4.63  4.73  4.13  1.82  0.36  0.52 37.21
           0     0     0     0     0     0     0     0     0     0     0     0     0
 1952   1.04  0.44  1.53  0.98  2.01  6.23  3.89  4.73  0.50  0.00  0.46  0.33 22.14
           0     0     0     0     0     0     0     0     0     0     0     0     0
 1953   0.57  0.73  2.48  3.29  2.34  8.55  3.44  3.72  0.94  0.73  1.69  1.20 29.68
           0     0     0     0     0     0     0     0     0     0     0     0     0
 1954   0.25  1.82  1.66  2.61  2.30  8.40  3.31  6.01  3.64  2.08  0.38  0.10 32.56
           0     0     0     0     0     0     0     0     0     0     0     0     0
 1955   0.15  0.97  0.57  2.60  1.75  3.09  2.33  2.77  1.59  1.74  0.36  0.84 18.76
           0     0     0     1     0     0     0     0     0     0     0     0     1
 1956   0.59  0.43  0.91  1.89  1.90  2.80  3.83  4.74  0.74  0.77  2.79  0.27 21.66
           1     0     0     0     0     0     0     0     0     0     0     0     1
 1957   0.16  0.38  1.18  0.70  5.60  5.93  5.28  3.34  1.72  2.84  1.77  0.36 29.26
           0     0     0     0     0     0     0     0     0     0     0     0     0
 1958   0.25  0.48  0.36  2.45  0.72  2.51  3.15  1.17  0.62  0.09  0.71  0.19 12.70
           0     0     0     0     0     0     0     0     0     0     0     0     0
 1959   0.38  1.54  1.10  0.23 10.30  2.07  0.12  3.15  3.79  2.98  1.42  1.46 28.54
           0     0     0     0     0     0     0     0     0     0     0     0     0
 1960   0.52  0.42  1.67  2.88  8.60  3.38  2.95  5.89  6.02  0.44  1.13  0.69 34.59
           0     0     0     0     0     0     0     0     0     0     0     0     0
 1961   0.21  1.57  3.34  1.38  2.75  3.22  2.71  1.84  6.31  1.65  0.88  0.98 26.84
           0     0     0     0     0     0     0     0     0     0     0     0     0
 1962   0.34  2.44  1.50  1.55  3.00  5.67  9.89  6.41  1.32  0.67  0.10  0.39 33.28
           0     0     0     0     0     0     0     0     0     0     0     0     0
 1963   0.45  0.68  1.25  1.12  1.30  3.09  6.69  0.49  3.05  1.38  0.04  0.43 19.97
           0     0     0     0     0     0     0     0     0     0     0     0     0
 1964   0.31  0.05  1.23  4.77  4.71  1.46  7.50  2.90  9.41  0.69  0.63  0.82 34.48
           0     0     0     0     0     0     0     0     0     0     0     0     0
 1965   0.59  1.44  1.71  4.18  5.51  2.64  0.92  2.34  7.30  0.59  0.59  0.48 28.29
           0     0     0     0     0     0     0     0     0     0     0     0     0
 1966   0.52  1.28  0.91  2.01  2.80  4.07  4.79  3.42  1.02  1.72  0.20  1.02 23.76
           0     0     0     0     0     0     0     0     0     0     0     0     0
 1967   0.75  0.66  0.41  3.46  1.50  7.26  0.50  2.40  0.94  1.41  0.20  0.55 20.04
           0     0     0     0     0     0     0     0     0     0     0     0     0
 1968   0.50  0.13  0.39  3.78  2.29  4.79  3.69  2.49  6.99  5.56  0.64  1.04 32.29
           0     0     0     0     0     0     0     0     0     0     0     0     0
 1969   1.88  1.55  1.81  1.63  4.28  5.76  6.20  3.72  1.02  2.54  0.56  1.49 32.44
           0     0     0     0     0     0     0     0     0     0     0     0     0
 1970   0.34  0.46  1.86  1.51  2.76  1.35  3.53  2.81  6.07  5.52  2.29  0.64 29.14
           0     0     0     0     0     0     0     0     0     0     0     0     0
 1971   0.23  2.86  1.06  1.30  1.73  4.93  3.99  1.24  1.49  5.35  1.84  1.00 27.02
           0     0     0     0     0     0     0     0     0     0     0     0     0
 1972   0.47  0.64  0.90  3.46  4.51  2.41  7.55  2.13  2.79  3.13  1.59  1.67 31.25
           0     0     0     0     0     0     0     0     0     0     0     0     0
 1973   0.69  0.48  2.57  3.24  3.89  2.91  2.92  2.43  5.84  1.18  3.62  0.97 30.74
           0     0     0     0     0     0     0     0     0     0     0     0     0
 1974   0.10  0.27  1.52  2.24  2.72  3.31  0.88  3.98  1.30  1.41  0.70  0.25 18.68
           0     0     0     0     0     0     0     0     0     0     0     0     0
 1975   1.14  0.70  1.94  5.56  2.92  8.15  0.21  6.81  1.51  0.22  3.19  0.77 33.12
           0     0     0     0     0     0     0     0     0     0     0     0     0
 1976   0.19  0.95  3.01  1.13  1.65  3.22  1.20  0.41  1.89  0.89  0.17  0.62 15.33
           0     0     0     0     0     0     0     0     0     0     0     0     0
 1977   0.06  0.75  3.31  3.15  2.34  3.98  1.77  4.77  7.69  3.85  3.62  1.02 36.31
           0     0     0     0     0     0     0     0     0     0     0     0     0
 1978   0.27  0.48  0.44  3.71  1.90  5.22  8.86  2.75  1.23  0.35  1.32  0.92 27.45
           0     0     0     0     0     0     0     0     0     0     0     0     0
 1979   1.25  0.93  4.14  2.44  3.43  1.95  3.66  8.93  5.26  3.22  1.76  0.34 37.31
           0     0     0     0     0     0     0     0     0     0     0     0     0
 1980   0.34  0.77  1.02  1.02  4.02  2.98  1.85  0.00  1.94  0.64  0.35  0.22 15.15
           0     0     0     0     0     0     0    31     1     0     0     0    32
 1981   0.45  0.83  2.01  0.84  3.34  4.39  3.63  3.58  1.56  2.92  1.75  0.62 25.92
           0     0     0     0     0     0     0     0     0     0     0     0     0
 1982   1.37  0.13  1.21  1.66  9.61  3.01  4.58  5.70  4.92  4.53  3.23  3.00 42.95
           0     0     0     0     0     0     0     0     0     0     0     0     0
 1983   0.48  0.56  2.74  2.22  2.61  8.22  3.10  1.89  2.06  3.01  4.07  0.61 31.57
           0     0     0     0     0     0     0     0     0     0     0     0     0
 1984   0.65  1.18  0.83  5.81  3.78 10.40  1.31  2.83  0.65  3.79  1.31  1.34 33.88
           0     0     0     0     1     0     0     0     0     0     0     0     1
 1985   0.36  0.10  3.69  5.77  3.04  3.92  1.17  4.34  6.11  1.33  1.29  0.65 31.77
           0     0     0     0     0     0     0     0     0     0     0     0     0
 1986   0.28  0.02  1.65  5.39  6.62  6.50  4.36  3.95  3.49  2.39  1.24  0.25 36.14
           0     0     0     0     1     0     0     0     0     0     0     0     1
 1987   0.23  0.33  4.43  0.43  3.83  2.14 10.55  6.30  4.83  0.30  1.33  1.01 35.71
           0     0     0     0     0     0     0     0     0     0     0     0     0
 1988   0.86  0.30  0.31  4.41  2.39  1.77  1.72  6.24  3.20  0.00  2.49  0.05 23.74
           0     0     0     0     0     1     1     0     0     0     0     0     2
 1989   0.20  0.14  1.18  2.09  3.21  2.01  3.40  3.96  3.36  0.00  0.48  0.15 20.18
           0     0     0     0     0     0     0     1     0     0     0     0     1
 1990   0.20  0.20  1.96  1.83  4.99  5.53  3.08  3.19  0.82  1.92  0.54  1.08 25.34
           0     0     1     0     0     0     0     0     0     1     0     0     2
 1991   0.46  0.53  4.08  6.96  6.37  4.57  3.33  2.80  3.57  1.14  3.66  0.50 37.97
           0     0     0     0     0     0     0     0     0     0     0     0     0
 1992   0.53  0.68  2.10  3.74  2.08  3.21  7.55  4.29  1.22  4.54  1.75  1.01 32.70
           0     0     0     0     0     0     0     0     0     0     0     0     0
 1993   0.74  1.04  1.77  4.17  7.52 11.43  9.72  5.19  2.61  0.61  1.35  0.96 47.11
           0     0     0     0     0     0     0     0     0     0     0     0     0
 1994   1.20  0.58  0.10  3.43  1.63 10.31  2.26  1.82  3.05  1.68  1.09  0.70 27.85
           0     0     0     0     0     0     0     0     0     0     0     0     0
 1995   0.06  0.24  3.14  3.68  5.78  3.17  2.17  5.50  2.63  2.92  0.69  0.44 30.42
           0     0     0     0     0     0     0     0     0     0     0     0     0
 1996   1.59  0.11  1.24  0.95  3.45  1.91  2.05  3.25  1.94  1.50  4.05  0.91 22.95
           0     0     0     0     0     0     0     0     0     0     0     0     0
 1997   1.31  0.46  0.33  1.81  4.14  3.92  1.94  1.39  1.95  1.70  0.62  0.54 20.11
           0     0     0     0     0     0     0     0     0     0     0     0     0
 1998   0.85  0.58  2.74  2.92  2.86  4.05  2.43  5.01  1.78  3.88  1.36  0.37 28.83
           0     0     0     0     0     0     0     0     0     0     0     0     0
 1999   1.16  0.36  0.78  5.48  3.93  5.95  3.62  0.50  0.53  0.99  0.29  0.29 23.88
           0     0     0     0     0     0     0     0     0     0     0     0     0
 2000   0.70  0.98  1.00  1.68  5.91  4.61  3.61  2.53  0.78  2.47  2.69  1.13 28.09
           0     0     0     0     0     0     0     0     0     0     0     0     0
 
 MEANS  0.57  0.77  1.73  2.78  3.73  4.59  3.76  3.54  2.98  1.94  1.41  0.74 28.54
 PRECIPITATION MEANS AND TOTALS ARE BASED ON DATA      AVAILABLE
 NO ATTEMPT WAS MADE TO ESTIMATE MISSING         PRECIPITATION DATA
 *****************************************************************************************
 *****************************************************************************************
 
 THESE ARE THE MONTHLY HEATING DEGREE DAYS 1951-2000 FOR STATION #5493
 YEAR    JAN    FEB   MARCH  APRIL   MAY    JUNE   JULY  AUGUST  SEPT   OCT   NOV   DEC
 
 1951  1635.5 1211.0 1403.0  740.5  180.0  111.0   32.0   27.5  257.0  512.5 1108.0 1540.5
 1952  1596.5 1110.5 1191.5  516.0  272.5   17.0    9.0   23.5  149.5  622.5  899.5 1324.0
 1953  1505.0 1205.5 1021.5  741.0  269.5   47.0   11.0    9.0  141.5  310.0  797.0 1313.5
 1954  1630.0  865.5 1146.5  500.0  391.5   53.0    0.0    6.0  130.0  561.5  763.0 1254.0
 1955  1471.0 1405.5 1123.5  340.5  124.5   73.5    0.0    8.0  138.5  431.5 1172.0 1623.0
 1956  1630.5 1460.5 1178.0  713.5  232.0   14.5   11.5   31.0  161.5  276.0  952.5 1244.0
 1957  1689.5 1148.5 1048.0  567.0  289.5   51.0    0.0   17.5  201.5  548.0  990.5 1157.5
 1958  1321.5 1385.0 1043.0  553.0  166.0  104.5   12.0   25.0  101.5  374.0  895.0 1546.5
 1959  1673.5 1469.5 1039.0  520.0  197.0   32.0    5.5    2.0  182.0  632.0 1207.5 1093.0
 1960  1504.0 1380.5 1455.0  544.0  211.0   36.5    4.0    5.0  176.0  441.0  847.0 1392.0
 1961  1577.0 1175.5  983.0  718.5  322.5   42.0    2.5    6.0  232.5  420.5  984.0 1519.0
 1962  1700.5 1355.5 1256.5  650.0  147.5   45.0   21.0    8.5  209.5  411.0  814.5 1355.0
 1963  1832.0 1331.5  902.5  482.5  263.0   16.5    1.5   27.0  107.0  211.0  805.0 1658.0
 1964  1344.0 1132.5 1168.0  484.0  118.0   31.0    0.0   49.0  207.0  493.5  883.0 1523.0
 1965  1643.5 1413.0 1427.5  642.5  139.5   12.5    6.5   44.5  355.0  415.5  962.5 1150.5
 1966  1827.0 1339.0  849.5  699.5  296.5   32.5    0.0   37.5  159.0  467.5  993.0 1399.0
 1967  1483.0 1391.5  892.5  530.0  378.0   20.0   28.0   30.5  117.0  504.5  943.5 1302.5
 1968  1521.5 1361.5  749.0  455.0  332.0   50.0    7.5   19.0  134.5  448.0  933.0 1488.5
 1969  1754.0 1266.0 1384.0  515.0  204.0  117.0    0.5    0.5  126.5  609.0  936.0 1445.0
 1970  1877.0 1348.0 1222.0  600.0  199.5   25.5    3.0    3.0  179.5  544.5  963.0 1479.5
 1971  1770.5 1310.5 1125.5  514.0  266.5   11.5   31.0    5.5  155.5  372.5  913.5 1405.5
 1972  1742.0 1501.0 1039.5  621.5  203.0   39.5   20.5   41.5  177.0  587.5  983.5 1648.0
 1973  1465.0 1193.0  779.5  578.5  246.5   14.5    3.0    1.5  164.5  310.0  882.5 1495.5
 1974  1611.0 1178.0  972.5  495.0  275.0   47.5    0.0   32.5  227.5  402.5  934.5 1308.5
 1975  1537.5 1366.5 1286.5  781.5  172.0   59.5   12.5    3.5  256.5  391.5  900.5 1343.5
 1976  1526.0 1012.0  974.0  412.5  223.0   17.5    3.0    3.5  151.0  654.0 1136.5 1551.5
 1977  1911.0 1103.5  857.0  348.5   53.0   11.5    0.5   28.0  104.0  525.5  984.0 1519.5
 1978  1908.5 1560.5 1070.5  617.0  235.0   50.0    6.5   12.0   76.5  485.0 1020.5 1582.0
 1979  2008.5 1614.0 1208.5  716.5  326.5   48.5    1.5   31.0  124.0  512.0 1003.5 1192.0
 1980  1484.0 1405.5 1110.0  521.5  201.5   32.0    7.0    1.0  132.0  570.0  810.5 1384.5
 1981  1386.0 1141.0  822.0  386.0  241.5   24.0   21.0   30.5  160.0  551.0  790.0 1458.5
 1982  1970.0 1344.5 1082.0  668.5  182.5   98.0    0.0   35.5  193.5  495.5 1055.5 1279.0
 1983  1439.5 1133.5 1042.5  762.0  374.0   70.5    1.0    0.0  210.5  553.0  970.0 1957.0
 1984  1554.5 1089.5 1272.0  617.0  276.5   14.5   10.0   15.0  238.0  456.5  908.5 1370.5
 1985  1640.5 1320.5  869.5  415.5  127.0   96.0   13.0   67.5  279.0  473.5 1256.5 1758.0
 1986  1386.5 1347.0  865.5  462.5  167.5   19.0    0.0   40.5  121.0  470.5 1103.5 1254.0
 1987  1296.5  894.0  838.5  353.5   81.5   13.5    1.5   56.0  133.5  611.5  788.5 1240.0
 1988  1719.0 1502.5  907.5  535.0   59.5    8.0    0.0   21.0   88.0  616.0  930.0 1390.0
 1989  1245.5 1475.0 1104.0  540.5  201.0   51.0    0.0    3.0  182.0  446.0 1067.0 1660.0
 1990  1139.5 1123.0  915.5  553.5  258.0   42.5   10.0    6.5  126.0  511.5  825.0 1530.0
 1991  1681.5 1064.5  948.0  472.5  200.0    9.5    7.5    8.0  198.0  526.0 1222.0 1271.5
 1992  1253.5 1077.5  923.0  651.5  194.5   34.0   53.5   78.5  169.5  521.0 1064.0 1403.0
 1993  1626.5 1407.5 1200.5  676.0  262.5   80.5    2.5   22.0  285.5  556.5 1050.5 1379.0
 1994  1894.5 1509.5  928.0  569.5  163.0   13.5    8.5   34.5  112.5  412.0  856.5 1328.5
 1995  1519.0 1227.0  994.0  711.5  311.0   55.0    7.5    2.5  221.5  524.5 1113.5 1343.0
 1996  1682.0 1272.5 1200.0  661.5  367.5   43.5    4.5    2.5  206.0  461.0 1206.0 1657.5
 1997  1712.0 1269.5 1027.0  686.0  364.5    1.0   14.5   25.5  104.5  466.0 1115.0 1212.0
 1998  1415.0  952.5 1129.5  485.0   99.0  102.5    0.0    0.0   58.5  420.5  816.5 1212.5
 1999  1635.5 1011.5  954.5  532.0  185.5   54.0    1.0    3.0  184.0  476.5  673.0 1239.5
 2000  1498.5 1029.5  752.0  524.5  154.5   70.5   22.0    7.0  139.5  400.5 1134.0 1810.0
 *****************************************************************************************
 MEANS 1629.7 1289.5 1074.9  579.2  228.8   44.2    8.6   20.5  172.4  489.5  986.4 1448.2
 
 THESE ARE THE MONTHLY COOLING DEGREE DAYS 1951-2000 FOR STATION #5493
 YEAR    JAN   FEB  MARCH APRIL  MAY  JUNE  JULY AUGUST SEPT   OCT   NOV   DEC   ANN
 
 1951    0.0   0.0   0.0   0.0  17.5  32.0 166.0 118.0   4.5  12.0   0.0   0.0
 1952    0.0   0.0   0.0   5.5  21.0 201.5 210.0 103.0  71.0   0.0   0.0   0.0
 1953    0.0   0.0   0.0   0.0  32.0 187.5 202.5 176.5  50.5  19.0   0.0   0.0
 1954    0.0   0.0   0.0   3.5   7.0 189.5 281.0 170.0  51.5   0.0   0.0   0.0
 1955    0.0   0.0   0.0   2.5  49.0  92.0 415.5 376.5 111.5   2.0   0.0   0.0
 1956    0.0   0.0   0.0   0.0  52.5 289.0 159.5 195.5  36.0  20.5   0.0   0.0
 1957    0.0   0.0   0.0   1.5  16.0  85.5 375.0 179.5  17.0   0.0   0.0   0.0
 1958    0.0   0.0   0.0   0.0  49.5  71.0 151.5 287.5  78.0  14.0   0.0   0.0
 1959    0.0   0.0   0.0   0.0  53.0 221.0 232.0 316.0  93.0   0.0   0.0   0.0
 1960    0.0   0.0   0.0  14.5  10.0  78.5 215.5 215.0  99.5   6.0   0.0   0.0
 1961    0.0   0.0   0.0   0.0  16.5 124.0 157.5 208.5  59.0   0.0   0.0   0.0
 1962    0.0   0.0   0.0  10.0  61.5  87.5 151.0 146.0  19.0  17.0   0.0   0.0
 1963    0.0   0.0   0.0   4.5  28.5 221.0 235.5 161.0  49.5  13.5   0.0   0.0
 1964    0.0   0.0   0.0   1.5  83.5 182.0 336.0 134.0  58.5   0.0   0.0   0.0
 1965    0.0   0.0   0.0   0.0  29.0 101.5 216.0 165.0   6.5   7.0   0.0   0.0
 1966    0.0   0.0   0.0   0.0  26.0 156.0 347.5 120.5  46.0   4.5   0.0   0.0
 1967    0.0   0.0   0.0   5.5  42.0  96.0 222.5 152.5  26.0   7.5   0.0   0.0
 1968    0.0   0.0   0.0   4.5  14.5 202.5 237.5 220.0  25.5  14.0   0.0   0.0
 1969    0.0   0.0   0.0   0.0  57.5  54.5 278.5 201.5  27.5  12.5   0.0   0.0
 1970    0.0   0.0   0.0  12.0  70.5 194.0 267.5 200.0  93.0  11.0   0.0   0.0
 1971    0.0   0.0   0.0   0.0   5.0 236.0 158.5 185.5  90.5  11.0   0.0   0.0
 1972    0.0   0.0   0.0   0.0  76.5 139.5 183.5 199.0  40.0   0.0   0.0   0.0
 1973    0.0   0.0   0.0   0.0  21.0 188.5 238.5 239.5  34.5   9.0   0.0   0.0
 1974    0.0   0.0   0.0   6.5  27.5 127.0 382.0 117.5  25.5   2.0   0.0   0.0
 1975    0.0   0.0   0.0   0.0  57.5 120.0 318.0 211.0  24.0  12.5   0.0   0.0
 1976    0.0   0.0   0.0  11.5  15.0 169.0 307.0 250.5  96.5  10.0   0.0   0.0
 1977    0.0   0.0   0.0  17.0  92.5 155.0 301.5 106.5  32.5   0.0   0.0   0.0
 1978    0.0   0.0   1.5   0.0  46.0 145.0 213.0 192.0 150.0   0.0   0.0   0.0
 1979    0.0   0.0   0.0   0.0  21.0 129.0 208.0 171.5  53.0   0.0   0.0   0.0
 1980    0.0   0.0   0.0  17.5  51.0 111.0 222.0 240.5  54.0   0.5   0.0   0.0
 1981    0.0   0.0   0.0   6.0   7.0 112.0 212.0  93.0  15.5   0.0   0.0   0.0
 1982    0.0   0.0   0.0   0.0  14.5  34.0 249.5 141.0  31.0   0.0   0.0   0.0
 1983    0.0   0.0   0.0   0.0   7.5 108.0 304.0 325.0  61.5   2.0   0.0   0.0
 1984    0.0   0.0   0.0   0.0  16.5 112.5 179.5 204.0  37.0   0.5   0.0   0.0
 1985    0.0   0.0   0.0  24.5  48.0  99.0 169.5  50.0  61.5   0.0   0.0   0.0
 1986    0.0   0.0   1.0   2.0  24.5 167.5 264.5 107.0  34.0   0.0   0.0   0.0
 1987    0.0   0.0   0.0  15.0 110.0 245.5 332.5 134.5  31.0   0.0   0.0   0.0
 1988    0.0   0.0   0.0   4.0  92.5 279.5 314.0 292.0  59.5   0.0   0.0   0.0
 1989    0.0   0.0   0.0   0.5  37.5 136.0 317.5 202.0  46.0   9.5   0.0   0.0
 1990    0.0   0.0   0.0  23.0  12.5 199.5 199.0 195.5 124.0   3.0   0.0   0.0
 1991    0.0   0.0   0.0  12.5 114.0 234.0 216.5 178.5  71.0   0.0   0.0   0.0
 1992    0.0   0.0   0.0   4.0  37.0  91.0  49.5  70.5  33.0   4.5   0.0   0.0
 1993    0.0   0.0   0.0   0.0   6.5  64.0 169.5 176.0   9.5  14.0   0.0   0.0
 1994    0.0   0.0   0.0  13.5  74.5 156.5 123.0 110.0  72.5   0.0   0.0   0.0
 1995    0.0   0.0   0.0   0.0   1.0 160.0 246.5 296.5  40.5   7.0   0.0   0.0
 1996    0.0   0.0   0.0   0.0  27.5 163.5 140.5 136.0  52.0   3.5   0.0   0.0
 1997    0.0   0.0   0.0   0.0   4.5 163.5 253.5 154.0  66.0  48.5   0.0   0.0
 1998    0.0   0.0   0.0   0.0  68.0 110.5 228.5 198.5 130.0   0.0   0.0   0.0
 1999    0.0   0.0   0.0   0.0  22.0 134.0 326.0 161.0  54.5   1.5   0.0   0.0
 2000    0.0   0.0   0.0   0.0  39.5 104.5 220.5 192.5  78.5   0.5   0.0   0.0
 *****************************************************************************************
 MEANS   0.0   0.0   0.1   4.6  39.1 148.2 242.9 187.2  55.8   6.2   0.0   0.0
 
 THESE ARE THE HEAT STRESS VARIABLES 1951-2000 FOR STATION #5493
             # OF DAYS MAXT >86                           HEAT INDEX
 YEAR   MAY  JUNE  JULY   AUG  SEPT  TOTAL     MAY    JUNE   JULY   AUG    SEPT  TOTAL
 1951   0.0   0.0   8.0   2.0   0.0   10.0      0.0    0.0   17.0    8.0    0.0   25.0
 1952   2.0  13.0   9.0   5.0   6.0   35.0      7.0   52.0   33.0    8.0   12.0  112.0
 1953   1.0   7.0   7.0   9.0   3.0   27.0      3.0   44.0   27.0   27.0   11.0  112.0
 1954   0.0   8.0  13.0   1.0   0.0   22.0      0.0   26.0   67.0    5.0    0.0   98.0
 1955   3.0   2.0  20.0  22.0   7.0   54.0      4.0    9.0  145.0  182.0   45.0  385.0
 1956   1.0  17.0   5.0   8.0   4.0   35.0      1.0  132.0   18.0   36.0   18.0  205.0
 1957   0.0   2.0  17.0   6.0   1.0   26.0      0.0    3.0   88.0   25.0    2.0  118.0
 1958   1.0   5.0   3.0  21.0   3.0   33.0      1.0   22.0   13.0  131.0   13.0  180.0
 1959   2.0  10.0  12.0  15.0   5.0   44.0     10.0   45.0   52.0   93.0   29.0  229.0
 1960   0.0   3.0   9.0   6.0   7.0   25.0      0.0    6.0   34.0   18.0   28.0   86.0
 1961   0.0   6.0   4.0  10.0   1.0   21.0      0.0   24.0    7.0   37.0    3.0   71.0
 1962   0.0   2.0   2.0   7.0   1.0   12.0      0.0    2.0    6.0   18.0    1.0   27.0
 1963   0.0  15.0  12.0  11.0   2.0   40.0      0.0   69.0   41.0   30.0    6.0  146.0
 1964   5.0  11.0  20.0   6.0   2.0   44.0     25.0   47.0  113.0   24.0    7.0  216.0
 1965   1.0   3.0  11.0   9.0   0.0   24.0      2.0    9.0   52.0   63.0    0.0  126.0
 1966   4.0   5.0  21.0   7.0   1.0   38.0     10.0   21.0  113.0   20.0    2.0  166.0
 1967   3.0   1.0  11.0   6.0   1.0   22.0     19.0    4.0   60.0   15.0    1.0   99.0
 1968   1.0  14.0  11.0  10.0   0.0   36.0      3.0   56.0   40.0   74.0    0.0  173.0
 1969   2.0   1.0  10.0   7.0   0.0   20.0      9.0    7.0   42.0   15.0    0.0   73.0
 1970   5.0  12.0  16.0   8.0   5.0   46.0     18.0   61.0   70.0   44.0   17.0  210.0
 1971   0.0  11.0   6.0   9.0   3.0   29.0      0.0   54.0   14.0   45.0   20.0  133.0
 1972   5.0   7.0   6.0  13.0   1.0   32.0     10.0   25.0   22.0   73.0    5.0  135.0
 1973   1.0  11.0  10.0  11.0   0.0   33.0      4.0   45.0   41.0   43.0    0.0  133.0
 1974   0.0   8.0  22.0   4.0   0.0   34.0      0.0   36.0  142.0   10.0    0.0  188.0
 1975   2.0   4.0  22.0   8.0   1.0   37.0     12.0   17.0  116.0   18.0    1.0  164.0
 1976   1.0   8.0  17.0  19.0   5.0   50.0      3.0   26.0   89.0  104.0   27.0  249.0
 1977   5.0   9.0  16.0   3.0   0.0   33.0      7.0   51.0   91.0    6.0    0.0  155.0
 1978   3.0   7.0  10.0   6.0   8.0   34.0      9.0   24.0   33.0   20.0   35.0  121.0
 1979   2.0   8.0   9.0   5.0   0.0   24.0      7.0   35.0   21.0   14.0    0.0   77.0
 1980   4.0   4.0  18.0   7.0   2.0   35.0      4.0   27.0   97.0   22.0    7.0  157.0
 1981   0.0   6.0   8.0   1.0   1.0   16.0      0.0   23.0   38.0    1.0    2.0   64.0
 1982   0.0   1.0  10.0   4.0   0.0   15.0      0.0    2.0   39.0   20.0    0.0   61.0
 1983   1.0   5.0  12.0  20.0   3.0   41.0      2.0   14.0   63.0  102.0   14.0  195.0
 1984   0.0   1.0   4.0   8.0   2.0   15.0      0.0    4.0   12.0   39.0   10.0   65.0
 1985   1.0   3.0   8.0   2.0   2.0   16.0      1.0   30.0   27.0    3.0    7.0   68.0
 1986   0.0   6.0  11.0   1.0   0.0   18.0      0.0   23.0   37.0    3.0    0.0   63.0
 1987   7.0  13.0  16.0   3.0   0.0   39.0     34.0   77.0   79.0   13.0    0.0  203.0
 1988   4.0  14.0  15.0  12.0   2.0   47.0     10.0   90.0   96.0   91.0    2.0  289.0
 1989   2.0   7.0  14.0   7.0   0.0   30.0      6.0   21.0   82.0   16.0    0.0  125.0
 1990   2.0  10.0   6.0   6.0   6.0   30.0      5.0   41.0   40.0   16.0   17.0  119.0
 1991   2.0   9.0   8.0   6.0   0.0   25.0      4.0   39.0   36.0   16.0    0.0   95.0
 1992   1.0   0.0   0.0   2.0   0.0    3.0      3.0    0.0    0.0    3.0    0.0    6.0
 1993   0.0   0.0   2.0   4.0   0.0    6.0      0.0    0.0    3.0    6.0    0.0    9.0
 1994   1.0   3.0   0.0   2.0   2.0    8.0      6.0    8.0    0.0    5.0    4.0   23.0
 1995   0.0   7.0  11.0   9.0   0.0   27.0      0.0   28.0   61.0   28.0    0.0  117.0
 1996   2.0   7.0   3.0   2.0   0.0   14.0      8.0   26.0    6.0    4.0    0.0   44.0
 1997   0.0   7.0  10.0   3.0   0.0   20.0      0.0   22.0   32.0   11.0    0.0   65.0
 1998   3.0   2.0   8.0   3.0   7.0   23.0      8.0    6.0   18.0   10.0   34.0   76.0
 1999   0.0   5.0  13.0   4.0   4.0   26.0      0.0   12.0   65.0    9.0   12.0   98.0
 2000   0.0   4.0   6.0   4.0   2.0   16.0      0.0   17.0   18.0   17.0    4.0   56.0
 *****************************************************************************************
 MEANS  1.6   6.6  10.6   7.4   2.1   28.4      5.2   29.8   50.1   33.5    8.1  126.7
