 
 THIS IS FOR STATION NUMBER 5992 1951-> 2000
                                 # OF PRECIPITATION EVENTS - % IN PARENS
 CL                   MAX   MEAN  0.01-  0.26-  0.51-  1.01-          # OF DAYS
 WK    TIME PERIOD    VAL   RAIN    0.25   0.51   1.00   2.00  >2.01 MISSING TOTAL
  1 3/1-->3/7        1.80   0.45  56(65) 18(20)  7( 8)  5( 5)  0( 0)    5       86
  2 3/8-->3/14       1.62   0.49  59(63) 19(20) 11(11)  4( 4)  0( 0)    1       93
  3 3/15-->3/21      1.44   0.43  50(61) 17(20) 13(16)  1( 1)  0( 0)    0       81
  4 3/22-->3/28      1.39   0.49  42(53) 14(17) 19(24)  3( 3)  0( 0)    0       78
  5 3/29-->4/4       1.69   0.63  61(58) 24(22) 13(12)  7( 6)  0( 0)    4      105
  6 4/5-->4/11       1.56   0.48  58(63) 18(19) 14(15)  2( 2)  0( 0)    7       92
  7 4/12-->4/18      2.33   0.80  67(55) 23(19) 24(19)  6( 4)  1( 0)    7      121
  8 4/19-->4/25      2.33   0.91  69(53) 31(24) 17(13) 11( 8)  1( 0)    8      129
  9 4/26-->5/2       3.24   0.96  53(50) 17(16) 22(20) 12(11)  2( 1)    9      106
 10 5/3-->5/9        2.41   0.82  57(53) 21(19) 18(16)  8( 7)  2( 1)   15      106
 11 5/10-->5/16      2.57   1.03  61(50) 27(22) 19(15)  9( 7)  4( 3)   14      120
 12 5/17-->5/23      2.41   0.84  61(53) 25(21) 17(14)  9( 7)  2( 1)   14      114
 13 5/24-->5/30      2.72   1.28  61(47) 24(18) 21(16) 20(15)  3( 2)   14      129
 14 5/31-->6/6       1.85   0.72  52(51) 26(25) 17(16)  6( 5)  0( 0)    2      101
 15 6/7-->6/13       3.83   1.24  73(54) 18(13) 25(18) 13( 9)  4( 3)    0      133
 16 6/14-->6/20      4.36   1.16  63(51) 20(16) 21(17) 15(12)  3( 2)    1      122
 17 6/21-->6/27      2.62   1.00  50(45) 22(20) 22(20) 12(11)  3( 2)    2      109
 18 6/28-->7/4       2.94   1.08  48(45) 19(18) 22(20) 13(12)  3( 2)    0      105
 19 7/5-->7/11       1.80   0.89  50(48) 21(20) 19(18) 14(13)  0( 0)    2      104
 20 7/12-->7/18      2.28   0.94  53(50) 18(17) 18(17) 13(12)  2( 1)    4      104
 21 7/19-->7/25      2.74   0.81  41(47) 19(22) 14(16)  8( 9)  4( 4)    8       86
 22 7/26-->8/1       2.14   0.73  54(57) 15(15) 15(15)  9( 9)  1( 1)    9       94
 23 8/2-->8/8        4.08   0.93  55(56) 12(12) 20(20)  8( 8)  3( 3)   15       98
 24 8/9-->8/15       3.69   0.92  48(52) 16(17) 10(10) 15(16)  3( 3)    8       92
 25 8/16-->8/22      2.00   0.69  63(59) 20(18) 15(14)  7( 6)  1( 0)    8      106
 26 8/23-->8/29      2.77   1.01  42(46) 14(15) 17(18) 10(11)  7( 7)    7       90
 27 8/30-->9/5       2.13   0.71  52(56) 14(15) 16(17)  8( 8)  2( 2)    7       92
 28 9/6-->9/12       2.03   0.71  46(50) 18(19) 20(21)  6( 6)  1( 1)    6       91
 29 9/13-->9/19      3.73   0.97  60(55) 20(18) 17(15)  5( 4)  7( 6)    2      109
 30 9/20-->9/26      2.49   0.87  52(51) 17(16) 21(20)  8( 7)  3( 2)    0      101
 31 9/27-->10/3      2.43   0.70  40(51) 12(15) 14(18)  9(11)  2( 2)    0       77
 32 10/4-->10/10     2.83   0.65  48(57) 14(16) 13(15)  6( 7)  3( 3)    0       84
 33 10/11-->10/17    2.64   0.52  51(64) 11(13) 11(13)  4( 5)  2( 2)    0       79
 34 10/18-->10/24    2.10   0.65  45(55) 11(13) 17(20)  7( 8)  1( 1)    0       81
 35 10/25-->10/31    2.13   0.56  46(55) 15(18) 17(20)  4( 4)  1( 1)    0       83
 36 11/1-->11/7      2.93   0.54  46(56) 24(29)  6( 7)  5( 6)  1( 1)    8       82
 37 11/8-->11/14     1.69   0.39  41(62) 17(25)  4( 6)  4( 6)  0( 0)    8       66
 38 11/15-->11/21    2.35   0.50  43(59) 15(20)  7( 9)  6( 8)  1( 1)    7       72
 39 11/22-->11/28    0.98   0.36  45(64) 10(14) 15(21)  0( 0)  0( 0)    8       70
 40 11/29-->12/5     1.72   0.32  46(67) 11(16) 10(14)  1( 1)  0( 0)    3       68
 41 12/6-->12/12     1.18   0.25  51(75) 12(17)  4( 5)  1( 1)  0( 0)    1       68
 42 12/13-->12/19    0.92   0.21  44(75) 10(17)  4( 6)  0( 0)  0( 0)    0       58
 43 12/20-->12/26    1.01   0.25  48(73) 11(16)  5( 7)  1( 1)  0( 0)    1       65
 44 12/27-->1/2      0.72   0.25  43(70) 13(21)  5( 8)  0( 0)  0( 0)    2       61
 45 1/3-->1/9        0.64   0.16  39(76) 10(19)  2( 3)  0( 0)  0( 0)    1       51
 46 1/10-->1/16      1.59   0.25  39(72)  9(16)  4( 7)  2( 3)  0( 0)    0       54
 47 1/17-->1/23      0.78   0.20  57(80) 10(14)  4( 5)  0( 0)  0( 0)    0       71
 48 1/24-->1/30      1.02   0.20  53(79) 10(14)  3( 4)  1( 1)  0( 0)    2       67
 49 1/31-->2/6       0.84   0.20  42(76)  6(10)  7(12)  0( 0)  0( 0)    8       55
 50 2/7-->2/13       0.66   0.20  42(72) 13(22)  3( 5)  0( 0)  0( 0)    7       58
 51 2/14-->2/20      1.22   0.28  52(75)  9(13)  6( 8)  2( 2)  0( 0)    7       69
 52 2/21-->2/27      0.90   0.30  46(67) 15(22)  7(10)  0( 0)  0( 0)    7       68
 53 2/28-->2/29      0.55   0.02   6(75)  1(12)  1(12)  0( 0)  0( 0)    2        8
 ANNUAL TOTALS       4.36   2670(57)856(18)693(15)320( 6) 73( 1)  251     4612
 
 THESE ARE THE MONTHLY AVERAGES FOR 1951-->2000 FOR STATION NUMBER 5992
   JAN  FEB  MAR  APR  MAY  JUN  JUL  AUG  SPT  OCT  NOV  DEC  ANNUAL
   0.91 1.00 2.20 3.20 4.29 4.50 3.85 3.90 3.57 2.54 1.91 1.06 32.92  <-- PRECIP
  
   20.1 26.6 37.3 51.7 63.4 72.7 76.9 74.7 66.2 54.6 38.9 25.7  55.0  <-- TEMP
 
 TWELVE SIGNIFICANT RAINFALL EVENTS  
 MONTH  DAY  YEAR   AMOUNT
   6     17  1990     4.36
   8      5  1970     4.08
   8      6  1963     3.81
   6      9  1974     3.83
   9     13  1961     3.73
   8     12  1993     3.69
   6     14  1954     3.65
   6     10  1967     3.48
   4     29  1974     3.24
   7      1  1959     2.94
  11      4  1959     2.93
  10      9  1970     2.83
 
 GROWING DEGREE DAYS FOR 4 BASE TEMPS FOR STATION NUMBER  5992
               MARCH                       APRIL  
     ****************************  ******************* ******** 
 YEAR  40-86  48-86  50-86  52-86   40-86  48-86  50-86  52-86  
     ****************************  ******************* ******** 
 1951     41      9      5      3    268    147    125    104
 1952     85     44     37     31    404    255    224    197
 1953    147     68     52     37    238    116     93     72
 1954     81     21     15     10    465    288    251    218
 1955    164     91     76     62    554    359    317    278
 1956    129     59     48     37    367    239    212    186
 1957    140     62     50     40    419    256    223    191
 1958     72     23     15      9    394    234    199    168
 1959    115     47     37     30    370    219    189    162
 1960     22      4      2      0    428    268    235    205
 1961    120     51     39     29    270    149    126    104
 1962     89     46     39     34    369    232    204    180
 1963    219    133    118    104    473    310    274    240
 1964    129     68     56     44    393    241    210    180
 1965     13      3      1      0    341    200    172    145
 1966    243    137    114     92    312    178    151    128
 1967    242    152    131    112    417    254    220    190
 1968    328    209    185    163    440    278    245    213
 1969     68     36     29     23    422    261    225    192
 1970     66     18     11      7    433    283    250    218
 1971    111     49     40     32    432    286    254    224
 1972    125     62     52     43    356    214    183    156
 1973    198     87     67     50    355    217    186    160
 1974    182     99     83     68    439    281    246    214
 1975     60     21     14      8    300    177    153    131
 1976    196    107     91     77    478    318    281    246
 1977    249    136    116     98    546    365    328    292
 1978    114     62     52     42    355    215    186    158
 1979     92     41     32     24    253    137    115     95
 1980    122     51     39     28    398    254    226    200
 1981    223    116     95     76    502    327    290    256
 1982    111     38     28     20    311    188    162    137
 1983    144     73     61     50    216    114     98     84
 1984     35      1      0      0    290    148    122     98
 1985    196    100     82     65    532    358    322    288
 1986    237    143    125    110    465    298    263    229
 1987    218    120    103     88    495    318    287    258
 1988    217    121    101     83    396    252    222    194
 1989    173    101     87     74    442    279    244    213
 1990    217    112     95     78    389    240    208    176
 1991    213    119    103     88    426    255    222    194
 1992    213    109     89     71    315    183    158    135
 1993     72     28     22     16    306    168    141    116
 1994    197    107     90     76    392    252    224    197
 1995    213    123    105     87    285    162    136    114
 1996    121     51     40     30    334    205    177    153
 1997    200    103     85     70    317    182    156    132
 1998    121     68     59     51    328    182    153    125
 1999    147     70     57     45    334    191    162    134
 2000    248    142    123    105    361    225    199    174
     ****************************  ******************* ******** 
 MEAN  149.8   77.2   64.1   52.7  382.7  235.4  205.2  177.4
 STDV   70.8   46.4   41.1   36.1   80.1   62.4   58.0   53.6
 
               MAY                         JUNE   
     ****************************  ******************* ******** 
 YEAR  40-86  48-86  50-86  52-86   40-86  48-86  50-86  52-86  
     ****************************  ******************* ******** 
 1951    729    504    450    399    786    549    491    434
 1952    641    415    365    317   1009    769    709    650
 1953    631    413    367    324    974    734    675    616
 1954    552    357    315    276    992    754    695    638
 1955    797    554    496    443    870    633    575    521
 1956    755    532    481    433   1032    793    734    676
 1957    669    443    393    347    921    681    622    564
 1958    777    551    499    450    831    592    535    478
 1959    758    526    472    420    985    745    685    626
 1960    665    449    398    349    888    650    591    532
 1961    628    414    367    326    924    685    626    570
 1962    885    642    585    531    931    692    633    576
 1963    689    465    415    370   1013    773    713    654
 1964    842    599    544    492    916    679    621    563
 1965    815    589    536    483    909    669    609    549
 1966    597    400    360    323    895    656    599    542
 1967    577    386    344    306    913    673    613    556
 1968    602    396    354    316    958    718    659    602
 1969    703    487    438    391    815    583    528    476
 1970    799    568    517    467    935    695    636    578
 1971    597    396    352    311   1044    804    744    685
 1972    669    463    417    373    824    592    539    487
 1973    568    371    328    289    915    675    616    558
 1974    582    386    342    301    816    579    524    472
 1975    728    522    478    436    875    642    586    534
 1976    624    422    377    336    895    655    596    541
 1977    869    633    577    522    983    743    684    625
 1978    655    440    392    345    902    664    605    548
 1979    635    431    386    344    891    653    596    540
 1980    717    496    444    399    880    640    582    529
 1981    620    410    365    324    918    678    618    558
 1982    747    508    451    396    760    523    468    418
 1983    528    331    288    249    900    663    607    552
 1984    577    374    330    290    959    719    659    599
 1985    746    507    452    405    821    587    532    478
 1986    729    492    441    392   1007    767    707    648
 1987    871    627    572    521   1017    777    718    659
 1988    846    603    546    493   1014    774    715    657
 1989    686    472    424    379    891    651    593    537
 1990    593    377    330    284    949    711    653    595
 1991    826    595    540    488   1036    796    736    676
 1992    701    485    437    393    923    684    625    567
 1993    692    458    403    353    880    643    585    529
 1994    727    503    452    407    959    719    659    600
 1995    594    363    317    275    933    693    633    574
 1996    571    352    306    263    917    678    619    561
 1997    535    339    299    262    981    741    681    621
 1998    780    535    477    422    821    588    533    479
 1999    649    416    366    320    878    639    582    527
 2000    725    496    444    395    865    625    567    510
     ****************************  ******************* ******** 
 MEAN  690.2  470.1  420.9  374.8  919.3  680.8  622.5  565.6
 STDV   96.1   83.8   79.6   75.3   68.4   67.0   65.8   63.9
 
               JULY                        AUGUST 
     ****************************  ******************* ******** 
 YEAR  40-86  48-86  50-86  52-86   40-86  48-86  50-86  52-86  
     ****************************  ******************* ******** 
 1951   1024    776    714    652    974    726    664    602
 1952   1057    809    747    686    942    694    632    571
 1953   1054    806    744    682   1024    776    714    652
 1954   1138    890    828    766   1022    774    712    650
 1955   1191    943    881    819   1121    873    811    749
 1956   1055    807    745    683   1048    801    740    681
 1957   1159    911    849    787   1049    801    739    677
 1958    999    751    689    627   1031    784    723    663
 1959   1049    801    739    678   1123    875    813    751
 1960   1047    799    737    675   1057    809    747    685
 1961   1055    807    745    683   1055    807    745    683
 1962   1024    776    714    653   1043    795    733    671
 1963   1096    848    786    724    989    741    679    618
 1964   1098    850    788    726    936    688    629    572
 1965   1052    804    742    680    973    725    665    605
 1966   1115    867    805    743    947    700    639    580
 1967    987    739    679    620    938    692    633    576
 1968   1049    801    739    677   1012    764    702    640
 1969   1080    832    770    708   1043    795    733    671
 1970   1048    800    738    676   1020    772    710    648
 1971    977    731    671    612    988    740    679    619
 1972    954    709    651    593    928    684    626    569
 1973    976    728    666    605   1044    796    734    672
 1974   1076    828    766    704    887    640    583    528
 1975   1010    763    703    644   1011    763    701    639
 1976   1032    784    722    662    886    644    586    530
 1977   1100    852    790    728    900    652    592    532
 1978   1032    784    722    660    958    711    650    590
 1979   1005    757    695    633    945    698    637    577
 1980   1090    842    780    718   1064    816    754    692
 1981    999    751    689    629    889    641    583    526
 1982   1037    789    727    665    951    703    642    582
 1983   1110    862    800    738   1160    912    850    788
 1984   1014    766    704    642   1041    793    731    670
 1985   1054    806    744    682    962    714    652    591
 1986   1136    888    826    764    922    676    616    557
 1987   1118    870    808    746    988    740    678    616
 1988   1121    873    811    749   1114    866    805    745
 1989   1101    853    791    729   1040    792    731    670
 1990   1036    788    726    664   1044    796    734    672
 1991   1078    830    768    706   1032    784    722    660
 1992    955    707    645    583    891    643    582    523
 1993   1054    806    744    682   1048    800    738    676
 1994   1017    769    707    645    965    717    655    594
 1995   1084    836    774    713   1150    902    840    778
 1996   1030    782    720    658   1026    778    716    654
 1997   1074    826    764    702    971    723    661    599
 1998   1060    812    750    688   1039    791    729    667
 1999   1121    873    811    749    945    697    635    573
 2000   1001    753    691    629   1024    776    714    652
     ****************************  ******************* ******** 
 MEAN 1056.8  808.9  747.2  685.6 1003.5  755.9  694.6  634.0
 STDV   52.0   51.8   51.4   51.0   67.9   67.4   66.7   65.5
 
               SEPTEMBER                   OCTOBER
     ****************************  ******************* ******** 
 YEAR  40-86  48-86  50-86  52-86   40-86  48-86  50-86  52-86  
     ****************************  ******************* ******** 
 1951    641    426    377    330    454    284    248    216
 1952    775    549    499    451     66     41     35     30
 1953    772    555    509    464    578    400    363    327
 1954    855    622    567    513    478    301    265    229
 1955    842    617    563    512    399    261    229    199
 1956    774    550    500    453    663    449    403    358
 1957    689    465    414    366    363    207    174    145
 1958    792    559    505    453    552    371    331    291
 1959    763    539    487    437    140     73     59     45
 1960    788    559    508    460    363    239    215    192
 1961    707    492    443    394    545    357    314    274
 1962    698    486    438    393    484    321    282    247
 1963    821    591    536    484    796    563    509    457
 1964    742    525    475    425    138     89     78     69
 1965    673    453    405    360    419    273    242    212
 1966    705    483    433    390    498    343    308    275
 1967    708    494    446    401    207    138    123    110
 1968    755    521    469    422    451    305    272    240
 1969    783    551    499    448    265    179    161    144
 1970    771    547    495    444    451    269    231    198
 1971    843    616    565    517    649    440    392    346
 1972    715    503    455    412      0      0      0      0
 1973    670    445    396    351    564    377    335    297
 1974    599    408    367    328      6      2      1      0
 1975    602    409    364    322      8      4      3      2
 1976    631    440    402    366    107     74     68     63
 1977    775    537    481    426    167     92     76     62
 1978    819    597    544    493    424    257    222    189
 1979    767    545    496    450    180    116    102     88
 1980    779    557    506    456    173    110     97     86
 1981    675    458    407    362    221    120    102     84
 1982    716    504    453    403    346    212    183    157
 1983    793    569    515    466    431    245    208    178
 1984    713    503    454    406    380    229    196    166
 1985    755    539    489    443    427    241    204    171
 1986    838    604    547    490    432    251    212    176
 1987    776    537    481    431    133     81     71     61
 1988    813    578    524    472    306    179    151    127
 1989    705    487    440    394    295    193    172    154
 1990    841    613    558    506    316    198    171    149
 1991    759    552    502    455    269    168    146    127
 1992    700    485    438    391    270    168    146    128
 1993    602    387    338    294    408    245    212    182
 1994    808    576    523    470    446    280    244    210
 1995    701    487    438    392    444    272    237    206
 1996    716    489    440    395    465    301    265    230
 1997    799    564    510    458    436    305    276    248
 1998    841    609    555    503    437    260    223    191
 1999    644    439    397    358    247    170    153    136
 2000    746    535    488    446    119     77     69     61
     ****************************  ******************* ******** 
 MEAN  744.1  523.4  473.0  425.3  348.6  222.9  195.9  170.9
 STDV   68.0   60.1   57.4   54.4  180.0  122.6  110.0   98.1
 
 DAILY RECORD HIGHS AND LOWS OCCURRING DURING 1951-2000 FOR STATION NUMBER 5992
     JAN     FEB    MARCH   APRIL    MAY     JUNE    JULY    AUG     SEPT    OCT     NOV     DEC
 DY MX  MN  MX  MN  MX  MN  MX  MN  MX  MN  MX  MN  MX  MN  MX  MN  MX  MN  MX  MN  MX  MN  MX  MN
  1  51 -16  56 -15  76 -18  78  20  87  31  90  43 100  51 100  52  98  44  89  30  78  20  65   4
  2  50 -12  62 -26  72  -1  85  18  89  29  91  41  98  50  99  52  96  46  93  22  77   9  64  -5
  3  54 -10  58 -26  75   3  83  11  87  31  95  41  98  49 100  49  97  36  89  25  74  10  64  -5
  4  51 -15  53 -19  70 -10  82  13  89  31  94  42  99  48  98  47  97  35  93  30  74   5  64  -2
  5  59 -21  59 -16  68 -15  84  19  90  33 100  45  98  44  94  48  96  37  95  30  69  12  69   4
  6  55 -16  58 -15  69  -4  87   9  88  30  98  43 101  46  96  50  97  42  94  24  70  12  63  -7
  7  48 -18  63 -12  74  -4  80  18  90  32  96  44  99  47  99  44  96  41  90  25  76  -3  54 -12
  8  54 -16  57 -15  77  -4  78  18  90  33  98  45  98  54  97  45  94  41  85  20  73  -1  54  -2
  9  51 -18  63 -21  72   0  85  17  90  32  95  47  99  54  94  44  98  44  83  25  79  13  55 -13
 10  48 -31  60 -12  70   1  82  22  88  28  94  45 100  52  96  47  93  35  89  26  76  11  58  -6
 11  53 -15  64 -18  79   0  85  18  90  34  94  42  99  54  95  48  92  40  85  24  75   3  62 -11
 12  57 -28  68 -13  78  -6  83  19  93  33  97  47 100  49  97  48  96  38  87  28  71   6  63 -11
 13  60 -14  63  -6  73  -7  79  22  92  32  99  44 102  48  99  48  92  36  89  27  69   2  57 -13
 14  55 -20  66 -10  72  -3  80  25  91  32 101  50 101  47 101  51  91  35  86  28  80  -1  53 -15
 15  54 -20  60  -9  75   4  81  21  88  32  96  48 100  54 103  47  96  40  87  25  72   2  55 -13
 16  56 -20  63 -21  76   4  87  23  89  34  94  46  99  50 103  50  93  33  85  23  73   2  49 -15
 17  56 -19  62 -20  75   7  85  25  89  37  94  44  99  50 105  49  93  35  84  24  72  -4  54 -10
 18  58 -19  64 -12  71   5  91  21  91  40  95  49  99  53  99  47  93  35  83  23  73   8  61 -17
 19  50 -20  61  -9  77   5  84  24  89  40  98  48  99  56  99  49  90  35  82  13  74  12  55 -19
 20  50 -22  59  -2  76   5  89  26  92  39 101  47  98  51  98  47  89  34  84  22  62  12  55 -15
 21  55 -24  65 -10  72   0  92  23  89  40 102  45 100  52  97  48  87  34  80  23  72   0  56 -19
 22  55 -12  63  -2  83  13  96  27  90  32 100  45  99  53  96  52  87  29  81  13  69   8  56 -20
 23  54 -23  63  -5  80   5  90  25  90  33  93  47  98  54  97  46  82  33  84  17  67   5  58 -22
 24  61 -12  64  -7  82  -1  87  26  93  39 102  45  95  57  95  49  88  32  80  24  64   5  52 -21
 25  61 -11  64 -10  79   9  86  30  96  35  98  48  96  53  97  47  89  33  80  20  66   0  53 -16
 26  53 -11  64 -12  85   2  87  32  94  36  95  50 103  50  99  48  92  30  82  20  69  -5  53 -12
 27  58 -15  62 -11  80   7  87  32  91  39  97  48 103  50 100  48  91  33  80  19  63   7  54 -10
 28  50 -15  59 -15  82  10  89  31  92  38  98  50 101  51  97  44  99  33  77  19  67  -2  68 -12
 29  54 -23 *** ***  90   6  91  25  90  38  98  50 102  49  95  47  89  30  77  19  60  -2  65  -6
 30  56 -13 *** ***  82   7  89  30  90  41  99  49 104  46  97  41  90  27  77  22  70  -4  61 -10
 31  67 -19 *** ***  82  13 *** ***  90  37 *** *** 105  47  97  44 *** ***  84  20 *** ***  62 -15
 
 DAILY MAXIMUM PRECIPITATION OCCURRING DURING 1951-2000 FOR STATION NUMBER 5992
     JAN   FEB   MARCH APRIL MAY   JUNE  JULY  AUG   SEPT  OCT   NOV   DEC
 
  1  0.72  0.84  1.01  0.63  1.32  1.78  2.94  1.13  1.14  0.72  1.73  0.73
  2  0.72  0.63  1.09  0.60  1.53  1.07  2.30  1.10  0.91  1.16  1.53  0.82
  3  0.47  0.46  1.80  0.70  2.19  0.66  1.54  0.93  1.63  1.00  0.63  0.83
  4  0.64  0.51  0.98  1.11  0.49  0.89  1.44  0.88  1.26  0.52  2.93  0.75
  5  0.53  0.73  0.65  0.66  0.93  1.10  1.13  4.08  1.61  1.63  0.42  0.68
  6  0.48  0.25  1.05  0.77  1.35  1.49  1.39  3.81  1.69  0.80  0.31  0.32
  7  0.14  0.27  0.52  0.78  1.61  1.92  1.55  0.95  1.21  0.69  1.04  1.18
  8  0.23  0.25  0.96  0.73  2.41  1.92  1.31  1.87  1.65  1.42  0.19  0.50
  9  0.28  0.32  0.78  1.56  1.02  3.83  1.66  1.68  1.53  2.83  0.96  0.35
 10  0.41  0.66  0.77  0.73  2.24  3.48  1.42  1.80  2.03  2.05  1.69  0.45
 11  0.27  0.30  1.20  0.99  1.55  1.41  1.80  1.96  1.59  2.15  1.30  0.81
 12  1.59  0.27  1.62  0.77  2.57  2.22  1.83  3.69  1.23  1.03  1.35  0.85
 13  1.46  0.38  1.05  1.31  2.40  2.06  1.64  1.90  3.73  2.64  1.40  0.26
 14  0.25  0.31  0.90  0.78  1.69  3.65  1.71  2.07  2.33  1.34  0.90  0.53
 15  0.60  1.09  1.44  1.15  0.42  2.20  1.02  1.43  2.27  1.05  0.37  0.92
 16  0.88  0.54  0.42  0.90  2.23  1.10  2.20  1.98  0.79  0.50  1.55  0.23
 17  0.10  0.61  0.78  1.00  1.59  4.36  2.28  1.09  1.59  0.95  2.35  0.36
 18  0.52  1.22  0.83  2.33  2.41  1.42  1.90  1.50  2.00  1.61  1.69  0.34
 19  0.64  0.74  0.65  1.44  0.86  1.49  2.38  1.78  2.48  1.26  0.76  0.91
 20  0.78  0.49  0.98  1.12  1.00  1.29  1.68  2.00  0.84  1.33  1.13  0.50
 21  0.34  0.58  0.49  1.27  1.46  2.62  0.82  1.29  2.10  0.92  0.94  0.49
 22  0.42  0.72  0.52  0.70  2.03  1.21  2.01  1.50  1.40  2.10  0.56  0.36
 23  0.62  0.55  0.72  1.14  1.06  1.60  1.16  2.77  1.99  1.03  0.98  0.53
 24  0.32  0.73  0.64  2.33  2.72  2.03  1.58  1.50  2.49  1.07  0.66  1.01
 25  1.02  0.75  0.80  1.55  1.46  1.02  2.74  1.50  1.12  0.51  0.62  0.85
 26  0.32  0.90  1.39  1.08  1.42  1.59  0.68  2.53  1.39  0.80  0.95  0.50
 27  0.76  0.49  0.64  1.95  1.36  1.50  2.14  2.42  2.10  1.24  0.52  0.37
 28  0.36  0.55  1.12  2.52  1.34  1.02  1.96  1.89  1.06  0.48  0.84  0.59
 29  0.80******  1.23  3.24  1.57  1.94  1.92  2.59  1.56  0.94  0.85  0.29
 30  0.31******  1.50  1.86  2.08  2.70  1.57  2.13  2.43  2.13  1.72  0.69
 31  0.08******  1.69******  1.85******  0.88  2.05******  1.19******  0.38
 
 RECORD LARGEST AND SMALLEST DAILY RANGES (MAX-MIN)     DURING 1951-2000 FOR STATION NUMBER 5992
     JAN     FEB    MARCH   APRIL    MAY     JUNE    JULY    AUG     SEPT    OCT     NOV     DEC
 DY MX  MN  MX  MN  MX  MN  MX  MN  MX  MN  MX  MN  MX  MN  MX  MN  MX  MN  MX  MN  MX  MN  MX  MN
  1 32   2  36   6  45   4  38   4  40   6  37   6  34  12  30  13  35  10  54   7  37   2  30   3
  2 30   3  54   4  40   3  45   4  40   5  36   4  30  14  31   7  36   8  40  10  37   5  33   0
  3 38   5  39   2  35   3  44   7  39   6  39   9  30  12  37   8  33  12  49   4  33   5  32   5
  4 35   6  41   3  42   6  39   7  39   9  33  11  31  11  38   8  37  10  37   5  37   4  32   4
  5 36   3  35   3  37   5  50   6  40  11  36  11  33   5  32   3  38  10  39   7  36   6  32   3
  6 39   2  35   2  44   3  55   7  41   1  33  10  33   7  30   8  38   9  39   7  35   4  37   3
  7 30   3  38   3  43   6  43   9  39   6  34   9  34   7  33   4  38   6  43   5  35   4  40   2
  8 35   5  33   3  40   5  39   3  43   6  32   9  31  14  34   7  35  11  37  10  43   7  34   1
  9 38   3  37   2  41   5  44   6  39   7  35   7  28  12  29  14  33   6  38   9  40   4  33   3
 10 40   3  34   3  38   5  45   5  38   7  33  11  31  12  40  14  41  10  42   8  38   4  34   5
 11 42   5  38   5  42   4  43   2  34   4  37   9  32   8  32  12  36   6  41   7  40   1  39   3
 12 34   2  35   4  33   0  43   4  38   5  33   5  34  10  32   9  47   5  41   4  42   6  28   4
 13 31   7  35   4  34   3  43   3  40   5  35  11  34   7  32   5  38  10  39   6  36   3  41   3
 14 33   3  32   2  43   4  34   5  38   5  34   9  40   6  30  10  37   5  41   6  41   3  37   2
 15 40   4  51   3  41   3  43   4  38  12  29   5  36  12  33  10  34  10  39   5  43   4  33   4
 16 40   4  40   5  36   4  36  11  44   8  33   8  35  11  31   2  42  10  41   6  39   5  38   4
 17 41   4  37   1  36   3  43   4  34   9  32  10  35  10  32  10  36   3  42   4  41   3  31   2
 18 54   3  41   3  35   4  42   1  38   4  32   7  34  12  31   7  34   6  45   6  37   4  37   3
 19 42   2  36   2  38   3  42   5  36   6  31   9  29  10  34   7  37   7  39   6  42   2  41   2
 20 38   3  34   3  37   1  39   6  35   9  36   8  30   8  33   9  37   6  43   3  30   3  36   4
 21 38   4  40   1  37   4  40   5  37  10  32   7  33   9  33   8  35  10  39   5  31   4  41   6
 22 38   3  38   2  48   3  39   4  37   4  33   9  32   8  33   8  48   9  38   5  42   3  36   2
 23 38   4  35   4  42   4  42   9  37   3  34  12  30   9  30   9  40   5  35   5  31   4  32   2
 24 41   5  46   3  44   8  35  11  39   8  34  10  30   8  37   9  37   9  44   4  34   1  39   2
 25 36   4  42   5  42   7  37   5  34   4  32   7  32  14  34   7  38   5  41   5  33   4  31   2
 26 33   5  37   6  46   4  39   5  37   4  36  10  35   8  39   6  39   7  44   7  37   2  47   6
 27 34   4  38   3  43   3  37   8  38   7  37  12  35   7  35  11  39   9  42   5  40   2  35   2
 28 44   5  34   6  41   5  36   6  41   6  40   9  38  10  36   7  46   4  33   4  38   3  36   4
 29 34   3  **  **  43   5  39   5  34   8  31  12  35  10  35  11  41   5  37   3  37   5  52   4
 30 36   4  **  **  41   6  37   5  31   8  34   8  35  10  45  12  42   6  39   3  35   1  35   2
 31 43   8  **  **  43   4  **  **  36  13  **  **  33   4  31   6  **  **  40   5  **  **  32   3
 
 DAILY  MEAN  HIGHS AND LOWS OCCURRING DURING 1951-2000 FOR STATION NUMBER 5992
     JAN     FEB    MARCH   APRIL    MAY     JUNE    JULY    AUG     SEPT    OCT     NOV     DEC
 DY MX  MN  MX  MN  MX  MN  MX  MN  MX  MN  MX  MN  MX  MN  MX  MN  MX  MN  MX  MN  MX  MN  MX  MN
  1 29  13  31  12  41  22  55  34  68  44  77  55  85  63  85  63  82  59  73  48  56  37  39  23
  2 29  14  29  12  41  22  56  34  69  45  76  54  85  63  85  64  82  60  72  47  54  35  40  24
  3 29  13  29  11  41  23  56  33  68  46  78  54  85  63  85  64  82  59  70  47  52  34  40  22
  4 27  10  31  12  41  21  54  32  70  48  79  56  85  64  84  63  81  59  68  45  50  33  39  22
  5 27   9  31  14  40  23  55  33  72  49  81  57  85  63  83  62  80  56  68  46  50  31  39  23
  6 28  10  31  13  41  20  59  34  70  46  80  58  86  63  83  63  80  57  67  45  50  32  35  19
  7 25   7  31  12  40  19  60  35  70  47  81  59  86  63  84  62  81  57  66  43  51  30  35  19
  8 26   8  31  13  42  21  57  36  70  48  80  59  86  65  84  63  80  57  67  44  51  31  34  18
  9 27   9  32  14  43  23  56  33  71  47  80  58  85  64  84  63  80  58  65  43  51  31  33  17
 10 26   8  34  16  43  24  58  35  72  47  81  59  86  63  84  62  79  55  66  42  50  29  34  16
 11 28  10  33  15  45  26  58  37  71  49  81  60  85  64  83  61  78  54  67  43  50  30  33  16
 12 29  11  33  15  44  26  57  37  72  48  82  60  86  65  83  61  78  54  67  44  48  30  33  15
 13 30  12  35  15  44  25  59  37  72  48  83  60  87  65  83  62  77  54  67  44  49  30  33  15
 14 29  12  35  17  46  26  59  39  72  50  82  61  86  65  83  62  75  53  68  45  48  30  32  17
 15 27  10  34  16  44  25  62  39  74  50  81  60  86  64  84  62  74  52  67  44  50  31  32  16
 16 28   9  35  15  46  26  64  40  74  51  81  59  86  63  84  62  73  51  66  43  49  29  32  15
 17 29  10  36  17  46  27  64  41  75  52  81  59  87  65  86  63  75  53  65  42  48  30  31  15
 18 29  11  38  21  47  28  65  41  75  53  82  61  87  66  84  63  76  54  61  39  48  29  31  15
 19 29  11  37  19  46  28  65  43  75  52  84  61  87  67  83  62  75  53  61  38  46  28  33  16
 20 27  10  38  19  47  28  64  43  76  51  83  61  85  65  83  61  74  52  63  40  45  28  29  14
 21 29  11  38  20  46  26  64  41  76  52  83  61  86  65  83  61  72  49  64  40  44  25  29  13
 22 30  13  38  19  50  27  64  41  76  53  83  61  85  64  83  61  71  49  64  41  46  25  30  15
 23 30  11  38  21  50  28  65  42  74  53  83  61  85  64  82  61  69  46  60  41  43  26  31  15
 24 29  10  38  19  49  28  67  43  74  52  84  61  86  64  83  61  71  47  60  39  43  24  31  13
 25 29  11  39  19  49  29  68  44  75  53  85  61  86  64  83  60  72  48  60  38  42  25  29  13
 26 27  10  40  21  50  29  68  44  74  53  85  63  86  65  83  62  73  48  61  38  42  24  31  13
 27 26   9  40  22  54  31  67  45  75  53  85  62  86  65  84  62  72  48  60  39  39  23  31  15
 28 28   9  41  22  55  34  65  43  75  53  86  63  86  64  83  61  72  48  58  37  36  19  32  15
 29 29  10  **  **  52  32  67  44  76  55  86  64  85  63  84  62  72  48  58  36  38  22  32  15
 30 29   9  **  **  53  32  67  45  77  54  85  64  86  64  84  62  73  48  59  38  39  21  30  13
 31 31  10  **  **  55  34  **  **  78  55  **  **  85  63  82  60  **  **  57  37  **  **  30  14
  
  # OF DAYS EACH YEAR WHERE MIN >=32 F  1951-2000 FOR STATION # 5992
   51  52  53  54  55  56  57  58  59  60  61  62  63  64  65  66  67  68  69  70
  220 214 225 235 223 224 226 229 221 222 223 222 236 225 231 220 228 229 216 225
 
   71  72  73  74  75  76  77  78  79  80  81  82  83  84  85  86  87  88  89  90
  229 203 234 209 206 206 241 229 215 215 234 233 229 232 227 235 248 227 220 235
 
   91  92  93  94  95  96  97  98  99 100
  232 236 226 237 230 221 219 251 228 223
  
 MEAN=227
 
 LENGTH OF SEASON FOR STATION NUMBER 5992   BASE TEMP=32
 LAST SPRING OCCURENCE FIRST FALL OCCURENCE  LENGTH OF  SEASON
   YEAR MONTH DAY DOY         MONTH DAY DOY
   1951   4    23 113          10     8 281          168
   1952   4    15 106          10     6 280          174
   1953   5    13 133          10    27 300          167
   1954   5     7 127          10    18 291          164
   1955   4     7  97          10    15 288          191
   1956   4    30 121          10     9 283          162
   1957   4    14 104          10    10 283          179
   1958   4    29 119          10     1 274          155
   1959   4    22 112          10     9 282          170
   1960   4    30 121          10    19 293          172
   1961   5     2 122          10    20 293          171
   1962   4    16 106          10    23 296          190
   1963   5    22 142          10    29 302          160
   1964   4     9 100          10     6 280          180
   1965   4    19 109          10    12 285          176
   1966   5    10 130          10    17 290          160
   1967   5     2 122          10    11 284          162
   1968   4    25 116          10     4 278          162
   1969   4    29 119          10    14 287          168
   1970   5     2 122          10    10 283          161
   1971   4    14 104          10    31 304          200
   1972   4    26 117           9    30 274          157
   1973   5    15 135          10    20 293          158
   1974   5     6 126           9    22 265          139
   1975   4    20 110           9    24 267          157
   1976   5     3 124          10     6 280          156
   1977   4     8  98          10    13 286          188
   1978   4    21 111          10    26 299          188
   1979   4    29 119          10     5 278          159
   1980   4    16 107          10     5 279          172
   1981   4    15 105          10     2 275          170
   1982   4    21 111          10    20 293          182
   1983   4    20 110          10    13 286          176
   1984   4    17 108           9    29 273          165
   1985   4     9  99          10     1 274          175
   1986   4    22 112          10    14 287          175
   1987   4     4  94          10     3 276          182
   1988   4    24 115          10     5 279          164
   1989   5     6 126          10    18 291          165
   1990   4    18 108          10    19 292          184
   1991   4    10 100          10     7 280          180
   1992   4    22 113          10    17 291          178
   1993   4    16 106          10    10 283          177
   1994   4    29 119          10    25 298          179
   1995   4    10 100           9    22 265          165
   1996   4    23 114          10    30 304          190
   1997   4    17 107          10    22 295          188
   1998   4     5  95          11     4 308          213
   1999   4    17 107          10     4 277          170
   2000   4    13 104          10     6 280          176
             MEAN=112              MEAN=285     MEAN=172
 
 LENGTH OF SEASON FOR STATION NUMBER 5992   BASE TEMP=30
 LAST SPRING OCCURENCE FIRST FALL OCCURENCE  LENGTH OF  SEASON
   YEAR MONTH DAY DOY         MONTH DAY DOY
   1951   4    23 113          10    24 297          184
   1952   4    11 102          10     6 280          178
   1953   4    20 110          10    27 300          190
   1954   4     8  98          10    30 303          205
   1955   4     7  97          10    24 297          200
   1956   4    30 121          11     8 313          192
   1957   4    14 104          10    25 298          194
   1958   4    29 119          10    28 301          182
   1959   4    21 111          10    12 285          174
   1960   4    10 101          10    19 293          192
   1961   4    16 106          10    20 293          187
   1962   4    16 106          10    24 297          191
   1963   4     4  94          11     1 305          211
   1964   4     9 100          10     9 283          183
   1965   4    19 109          10    24 297          188
   1966   5    10 130          10    30 303          173
   1967   4    24 114          10    11 284          170
   1968   4    24 115          10     4 278          163
   1969   3    31  90          10    14 287          197
   1970   5     2 122          10    10 283          161
   1971   4    14 104          10    31 304          200
   1972   4    25 116           9    30 274          158
   1973   4    13 103          10    30 303          200
   1974   4    24 114           9    22 265          151
   1975   4    20 110           9    26 269          159
   1976   4    12 103          10     6 280          177
   1977   4     8  98          10    16 289          191
   1978   3    27  86          11     7 311          225
   1979   4    10 100          10    13 286          186
   1980   4    16 107          10    12 286          179
   1981   4    15 105          10     2 275          170
   1982   4    21 111          10    21 294          183
   1983   4    20 110          11    11 315          205
   1984   4     1  92           9    29 273          181
   1985   4     9  99          11     4 308          209
   1986   4    22 112          11     2 306          194
   1987   4     4  94          10    11 284          190
   1988   4    19 110          10     5 279          169
   1989   5     6 126          10    20 293          167
   1990   4    17 107          10    19 292          185
   1991   4    10 100          10     7 280          180
   1992   4    13 104          10    17 291          187
   1993   4     5  95          10    10 283          188
   1994   4     7  97          10    26 299          202
   1995   4     5  95          11     2 306          211
   1996   4    23 114          10    30 304          190
   1997   4    17 107          10    22 295          188
   1998   3    25  84          11     4 308          224
   1999   3    27  86          10    18 291          205
   2000   4    12 103          10     6 280          177
             MEAN=105              MEAN=292     MEAN=186
 
 LENGTH OF SEASON FOR STATION NUMBER 5992   BASE TEMP=28
 LAST SPRING OCCURENCE FIRST FALL OCCURENCE  LENGTH OF  SEASON
   YEAR MONTH DAY DOY         MONTH DAY DOY
   1951   4     3  93          10    31 304          211
   1952   4    11 102          10     6 280          178
   1953   4    20 110          10    27 300          190
   1954   4     8  98          10    30 303          205
   1955   3    28  87          10    24 297          210
   1956   4    24 115          11     9 314          199
   1957   4    14 104          10    25 298          194
   1958   4    29 119          11     6 310          191
   1959   4    13 103          10    12 285          182
   1960   4    10 101          10    20 294          193
   1961   4    16 106          11     3 307          201
   1962   4    15 105          10    24 297          192
   1963   4     4  94          11     1 305          211
   1964   4     9 100          10    10 284          184
   1965   4    19 109          10    24 297          188
   1966   5    10 130          10    30 303          173
   1967   4    24 114          10    11 284          170
   1968   4     5  96          10    25 299          203
   1969   3    31  90          10    14 287          197
   1970   4     4  94          11    14 318          224
   1971   4     6  96          11     4 308          212
   1972   4     9 100           9    30 274          174
   1973   4    13 103          11     3 307          204
   1974   4     8  98          10     2 275          177
   1975   4    12 102          10     2 275          173
   1976   4    12 103          10     6 280          177
   1977   4     8  98          10    16 289          191
   1978   3    27  86          11     7 311          225
   1979   4    10 100          10    13 286          186
   1980   4    14 105          10    12 286          181
   1981   4     6  96          10    19 292          196
   1982   4    21 111          10    22 295          184
   1983   4    19 109          11    16 320          211
   1984   4     1  92          10    23 297          205
   1985   4     9  99          11     4 308          209
   1986   4    22 112          11     2 306          194
   1987   4     4  94          10    11 284          190
   1988   3    30  90          10    26 300          210
   1989   4    12 102          10    20 293          191
   1990   4    17 107          10    22 295          188
   1991   3    30  89          10    19 292          203
   1992   4    12 103          10    17 291          188
   1993   4     5  95          10    29 302          207
   1994   4     7  97          10    26 299          202
   1995   4     5  95          11     2 306          211
   1996   4     9 100          10    30 304          204
   1997   4    17 107          10    22 295          188
   1998   3    25  84          11     4 308          224
   1999   3    27  86          10    18 291          205
   2000   4    12 103          10     7 281          178
             MEAN=100              MEAN=296     MEAN=195
 
 LENGTH OF SEASON FOR STATION NUMBER 5992   BASE TEMP=26
 LAST SPRING OCCURENCE FIRST FALL OCCURENCE  LENGTH OF  SEASON
   YEAR MONTH DAY DOY         MONTH DAY DOY
   1951   4     3  93          10    31 304          211
   1952   4    11 102          10     6 280          178
   1953   4    20 110          11     5 309          199
   1954   4     4  94          10    30 303          209
   1955   3    28  87          10    31 304          217
   1956   4    24 115          11     9 314          199
   1957   4    14 104          10    25 298          194
   1958   4    29 119          11    24 328          209
   1959   3    22  81          11     5 309          228
   1960   4    10 101          10    20 294          193
   1961   4    16 106          11     3 307          201
   1962   4    15 105          10    25 298          193
   1963   3    22  81          11     2 306          225
   1964   4     9 100          10    10 284          184
   1965   3    30  89          11     9 313          224
   1966   4    21 111          11     2 306          195
   1967   4    24 114          10    11 284          170
   1968   4     5  96          10    25 299          203
   1969   3    31  90          10    27 300          210
   1970   4     4  94          11    15 319          225
   1971   4     6  96          11     4 308          212
   1972   4     8  99          10    15 289          190
   1973   4    11 101          11     3 307          206
   1974   4     8  98          10     2 275          177
   1975   4    12 102          10     2 275          173
   1976   4    12 103          10     6 280          177
   1977   4     8  98          11    11 315          217
   1978   3    25  84          11    14 318          234
   1979   4     6  96          11     2 306          210
   1980   4    13 104          10    28 302          198
   1981   3    23  82          10    19 292          210
   1982   4    11 101          10    22 295          194
   1983   4    19 109          11    23 327          218
   1984   3    23  83          10    23 297          214
   1985   4     9  99          11    19 323          224
   1986   3    27  86          11     9 313          227
   1987   4     4  94          10    11 284          190
   1988   3    21  81          10    30 304          223
   1989   4    10 100          11    12 316          216
   1990   4    12 102          11     7 311          209
   1991   3    30  89          10    19 292          203
   1992   4    12 103          10    18 292          189
   1993   4     4  94          10    30 303          209
   1994   4     7  97          11    19 323          226
   1995   4     5  95          11     2 306          211
   1996   4     7  98          10    30 304          206
   1997   4    14 104          10    27 300          196
   1998   3    22  81          11     6 310          229
   1999   3    27  86          11     3 307          221
   2000   4     9 100          10     7 281          181
             MEAN= 97              MEAN=302     MEAN=205
 
 LENGTH OF SEASON FOR STATION NUMBER 5992   BASE TEMP=24
 LAST SPRING OCCURENCE FIRST FALL OCCURENCE  LENGTH OF  SEASON
   YEAR MONTH DAY DOY         MONTH DAY DOY
   1951   3    26  85          11     1 305          220
   1952   4    10 101          10     6 280          179
   1953   4    18 108          11     5 309          201
   1954   4     4  94          10    31 304          210
   1955   3    28  87          11     3 307          220
   1956   3    29  89          11    16 321          232
   1957   4    13 103          10    27 300          197
   1958   3    21  80          11    26 330          250
   1959   3    22  81          11     5 309          228
   1960   4    10 101          10    20 294          193
   1961   4    16 106          11     3 307          201
   1962   4    15 105          10    25 298          193
   1963   3    21  80          11     2 306          226
   1964   3    30  90          11    19 324          234
   1965   3    30  89          11     9 313          224
   1966   4    21 111          11     2 306          195
   1967   3    19  78          10    28 301          223
   1968   4     5  96          11     9 314          218
   1969   3    31  90          10    27 300          210
   1970   4     4  94          11    15 319          225
   1971   4     4  94          11     4 308          214
   1972   4     8  99          10    19 293          194
   1973   4    11 101          11     5 309          208
   1974   4     8  98          10     2 275          177
   1975   4     4  94          10    29 302          208
   1976   3    22  82          10     8 282          200
   1977   3    23  82          11    11 315          233
   1978   3    25  84          11    16 320          236
   1979   4     6  96          11     7 311          215
   1980   4    13 104          10    28 302          198
   1981   3    20  79          10    22 295          216
   1982   4    11 101          11     4 308          207
   1983   4    19 109          11    23 327          218
   1984   3    18  78          11     2 307          229
   1985   4     9  99          11    19 323          224
   1986   3    21  80          11    10 314          234
   1987   4     3  93          10    11 284          191
   1988   3    19  79          10    30 304          225
   1989   4    10 100          11    15 319          219
   1990   4    12 102          11     7 311          209
   1991   3    30  89          11     1 305          216
   1992   4     2  93          11    14 319          226
   1993   4     2  92          10    31 304          212
   1994   4     7  97          11    22 326          229
   1995   4     4  94          11     3 307          213
   1996   4     1  92          11     1 306          214
   1997   4     9  99          10    27 300          201
   1998   3    22  81          11     7 311          230
   1999   3    26  85          11     3 307          222
   2000   4     9 100          10     8 282          182
             MEAN= 92              MEAN=306     MEAN=213
 
 THESE ARE THE MONTHLY AVG. MAX TEMPS 1951-2000 FOR STATION #5992
 YEAR    JAN   FEB  MARCH APRIL  MAY  JUNE  JULY AUGUST SEPT   OCT   NOV   DEC   ANN
  
 1951   29.0  33.9  37.8  55.0  74.1  74.9  82.8  81.5  71.3  63.5  41.9  30.9  56.4
 1952   32.3  39.8  41.5  62.4  70.6  85.9  85.9  80.1  78.8  63.4  50.9  34.6  60.5
 1953   32.4  37.7  46.7  54.3  70.8  83.7  85.5  86.6  80.9  73.1  53.7  39.0  62.0
 1954   31.6  48.5  42.1  65.2  68.4  84.7  90.9  83.5  81.0  63.7  53.1  37.2  62.5
 1955   29.7  33.2  48.3  69.9  77.4  81.0  92.9  91.3  82.4  66.5  43.0  31.9  62.3
 1956   30.2  34.7  46.6  62.4  76.7  88.6  87.7  85.3  79.4  73.4  47.8  37.8  62.5
 1957   26.2  39.8  47.7  62.1  72.2  82.2  91.1  85.6  73.6  60.8  43.9  41.2  60.5
 1958   31.5  28.2  42.2  62.9  77.6  79.3  81.7  86.0  77.2  69.2  53.5  32.9  60.2
 1959   25.9  32.5  45.5  61.7  74.1  84.8  85.4  87.8  75.3  59.5  40.3  40.3  59.4
 1960   29.0  28.5  31.0  63.1  72.2  80.0  85.6  85.5  77.9  65.5  53.8  36.1  59.0
 1961   33.9  39.7  46.7  56.2  71.8  83.4  85.7  86.7  74.3  68.9  47.9  30.7  60.5
 1962   25.7  31.1  39.9  61.6  81.0  82.7  84.4  86.3  75.8  66.8  51.3  36.4  60.3
 1963   20.1  31.1  51.9  67.0  73.7  88.4  88.4  84.0  78.9  78.7  54.3  25.9  61.9
 1964   38.6  40.6  46.5  62.7  79.1  81.6  88.1  83.4  75.5  66.1  54.3  32.5  62.4
 1965   30.0  33.4  33.0  60.3  77.8  80.9  85.2  84.8  72.2  67.6  51.5  44.9  60.1
 1966   24.7  36.8  53.3  59.0  72.1  81.3  89.5  83.4  75.8  69.4  51.5  34.8  61.0
 1967   35.8  34.9  53.2  63.8  71.3  80.7  84.7  82.7  76.0  64.0  46.5  37.6  60.9
 1968   31.2  35.1  59.5  65.8  72.0  85.2  86.0  84.8  77.3  67.8  45.5  32.4  61.9
 1969   25.7  33.4  40.4  64.6  74.4  79.3  86.0  85.9  77.5  62.0  52.0  32.4  59.5
 1970   21.0  40.2  42.1  64.9  77.3  83.2  88.3  84.3  76.5  63.3  46.9  36.7  60.4
 1971   25.9  31.4  44.0  65.6  70.9  88.5  82.9  85.8  81.5  71.8  47.8  36.3  61.0
 1972   27.8  29.5  45.7  61.5  74.9  82.4  83.6  84.0  76.4  60.5  40.0  27.0  57.8
 1973   30.3  36.0  52.5  59.8  70.0  84.0  83.4  85.6  71.9  69.7  47.0  28.0  59.8
 1974   25.4  35.2  50.0  65.4  68.9  79.3  91.8  79.8  72.6  66.1  47.8  35.3  59.8
 1975   30.7  30.8  38.2  57.5  78.6  82.5  88.3  86.9  72.2  70.6  51.2  35.3  60.2
 1976   32.6  47.0  50.2  67.4  72.5  83.4  85.6  81.9  75.6  56.8  43.3  31.6  60.7
 1977   19.2  41.6  54.9  69.6  82.3  86.0  91.5  79.5  75.6  61.7  45.6  29.0  61.4
 1978   19.3  22.9  41.8  61.5  70.6  81.5  84.1  82.4  80.0  63.9  45.8  29.5  57.0
 1979   14.1  21.8  42.5  54.9  72.8  81.4  83.0  81.3  79.1  64.9  45.4  39.0  56.7
 1980   28.0  28.7  44.9  64.4  75.5  81.8  90.3  87.1  77.9  58.9  48.9  33.8  60.0
 1981   34.9  39.2  52.9  68.2  71.4  82.4  81.9  79.0  74.0  57.1  50.5  28.6  60.0
 1982   16.7  31.3  44.1  57.0  73.1  75.6  83.5  80.1  73.1  63.5  45.8  38.4  56.9
 1983   32.1  38.1  45.1  52.5  67.5  80.7  89.1  92.3  78.5  62.1  46.5  17.9  58.5
 1984   27.8  43.8  37.2  57.0  69.1  81.7  83.4  85.5  74.8  63.0  50.0  37.8  59.3
 1985   25.9  29.7  51.7  67.5  75.9  78.9  85.0  82.7  75.4  62.6  39.1  23.3  58.1
 1986   33.2  29.2  52.5  65.5  74.3  84.5  88.0  79.6  76.5  62.4  43.0  34.8  60.3
 1987   35.4  47.0  52.6  67.6  80.4  86.3  89.2  82.4  77.0  60.3  51.6  35.6  63.8
 1988   27.9  31.2  52.3  64.7  80.7  88.7  92.4  90.3  78.4  59.5  48.4  39.6  62.8
 1989   41.3  25.5  46.7  64.4  74.2  81.1  88.4  84.2  74.5  66.8  48.0  24.7  60.0
 1990   40.7  41.6  51.2  61.1  69.3  82.2  83.1  84.1  79.7  65.4  54.8  31.1  62.0
 1991   25.5  42.9  52.5  63.6  76.0  86.0  87.2  84.6  76.7  63.1  39.0  37.4  61.2
 1992   37.2  41.6  51.5  58.5  74.3  82.8  79.6  79.6  73.6  64.9  39.6  32.4  59.6
 1993   28.5  27.6  40.5  57.7  71.9  79.2  82.3  83.3  69.6  61.7  45.6  35.9  57.0
 1994   20.5  30.2  52.3  63.2  75.5  83.1  84.0  82.5  78.0  65.9  50.9  36.8  60.2
 1995   26.6  36.1  49.4  57.5  68.9  81.3  87.4  89.0  74.9  63.8  41.8  33.4  59.2
 1996   27.9  33.7  44.3  60.6  66.6  80.5  83.8  83.5  75.0  64.9  38.9  29.1  57.4
 1997   26.3  34.5  51.5  57.6  68.3  84.4  86.9  82.0  78.7  65.0  42.3  34.6  59.3
 1998   32.2  42.7  40.7  59.3  75.8  77.5  84.6  83.2  80.8  63.8  50.6  40.2  60.9
 1999   24.5  41.8  47.0  60.2  70.8  79.4  88.9  81.2  74.5  64.5  57.2  37.0  60.6
 2000   32.0  42.1  54.6  62.7  75.3  79.3  82.2  83.1  79.0  67.3  41.7  18.1  59.8
 MEANS  28.7  35.4  46.6  62.0  73.6  82.4  86.2  84.1  76.5  64.9  47.4  33.6  60.1
 
 THESE ARE THE MONTHLY AVG. MIN TEMPS 1951-2000 FOR STATION #5992
 YEAR    JAN   FEB  MARCH APRIL  MAY  JUNE  JULY AUGUST SEPT   OCT   NOV   DEC   ANN
  
 1951   11.7  16.9  20.5  38.0  52.8  57.5  63.9  62.0  51.2  43.5  23.5  13.2  37.9
 1952   11.8  25.6  25.9  40.0  50.8  64.2  64.5  60.8  53.5  34.9  29.4  21.0  40.2
 1953   16.1  20.7  28.8  34.9  50.1  62.7  64.5  62.5  52.0  46.9  32.6  20.9  41.1
 1954   10.4  28.3  24.9  42.1  45.9  64.4  68.1  63.5  57.3  44.7  33.0  22.6  42.1
 1955   14.2  14.8  25.5  46.4  54.3  57.7  71.1  67.1  56.0  43.0  22.7  13.6  40.5
 1956   12.6  16.3  25.4  36.0  52.5  64.5  64.1  64.7  52.6  48.9  30.0  20.5  40.7
 1957    7.5  23.0  27.0  41.0  50.8  60.2  69.2  64.3  52.3  41.6  29.4  23.5  40.8
 1958   18.1   7.4  27.5  39.9  52.4  57.1  62.9  63.9  55.8  44.6  32.6  13.6  39.7
 1959    7.2  16.0  27.7  39.7  54.6  62.5  63.6  68.1  56.2  40.2  21.6  27.2  40.4
 1960   13.9  12.9  13.5  41.9  50.0  59.3  63.8  64.1  56.2  42.9  31.1  16.3  38.8
 1961   12.2  21.7  30.8  35.5  48.0  59.6  63.8  63.5  53.2  44.5  31.5  14.8  39.9
 1962    5.5  15.9  22.3  36.6  56.9  60.2  63.2  63.0  50.9  46.0  31.9  17.4  39.1
 1963    2.4  10.2  31.7  42.4  50.5  63.0  65.3  61.6  56.1  52.9  33.9   6.5  39.7
 1964   18.5  18.0  23.1  40.3  55.6  60.2  66.3  58.9  54.3  38.7  32.3  15.7  40.1
 1965    9.8  11.5  16.7  39.4  54.7  59.8  64.3  61.0  52.6  44.1  30.8  26.3  39.3
 1966    5.2  14.7  30.6  35.9  45.3  59.4  66.8  58.6  51.3  41.0  29.6  17.3  38.0
 1967   15.3  12.0  29.1  40.8  46.0  60.5  60.7  58.1  50.9  42.0  28.0  21.1  38.7
 1968   12.4  13.0  31.3  40.0  46.7  61.1  63.4  63.2  53.2  43.5  28.4  15.8  39.3
 1969    9.4  19.8  18.8  41.0  50.9  55.5  65.6  62.7  54.8  40.3  27.8  17.7  38.7
 1970    2.9  15.5  24.1  40.4  53.9  60.7  63.5  62.8  55.5  43.5  30.1  18.6  39.3
 1971    6.6  15.3  25.8  38.8  46.9  64.9  61.0  59.9  56.3  49.2  31.0  21.9  39.8
 1972    6.4   6.0  21.9  35.1  47.8  53.8  59.5  58.6  51.4  36.3  26.0   9.9  34.4
 1973   13.4  18.9  33.4  39.0  45.5  58.5  60.7  63.1  52.6  44.9  29.0  13.4  39.4
 1974    9.7  16.4  26.6  39.8  47.9  55.4  64.3  57.7  45.7  40.0  29.2  19.6  37.7
 1975   12.4  14.4  17.8  34.2  48.3  57.0  60.7  60.9  46.9  37.2  28.1  15.9  36.2
 1976    9.6  22.2  29.1  41.1  46.9  56.9  62.8  55.8  45.8  31.2  20.2   9.0  35.9
 1977   -2.5  16.7  32.8  44.5  54.5  61.9  65.4  58.9  56.1  42.5  29.1  15.1  39.6
 1978    2.5   4.8  24.5  39.9  51.2  59.2  63.9  60.1  55.2  41.4  27.7  13.7  37.0
 1979   -0.8   4.0  25.0  35.3  47.5  58.1  62.0  61.1  52.2  40.9  28.8  21.5  36.3
 1980   13.6  12.0  23.4  38.4  50.4  57.9  65.5  64.5  54.2  37.4  28.2  15.4  38.4
 1981   12.9  17.6  28.6  43.6  48.1  59.5  63.5  58.4  50.6  37.6  33.8  14.0  39.0
 1982   -2.5  14.1  25.7  35.7  55.1  55.1  64.0  62.0  54.3  44.1  29.3  23.5  38.4
 1983   18.4  23.6  30.5  35.2  46.2  59.9  66.6  69.5  55.2  44.8  34.4   4.5  40.7
 1984   12.7  26.4  23.5  39.7  47.5  62.3  63.4  63.8  52.8  45.6  30.5  18.5  40.6
 1985    6.3  14.3  31.2  44.8  52.4  56.7  64.1  60.5  56.7  44.2  23.4   3.1  38.1
 1986   15.5  14.5  31.6  43.4  52.5  63.9  68.1  60.3  59.4  44.0  25.0  22.8  41.8
 1987   18.9  25.0  32.8  43.4  56.0  64.5  67.4  62.9  54.8  38.1  35.4  23.7  43.6
 1988   10.2  11.5  27.7  39.0  54.5  63.4  66.7  67.7  56.1  37.8  30.0  18.4  40.3
 1989   23.4   6.6  26.5  40.5  49.3  58.9  66.9  63.8  52.1  43.3  24.2   7.4  38.6
 1990   23.0  21.0  32.3  40.1  48.7  62.4  65.2  65.0  58.2  41.9  33.5  13.8  42.1
 1991    8.3  23.0  31.2  43.6  57.9  65.4  65.9  63.9  53.9  41.6  22.8  22.4  41.7
 1992   20.8  26.3  32.2  38.4  50.8  59.6  62.5  58.4  52.9  42.3  29.2  18.4  41.0
 1993   13.6  14.9  25.2  38.0  52.7  60.0  66.3  65.4  50.5  41.5  27.6  19.4  39.6
 1994    3.9  11.5  29.1  39.6  51.4  62.4  63.0  61.0  56.3  46.2  33.0  23.0  40.0
 1995   13.2  18.4  30.0  36.8  49.5  62.7  65.8  69.2  51.6  43.2  23.8  19.4  40.3
 1996    8.3  15.7  21.1  35.4  50.4  62.3  63.8  63.4  53.0  42.4  24.4  14.6  37.9
 1997    7.2  21.1  28.5  37.1  45.9  62.2  66.2  62.1  55.1  42.3  27.8  22.8  39.9
 1998   17.8  29.2  25.6  40.3  55.0  58.2  64.9  64.6  56.1  43.1  32.0  20.5  42.3
 1999    8.9  25.3  24.9  40.4  51.0  59.9  67.9  60.1  48.5  37.6  32.1  16.4  39.4
 2000   12.2  23.9  31.2  37.2  51.7  58.8  63.1  63.6  52.7  44.3  24.7   1.7  38.8
 MEANS  10.8  17.0  26.7  39.4  50.7  60.2  64.6  62.4  53.5  42.3  28.9  17.0  39.5
 
 THESE ARE THE MONTHLY AVG. MEAN TEMPS 1951-2000 FOR STATION #5992
 YEAR    JAN   FEB  MARCH APRIL  MAY  JUNE  JULY AUGUST SEPT   OCT   NOV   DEC   ANN
  
 1951   20.4  25.4  29.1  46.5  63.4  66.2  73.4  71.7  61.2  53.5  32.7  22.0  47.1
 1952   22.0  32.7  33.7  51.2  60.7  75.1  75.2  70.4  66.2  49.1  40.2  27.8  50.4
 1953   24.2  29.2  37.8  44.6  60.4  73.2  75.0  74.5  66.4  60.0  43.2  30.0  51.5
 1954   21.0  38.4  33.5  53.6  57.1  74.5  79.5  73.5  69.1  54.2  43.1  29.9  52.3
 1955   21.9  24.0  36.9  58.2  65.8  69.3  82.0  79.2  69.2  54.8  32.8  22.8  51.4
 1956   21.4  25.5  36.0  49.2  64.6  76.6  75.9  75.0  66.0  61.1  38.9  29.1  51.6
 1957   16.8  31.4  37.4  51.5  61.5  71.2  80.2  75.0  63.0  51.2  36.7  32.4  50.7
 1958   24.8  17.8  34.9  51.4  65.0  68.2  72.3  75.0  66.5  56.9  43.0  23.3  49.9
 1959   16.5  24.3  36.6  50.7  64.4  73.7  74.5  78.0  65.8  49.8  30.9  33.7  49.9
 1960   21.5  20.7  22.2  52.5  61.1  69.6  74.7  74.8  67.1  54.2  42.4  26.2  48.9
 1961   23.0  30.7  38.7  45.8  59.9  71.5  74.8  75.1  63.8  56.7  39.7  22.8  50.2
 1962   15.6  23.5  31.1  49.1  69.0  71.5  73.8  74.6  63.3  56.4  41.6  26.9  49.7
 1963   11.2  20.7  41.8  54.7  62.1  75.7  76.8  72.8  67.5  65.8  44.1  16.2  50.8
 1964   28.5  29.3  34.8  51.5  67.3  70.9  77.2  71.1  64.9  52.4  43.3  24.1  51.3
 1965   19.9  22.5  24.9  49.9  66.3  70.4  74.7  72.9  62.4  55.8  41.2  35.6  49.7
 1966   14.9  25.8  42.0  47.5  58.7  70.3  78.2  71.0  63.6  55.2  40.6  26.0  49.5
 1967   25.5  23.5  41.1  52.3  58.6  70.6  72.7  70.4  63.5  53.0  37.2  29.4  49.8
 1968   21.8  24.1  45.4  52.9  59.4  73.1  74.7  74.0  65.2  55.7  37.0  24.1  50.6
 1969   17.5  26.6  29.6  52.8  62.6  67.4  75.8  74.3  66.1  51.1  39.9  25.0  49.1
 1970   11.9  27.8  33.1  52.6  65.6  71.9  75.9  73.5  66.0  53.4  38.5  27.7  49.8
 1971   16.3  23.3  34.9  52.2  58.9  76.7  71.9  72.9  68.9  60.5  39.4  29.1  50.4
 1972   17.1  17.7  33.8  48.3  61.4  68.1  71.5  71.3  63.9  48.4  33.0  18.4  46.1
 1973   21.9  27.5  42.9  49.4  57.7  71.2  72.0  74.4  62.2  57.3  38.0  20.7  49.6
 1974   17.6  25.8  38.3  52.6  58.4  67.3  78.0  68.8  59.2  53.0  38.5  27.5  48.8
 1975   21.6  22.6  28.0  45.8  63.5  69.8  74.5  73.9  59.5  53.9  39.7  25.6  48.2
 1976   21.1  34.6  39.7  54.2  59.7  70.2  74.2  68.9  60.7  44.0  31.8  20.3  48.3
 1977    8.4  29.2  43.9  57.0  68.4  73.9  78.4  69.2  65.8  52.1  37.3  22.1  50.5
 1978   10.9  13.8  33.1  50.7  60.9  70.3  74.0  71.3  67.6  52.6  36.8  21.6  47.0
 1979    6.7  12.9  33.7  45.1  60.1  69.8  72.5  71.2  65.7  52.9  37.1  30.2  46.5
 1980   20.8  20.3  34.1  51.4  63.0  69.9  77.9  75.8  66.0  48.2  38.5  24.6  49.2
 1981   23.9  28.4  40.8  55.9  59.7  70.9  72.7  68.7  62.3  47.3  42.1  21.3  49.5
 1982    7.1  22.7  34.9  46.3  64.1  65.3  73.7  71.0  63.7  53.8  37.6  30.9  47.6
 1983   25.2  30.9  37.8  43.8  56.8  70.3  77.9  80.9  66.8  53.5  40.5  11.2  49.6
 1984   20.3  35.1  30.3  48.3  58.3  72.0  73.4  74.6  63.8  54.3  40.2  28.1  49.9
 1985   16.1  22.0  41.4  56.1  64.2  67.8  74.5  71.6  66.1  53.4  31.2  13.2  48.1
 1986   24.3  21.9  42.0  54.5  63.4  74.2  78.1  69.9  68.0  53.2  34.0  28.8  51.0
 1987   27.1  36.0  42.7  55.5  68.2  75.4  78.3  72.6  65.9  49.2  43.5  29.6  53.7
 1988   19.0  21.3  40.0  51.9  67.6  76.1  79.6  79.0  67.3  48.6  39.2  29.0  51.5
 1989   32.3  16.1  36.6  52.4  61.7  70.0  77.7  74.0  63.3  55.1  36.1  16.1  49.3
 1990   31.9  31.3  41.7  50.6  59.0  72.3  74.2  74.5  68.9  53.6  44.2  22.5  52.1
 1991   16.9  32.9  41.9  53.6  66.9  75.7  76.5  74.3  65.3  52.4  30.9  29.9  51.4
 1992   29.0  33.9  41.8  48.4  62.5  71.2  71.1  69.0  63.2  53.6  34.4  25.4  50.3
 1993   21.0  21.2  32.9  47.8  62.3  69.6  74.3  74.4  60.0  51.6  36.6  27.7  48.3
 1994   12.2  20.9  40.7  51.4  63.5  72.8  73.5  71.8  67.2  56.0  41.9  29.9  50.1
 1995   19.9  27.2  39.7  47.2  59.2  72.0  76.6  79.1  63.3  53.5  32.8  26.4  49.7
 1996   18.1  24.7  32.7  48.0  58.5  71.4  73.8  73.4  64.0  53.6  31.7  21.8  47.6
 1997   16.7  27.8  40.0  47.3  57.1  73.3  76.6  72.0  66.9  53.6  35.1  28.7  49.6
 1998   25.0  36.0  33.2  49.8  65.4  67.8  74.8  73.9  68.4  53.5  41.3  30.3  51.6
 1999   16.7  33.6  35.9  50.3  60.9  69.7  78.4  70.7  61.5  51.1  44.6  26.7  50.0
 2000   22.1  33.0  42.9  50.0  63.5  69.1  72.6  73.4  65.8  55.8  33.2   9.9  49.3
 MEANS  19.8  26.2  36.7  50.7  62.2  71.3  75.4  73.3  65.0  53.6  38.2  25.3  49.8
 
 THESE ARE THE MONTHLY PRECIP TOTALS AND NUMBER OF      MISSING DAYS 1951-2000 FOR STATION #5992
 YEAR    JAN   FEB  MARCH APRIL  MAY  JUNE  JULY AUGUST SEPT   OCT   NOV   DEC   ANN
  
 1951   0.46  3.02  5.69  4.18  3.99  2.70  2.41  4.65  1.39  4.41  1.83  0.95 35.68
           0     0     0     0     0     0    14     1     0     0     0     0    15
 1952   1.12  0.60  3.98  1.17  5.08  4.97  2.68  5.38  0.67  0.00  5.06  1.46 32.17
           0     0     0     0     0     0     0     0    11     0     0     0    11
 1953   0.66  1.66  2.45  2.69  2.98  3.05  3.90  0.16  0.78  0.22  1.00  1.18 20.73
           0     0     0     0     0     0     0     9     0     0     0     0     9
 1954   0.05  1.29  1.78  5.31  2.98 11.34  1.08  9.19  2.52  4.56  0.23  0.89 41.22
           0     0     0     0     0     0     0     0     0     0     0     0     0
 1955   1.04  1.23  0.81  2.95  3.73  1.86  1.68  2.72  5.90  1.08  0.15  0.46 23.61
           0     0     0     0     0     0     0     0     0     0     0     0     0
 1956   0.36  0.51  0.29  1.58  2.04  2.12  5.44  4.42  1.46  1.83  1.11  0.54 21.70
           0     0     0     0     0     0     0     0     0     0     0     0     0
 1957   0.63  0.12  2.03  2.30  4.62  5.18  3.74  3.53  1.96  2.25  1.80  1.25 29.41
           0     0     0     0     0     0     0     0     0     0     0     0     0
 1958   0.60  0.26  0.50  1.67  0.84  5.31  6.68  1.96  4.51  1.37  2.40  0.03 26.13
           0     0     0     0     0     0     0     0     0     0     0     0     0
 1959   1.01  1.09  3.81  5.26  7.45  3.19  5.48  3.12  3.79  2.60  4.00  1.79 42.59
           0     0     0     0     0     0     0     0     2     0     0     0     2
 1960   3.99  1.16  1.63  2.77  6.86  4.47  3.29  5.32  3.99  2.76  0.72  0.53 37.49
           0     0     0     0     0     0     0     0     0     0     0     0     0
 1961   0.20  2.42  4.63  1.99  1.25  2.95  5.62  2.00 10.62  3.35  3.91  1.61 40.55
           0     0     0     0     0     0     0     0     0     0     0     0     0
 1962   0.28  2.05  1.58  2.06  6.71  3.35  5.64  1.73  2.10  3.76  0.73  0.26 30.25
           0     0     0     0     0     0     0     0     0     0     0     0     0
 1963   0.60  0.54  2.92  3.36  3.44  1.22  4.86  6.44  1.53  0.99  1.87  0.54 28.31
           0     0     0     0     0     0     0     0     0     0     0     0     0
 1964   0.28  0.29  1.23  4.51  3.58  5.55  5.67  2.85  4.47  0.15  1.07  0.77 30.42
           0     0     0     0     0     0     0     0     0     0     0     0     0
 1965   1.87  0.98  2.18  6.40  4.92  4.81  1.55  4.08  8.78  0.99  1.92  1.53 40.01
           0     0     0     0     0     0     0     0     0     0     0     0     0
 1966   0.77  0.33  2.18  1.49  8.25  6.69  2.18  1.88  0.78  0.39  0.60  0.60 26.14
           0     0     0     0     0     0     0     0     0     0     0     0     0
 1967   1.16  0.47  2.45  3.61  2.88 10.26  0.72  1.11  2.44  2.30  0.50  0.59 28.49
           0     0     0     0     0     0     0     0     0     0     0     0     0
 1968   0.86  0.12  1.24  5.33  2.01  4.87  2.81  3.02  2.49  2.54  1.26  1.84 28.39
           0     0     0     0     0     0     0     0     0     0     0     0     0
 1969   1.53  0.91  1.02  4.24  0.00  8.06  6.31  3.12  3.48  2.94  0.10  1.18 32.89
           0     0     0     0    31     0     0     0     0     0     0     0    31
 1970   0.16  0.04  4.02  2.19  5.88  2.29  2.77  5.71  7.85  4.48  1.30  0.94 37.63
           0     0     0     0     0     0     0     0     0     0     0     0     0
 1971   0.82  1.95  0.20  0.85  2.50  3.38  4.57  1.02  2.43  2.81  1.08  2.31 23.92
           0     0     0     0     0     0     0     0     0     0     1     0     1
 1972   0.66  1.30  0.99  2.17  3.54  3.88  3.36  4.56  5.13  2.22  2.00  1.74 31.55
           0     0     0     1     0     0     2     0     0     0     0     0     3
 1973   0.59  2.82  2.87  0.00  5.27  2.86  2.17  0.00  5.50  2.53  1.71  2.49 28.81
           0     0     0    30     0     0     0    31     0     0     0     0    61
 1974   2.26  1.07  2.26  5.78 11.78  6.95  1.80  3.57  2.54  3.71  1.54  1.22 44.48
           0     0     0     0     0     0     1     0     0     0     1     0     2
 1975   0.51  1.93  2.47  2.49  2.99  5.19  0.37  3.77  2.08  0.10  4.61  0.55 27.06
           0     0     0     0     0     3     0     0     0     0     0     0     3
 1976   0.12  0.00  1.98  6.64  2.36  5.94  4.08  0.44  0.94  1.38  0.14  0.14 24.16
           0    29     6     0     0     0     0     0     0     0     0     0    35
 1977   0.58  0.57  4.31  1.85  0.00  2.17  4.33  9.21  4.94  6.73  0.72  1.02 36.43
           0     0     0     0    31     0     0     1     0     0     1     2    35
 1978   1.01  0.95  0.77  5.14  3.68  3.48  4.61  2.95  7.60  3.28  3.22  1.59 38.28
           0     0     0     0     0     0     0     0     0     0     0     0     0
 1979   1.84  0.51  3.20  3.73  2.61  3.06  3.36  8.10  0.56  3.07  1.02  0.24 31.30
           1     0     0     0     1     0     0     0     0     0     0     0     2
 1980   1.51  0.63  0.48  1.25  1.38  4.53  2.60  5.95  2.01  1.68  0.22  0.60 22.84
           0     0     0     0     0     0     0     0     0     0     0     0     0
 1981   0.05  1.66  0.39  2.29  1.92  4.80  3.41  4.11  2.40  2.32  0.00  0.70 24.05
           0     0     0     0     0     0     0     0     0     0    30     0    30
 1982   1.99  0.32  2.81  3.40  7.31  2.25  6.48  2.02  5.03  4.70  3.14  2.29 41.74
           1     0     0     0     0     0     0     0     0     0     0     0     1
 1983   0.84  1.35  3.42  2.75  5.09  3.05  4.21  4.83  5.66  5.16  5.57  1.28 43.21
           0     0     0     0     0     0     0     0     0     0     0     0     0
 1984   0.41  1.29  1.92  6.73  4.67  7.62  7.31  0.19  4.56  6.31  3.66  1.67 46.34
           0     0     0     0     0     0     0     0     0     0     0     0     0
 1985   0.94  1.03  2.59  0.90  2.35  2.81  2.16  3.72  6.11  4.26  1.36  1.40 29.63
           1     0     0     0     0     0     0     0     0     0     0     0     1
 1986   0.06  1.24  1.50  3.22  6.42  5.25  2.69  3.62  7.32  3.20  1.06  0.76 36.34
           0     0     0     0     0     0     0     0     0     0     0     0     0
 1987   0.48  0.03  3.57  2.03  4.14  2.50  4.62  9.52  1.36  0.30  3.47  1.67 33.69
           0     0     0     0     0     0     0     0     0     0     0     0     0
 1988   0.14  0.43  0.68  1.14  2.12  0.81  0.91  4.03  4.77  0.78  2.65  0.20 18.66
           0     0     0     0     0     0     0     0     0     0     0     0     0
 1989   1.39  0.78  0.28  1.70  4.13  1.83  4.72  4.09  4.00  3.09  0.18  0.43 26.62
           0     2     0     0     0     0     4     0     0     0     0     0     6
 1990   1.00  0.43  5.29  3.15  5.37 10.75  6.85  4.05  1.07  1.89  2.03  1.44 43.32
           0     0     0     0     0     0     0     0     0     0     1     2     3
 1991   0.87  0.09  4.71  8.23 10.36  3.75  0.30  5.04  2.37  2.87  4.99  1.73 45.31
           0     0     0     0     0     0     0     0     0     0     0     0     0
 1992   0.90  1.57  1.94  4.30  1.05  0.63 12.16  1.71  4.72  0.50  5.29  1.76 36.53
           0     0     0     0     0     0     0     0     0     0     0     0     0
 1993   1.47  1.68  4.40  3.02  5.65  6.30  9.82 12.24  5.45  1.03  1.04  0.67 52.77
           0     0     0     0     0     0     0     0     0     0     0     0     0
 1994   1.14  1.03  0.21  1.84  1.63  5.84  1.36  3.14  4.64  1.84  2.14  1.63 26.44
           0     0     0     0     0     0     0     0     0     0     0     0     0
 1995   1.10  0.49  2.70  6.94  5.29  2.97  2.76  3.69  3.14  1.74  3.10  0.43 34.35
           0     0     0     0     0     0     0     0     0     0     0     0     0
 1996   2.32  0.50  1.44  1.58  8.64  5.01  3.52  1.14  2.78  3.06  2.54  0.82 33.35
           0     0     0     0     0     0     0     0     0     0     0     0     0
 1997   0.88  1.33  1.41  2.20  5.82  5.19  3.20  3.52  3.75  7.64  1.17  1.16 37.27
           0     0     0     0     0     0     0     0     0     0     0     0     0
 1998   0.79  2.54  3.54  3.35  6.44  7.02  3.57  4.10  1.06  4.41  1.13  0.26 38.21
           0     0     0     0     0     0     0     0     0     0     0     0     0
 1999   0.73  0.52  0.59  4.26  4.61  3.78  3.96  5.49  1.55  0.33  1.02  0.28 27.12
           0     0     0     0     0     0     0     0     0     0     0     0     0
 2000   0.57  0.92  0.76  1.93  6.08  7.12  2.87  2.61  1.33  0.91  2.01  1.39 28.50
           0     0     0     0     0     0     0     0     0     0     0     0     0
 
 MEANS  0.91  1.00  2.20  3.20  4.29  4.50  3.85  3.90  3.57  2.54  1.91  1.06 32.92
 PRECIPITATION MEANS AND TOTALS ARE BASED ON DATA      AVAILABLE
 NO ATTEMPT WAS MADE TO ESTIMATE MISSING         PRECIPITATION DATA
 *****************************************************************************************
 *****************************************************************************************
 
 THESE ARE THE MONTHLY HEATING DEGREE DAYS 1951-2000 FOR STATION #5992
 YEAR    JAN    FEB   MARCH  APRIL   MAY    JUNE   JULY  AUGUST  SEPT   OCT   NOV   DEC
 
 1951  1384.0 1108.0 1112.5  565.5  110.0   53.0    0.5    2.5  140.0  387.5  968.5 1331.5
 1952  1332.5  936.5  971.0  433.5  181.5    4.5    0.0   11.0   71.0  492.0  745.5 1153.5
 1953  1263.5 1003.0  844.0  612.5  200.0    6.0    0.0    0.0   68.0  214.5  655.5 1086.5
 1954  1363.5  745.0  977.5  352.0  264.0   38.5    0.0    0.0   41.0  362.0  658.0 1087.5
 1955  1335.0 1148.5  870.5  218.5   64.5   33.0    0.0    0.5   57.0  325.5  965.0 1309.0
 1956  1352.0 1146.0  899.0  481.0  127.0    9.5    0.0   13.0   80.0  154.0  783.0 1111.5
 1957  1493.0  940.0  857.0  418.0  146.0   12.5    0.0    0.5   98.5  427.5  850.0 1011.5
 1958  1247.0 1321.5  934.0  415.0   81.5   23.5    1.5   20.5   50.0  279.5  658.5 1293.0
 1959  1502.0 1140.5  880.5  432.0  112.0    9.5    6.0    0.0  109.5  470.0 1022.5  970.0
 1960  1350.0 1284.5 1326.5  405.0  156.0   11.5    0.0    0.0   77.5  340.5  677.0 1202.5
 1961  1300.5  960.0  814.0  574.5  192.5   11.0    0.0    0.0  139.5  266.5  759.5 1309.5
 1962  1531.5 1162.0 1051.5  491.0   42.5   20.5    1.5    0.5  113.0  308.5  702.0 1181.5
 1963  1667.0 1241.5  720.0  322.0  145.5    2.5    0.0    8.5   49.5   75.5  626.0 1512.5
 1964  1130.0 1035.5  936.0  415.0   61.5   21.0    0.0   22.0  114.0  390.5  650.5 1269.0
 1965  1398.5 1191.0 1243.5  458.0   86.0    1.5    0.0   20.5  130.0  295.5  715.0  911.0
 1966  1552.5 1099.0  716.5  527.0  241.0   19.5    0.0    8.5  103.0  322.5  733.0 1207.5
 1967  1223.5 1163.0  747.0  394.5  266.5    8.0   14.5   14.5   95.5  401.0  832.5 1105.0
 1968  1339.5 1187.0  607.5  368.5  198.0   18.5    0.0    3.5   64.0  330.0  841.5 1267.0
 1969  1471.5 1074.5 1098.0  365.0  159.0   52.0    0.0    0.0   50.5  452.0  753.0 1239.0
 1970  1645.0 1041.0  989.5  400.5   96.0   15.5    2.5    0.0  103.0  372.0  794.0 1156.5
 1971  1510.5 1166.5  933.0  390.5  216.5    0.5   11.0    1.5   79.5  179.5  768.0 1112.5
 1972  1486.0 1370.5  967.0  502.0  177.5   37.5   15.5   24.5  121.5  515.5  960.5 1443.5
 1973  1337.5 1050.5  685.0  470.0  233.5    3.0    4.5    0.5  129.0  254.0  810.0 1374.5
 1974  1470.5 1097.0  827.5  378.0  242.0   39.5    0.0   30.5  207.0  371.0  794.5 1163.0
 1975  1346.0 1187.5 1147.0  574.5  116.5   26.5    6.0    0.0  206.5  369.0  760.5 1221.0
 1976  1361.5  882.0  785.5  334.5  193.5    5.0    0.0   15.0  156.0  655.0  997.0 1386.0
 1977  1755.5 1003.5  655.5  256.0   31.0    2.0    0.0   10.0   37.5  401.5  829.5 1331.0
 1978  1676.5 1432.5  989.0  429.0  192.0   12.0    1.5    4.5   66.5  385.5  847.5 1344.5
 1979  1808.5 1459.5  969.0  598.0  191.5   20.0    0.5   18.0   67.5  380.5  837.0 1077.5
 1980  1369.5 1295.0  957.5  433.5  148.5   21.5    0.0    1.5   90.0  522.0  793.5 1251.5
 1981  1274.0 1025.0  751.0  288.5  187.5    0.5   15.0   19.0  122.5  548.0  686.5 1354.0
 1982  1794.5 1185.0  933.5  559.5   80.5   53.0    2.5   13.5  129.5  359.0  822.5 1056.0
 1983  1233.0  956.0  843.5  635.0  257.0   23.5    0.0    0.0  100.0  379.0  736.5 1667.0
 1984  1386.5  866.0 1074.5  506.0  232.0    0.0    3.0    4.5  159.0  332.0  743.0 1143.0
 1985  1516.0 1204.0  730.5  311.5   72.0   42.0    0.0    0.0  153.0  359.5 1012.5 1606.0
 1986  1261.0 1208.0  722.0  334.0  107.5    1.0    0.0   20.5   43.5  366.0  929.0 1122.0
 1987  1173.5  812.0  690.5  313.5   43.0    5.0    0.0   22.0   42.5  490.0  645.0 1096.0
 1988  1424.5 1266.0  775.0  393.5   30.0    2.5    0.0    4.0   39.0  508.5  774.0 1116.5
 1989  1012.5 1370.5  883.5  410.0  160.5   25.0    0.0    1.0  113.5  328.0  867.5 1517.0
 1990  1027.5  944.0  724.0  457.5  195.0   22.0    3.0    0.0   78.0  366.5  626.0 1319.0
 1991  1490.5  897.5  723.0  357.5  115.5    0.0    0.0    4.0  136.5  402.0 1022.0 1087.5
 1992  1116.0  900.5  718.5  505.0  141.0    9.5    1.5   19.5  128.5  367.5  918.5 1228.0
 1993  1362.5 1225.0  995.5  514.5  128.0   43.5    1.0    0.5  173.0  430.5  851.0 1157.0
 1994  1636.5 1235.5  753.5  430.0  120.0   12.5    0.5    8.5   70.0  280.5  692.0 1088.0
 1995  1398.0 1057.0  785.0  535.5  187.5   19.0    2.5    0.0  137.5  369.0  966.5 1196.0
 1996  1453.5 1169.0 1001.5  512.5  249.5   32.0    0.0    0.0  120.5  366.5 1000.0 1338.0
 1997  1496.0 1042.5  776.0  530.0  267.0    0.0    3.0    2.5   51.0  419.0  898.0 1125.0
 1998  1240.0  813.0  986.0  456.5   77.0   70.5    0.0    0.0   39.5  360.5  710.0 1075.0
 1999  1498.0  880.0  901.0  442.0  162.0   35.0    0.0    5.5  163.0  432.0  611.5 1187.0
 2000  1330.5  928.5  687.0  450.5  110.5   27.5    4.0    0.0  115.5  299.0  953.5 1708.0
 *****************************************************************************************
 MEANS 1434.1 1122.3  900.1  450.3  156.4   20.1    2.2    7.6  103.9  378.5  823.8 1260.0
 
 THESE ARE THE MONTHLY COOLING DEGREE DAYS 1951-2000 FOR STATION #5992
 YEAR    JAN   FEB  MARCH APRIL  MAY  JUNE  JULY AUGUST SEPT   OCT   NOV   DEC   ANN
 
 1951    0.0   0.0   0.0  11.0  61.5  89.0 260.0 211.5  27.0  30.0   0.0   0.0
 1952    0.0   0.0   0.0  19.5  48.5 306.0 316.0 179.5 106.0   0.5   0.0   0.0
 1953    0.0   0.0   0.0   1.5  58.0 252.5 310.5 296.0 111.5  59.0   0.0   0.0
 1954    0.0   0.0   0.0  11.0  20.5 324.0 449.0 263.5 165.0  27.5   0.0   0.0
 1955    0.0   0.0   0.0  13.5  90.0 163.0 527.5 440.5 183.0   8.5   0.0   0.0
 1956    0.0   0.0   0.0   7.5 114.5 356.0 338.5 322.0 110.0  34.0   0.0   0.0
 1957    0.0   0.0   0.0  14.0  37.5 199.0 470.0 309.0  37.5   0.0   0.0   0.0
 1958    0.0   0.0   0.0   7.0  82.5 119.5 228.5 329.5  95.0  28.5   0.0   0.0
 1959    0.0   0.0   0.0   2.5  93.0 269.0 300.5 402.0 132.5   0.0   0.0   0.0
 1960    0.0   0.0   0.0  29.5  34.0 150.5 301.0 304.5 139.0   6.5   0.0   0.0
 1961    0.0   0.0   0.0   0.0  34.0 206.5 303.0 314.0 102.5  10.5   0.0   0.0
 1962    0.0   0.0   0.0  14.5 165.0 215.0 273.0 299.0  62.5  43.0   0.0   0.0
 1963    0.0   0.0   1.5  12.5  55.0 323.0 366.5 251.0 124.5 101.5   0.0   0.0
 1964    0.0   0.0   0.0   9.5 134.0 198.0 378.0 212.5 110.5   0.0   0.0   0.0
 1965    0.0   0.0   0.0   4.5 125.0 162.5 302.0 265.5  52.0  11.0   0.0   0.0
 1966    0.0   0.0   2.0   1.0  45.0 180.0 408.0 195.5  60.5  19.0   0.0   0.0
 1967    0.0   0.0   7.5  14.0  69.5 175.5 253.5 182.0  49.0  29.0   0.0   0.0
 1968    0.0   0.0   0.0   5.5  23.0 262.5 300.5 282.5  71.5  40.5   0.0   0.0
 1969    0.0   0.0   0.0   0.0  86.0 123.5 335.0 289.0  84.0  21.5   0.0   0.0
 1970    0.0   0.0   0.0  29.5 115.5 223.0 339.0 265.0 133.5  12.0   0.0   0.0
 1971    0.0   0.0   0.0   7.0  28.5 352.0 226.0 245.5 196.5  40.5   0.0   0.0
 1972    0.0   0.0   0.0   1.5  65.5 130.5 217.5 219.5  88.5   0.0   0.0   0.0
 1973    0.0   0.0   0.0   2.0   8.5 190.0 223.0 290.5  46.5  15.5   0.0   0.0
 1974    0.0   0.0   0.0   6.0  37.5 110.0 403.5 147.0  32.0   0.5   0.0   0.0
 1975    0.0   0.0   0.0   0.0  68.5 169.0 300.5 277.0  43.0  24.5   0.0   0.0
 1976    0.0   0.0   0.0  11.5  29.5 159.5 285.5 134.5  27.0   5.0   0.0   0.0
 1977    0.0   0.0   0.0  17.5 137.0 270.5 416.5 139.5  63.0   0.5   0.0   0.0
 1978    0.0   0.0   1.0   0.0  65.5 172.5 280.0 199.0 143.5   2.5   0.0   0.0
 1979    0.0   0.0   0.0   0.0  40.5 162.5 233.5 211.0  87.5   5.0   0.0   0.0
 1980    0.0   0.0   0.0  26.0  85.5 168.0 398.5 336.0 121.0   0.0   0.0   0.0
 1981    0.0   0.0   0.0  16.0  24.5 178.5 254.5 133.5  41.5   0.0   0.0   0.0
 1982    0.0   0.0   0.0   0.0  52.5  63.0 273.0 200.5  91.0  12.5   0.0   0.0
 1983    0.0   0.0   0.0   0.0   3.0 183.0 399.5 493.0 155.5  21.5   0.0   0.0
 1984    0.0   0.0   0.0   6.5  24.0 210.0 263.0 302.5 123.0   1.0   0.0   0.0
 1985    0.0   0.0   0.0  45.5  46.5 126.0 296.0 205.0 184.5   0.0   0.0   0.0
 1986    0.0   0.0  10.5  18.5  58.5 276.5 405.5 173.5 133.0   0.0   0.0   0.0
 1987    0.0   0.0   0.0  28.0 143.0 317.0 412.0 258.5  69.5   0.0   0.0   0.0
 1988    0.0   0.0   0.0   0.0 110.5 335.0 451.5 437.0 107.0   1.5   0.0   0.0
 1989    0.0   0.0   4.0  33.0  59.0 175.0 392.5 280.0  62.0  20.0   0.0   0.0
 1990    0.0   0.0   3.0  26.5   9.0 241.0 287.5 296.0 195.5  14.5   1.5   0.0
 1991    0.0   0.0   6.5  16.5 175.5 320.5 357.5 291.0 146.0  11.0   0.0   0.0
 1992    0.0   0.0   0.0   8.0  65.0 196.5 189.5 144.5  76.0  13.5   0.0   0.0
 1993    0.0   0.0   0.0   0.0  45.5 182.5 289.0 291.0  24.5  14.5   0.0   0.0
 1994    0.0   0.0   0.0  21.5  72.5 245.5 264.0 218.0 135.5   2.0   0.0   0.0
 1995    0.0   0.0   0.0   0.0   7.0 228.5 362.5 438.0  85.5  12.0   0.0   0.0
 1996    0.0   0.0   0.0   2.0  47.0 224.5 272.5 261.0  90.0  14.5   0.0   0.0
 1997    0.0   0.0   0.0   0.0  21.5 249.0 361.5 221.0 109.0  67.0   0.0   0.0
 1998    0.0   0.0   0.0   0.0  89.5 156.0 303.0 276.0 142.5   3.0   0.0   0.0
 1999    0.0   0.0   0.0   0.0  34.5 175.0 416.0 181.5  57.0   0.0   0.0   0.0
 2000    0.0   0.0   2.0   0.0  64.0 150.0 240.0 259.5 140.5  14.0   0.0   0.0
 *****************************************************************************************
 MEANS   0.0   0.0   0.8  10.1  65.0 211.1 329.3 267.1 100.7  16.1   0.0   0.0
 
 THESE ARE THE HEAT STRESS VARIABLES 1951-2000 FOR STATION #5992
             # OF DAYS MAXT >86                           HEAT INDEX
 YEAR   MAY  JUNE  JULY   AUG  SEPT  TOTAL     MAY    JUNE   JULY   AUG    SEPT  TOTAL
 1951   0.0   0.0   7.0   5.0   0.0   12.0      0.0    0.0   21.0   20.0    0.0   41.0
 1952   3.0  17.0  15.0   2.0   8.0   45.0      6.0   84.0   68.0    3.0   22.0  183.0
 1953   4.0  10.0  15.0  15.0   6.0   50.0     12.0   44.0   63.0   94.0   46.0  259.0
 1954   0.0  19.0  26.0  11.0   9.0   65.0      0.0   87.0  171.0   32.0   42.0  332.0
 1955   6.0   4.0  26.0  25.0  11.0   72.0      9.0   19.0  222.0  187.0   67.0  504.0
 1956   7.0  18.0  19.0  16.0   5.0   65.0     24.0  128.0  116.0   71.0   20.0  359.0
 1957   0.0   8.0  24.0  13.0   1.0   46.0      0.0   30.0  172.0   69.0    1.0  272.0
 1958   1.0   7.0   4.0  21.0   1.0   34.0      4.0   29.0    5.0  105.0    5.0  148.0
 1959   1.0  12.0  11.0  23.0   5.0   52.0      1.0   48.0   40.0  108.0   20.0  217.0
 1960   0.0   2.0  14.0  10.0   7.0   33.0      0.0    2.0   58.0   45.0   48.0  153.0
 1961   1.0  10.0  13.0  18.0   6.0   48.0      1.0   42.0   45.0   68.0   18.0  174.0
 1962  11.0   9.0  12.0  13.0   3.0   48.0     25.0   27.0   45.0   61.0    9.0  167.0
 1963   3.0  19.0  22.0  10.0   4.0   58.0     10.0  115.0   90.0   56.0    8.0  279.0
 1964   6.0   7.0  21.0  12.0   5.0   51.0     11.0   21.0  110.0   58.0   18.0  218.0
 1965   1.0   2.0  10.0  14.0   1.0   28.0      1.0    4.0   50.0   94.0    3.0  152.0
 1966   6.0  10.0  20.0   9.0   1.0   46.0     16.0   30.0  136.0   29.0    4.0  215.0
 1967   6.0   2.0  14.0   5.0   0.0   27.0     36.0    9.0   54.0    9.0    0.0  108.0
 1968   2.0  15.0  12.0  13.0   3.0   45.0      4.0   71.0   53.0   84.0    4.0  216.0
 1969   4.0   6.0  15.0  16.0   0.0   41.0     12.0   13.0   60.0   41.0    0.0  126.0
 1970   2.0   8.0  21.0  13.0   8.0   52.0      4.0   45.0  127.0   40.0   19.0  235.0
 1971   0.0  21.0  10.0  14.0  15.0   60.0      0.0  114.0   25.0   61.0   53.0  253.0
 1972   6.0  10.0  10.0  14.0   4.0   44.0     10.0   38.0   46.0   84.0   12.0  190.0
 1973   0.0   9.0   9.0  13.0   0.0   31.0      0.0   43.0   35.0   41.0    0.0  119.0
 1974   0.0   6.0  26.0   4.0   0.0   36.0      0.0    8.0  204.0    9.0    0.0  221.0
 1975   5.0  10.0  22.0  17.0   3.0   57.0     15.0   34.0  118.0   81.0   13.0  261.0
 1976   2.0   9.0  14.0   6.0   1.0   32.0      3.0   19.0   56.0   16.0    1.0   95.0
 1977  10.0  14.0  24.0   3.0   0.0   51.0     25.0   71.0  183.0    9.0    0.0  288.0
 1978   2.0   6.0  14.0   7.0   7.0   36.0      2.0   16.0   43.0   22.0   17.0  100.0
 1979   0.0   2.0   4.0   9.0   3.0   18.0      0.0    2.0    6.0   45.0    8.0   61.0
 1980   3.0   8.0  24.0  18.0   6.0   59.0     10.0   33.0  166.0   91.0   16.0  316.0
 1981   0.0   7.0   6.0   0.0   0.0   13.0      0.0   20.0   31.0    0.0    0.0   51.0
 1982   0.0   0.0   8.0   4.0   0.0   12.0      0.0    0.0   17.0   21.0    0.0   38.0
 1983   0.0   6.0  22.0  26.0   7.0   61.0      0.0   19.0  129.0  215.0   39.0  402.0
 1984   0.0   1.0   9.0  12.0   9.0   31.0      0.0    1.0   41.0   64.0   35.0  141.0
 1985   2.0   4.0  13.0   9.0  12.0   40.0      6.0   26.0   33.0   35.0   57.0  157.0
 1986   0.0   9.0  18.0   4.0   3.0   34.0      0.0   37.0   89.0   11.0    3.0  140.0
 1987   3.0  13.0  22.0   8.0   2.0   48.0      7.0   90.0  137.0   47.0    2.0  283.0
 1988   6.0  17.0  25.0  22.0   2.0   72.0     18.0  136.0  210.0  188.0    9.0  561.0
 1989   2.0   7.0  19.0   8.0   0.0   36.0      3.0   18.0  132.0   27.0    0.0  180.0
 1990   0.0  10.0  10.0  10.0  10.0   40.0      0.0   39.0   46.0   53.0   52.0  190.0
 1991   5.0  13.0  15.0  12.0   6.0   51.0     21.0   68.0  108.0   60.0   17.0  274.0
 1992   1.0  10.0   3.0   5.0   0.0   19.0      1.0   28.0   15.0   17.0    0.0   61.0
 1993   0.0   8.0   7.0  12.0   1.0   28.0      0.0   17.0   18.0   34.0    4.0   73.0
 1994   3.0  10.0  12.0   7.0   4.0   36.0      4.0   47.0   43.0   39.0   14.0  147.0
 1995   0.0  11.0  15.0  21.0   3.0   50.0      0.0   53.0  101.0  125.0   12.0  291.0
 1996   3.0  11.0  10.0   6.0   3.0   33.0      8.0   51.0   34.0   19.0    6.0  118.0
 1997   1.0  12.0  18.0   8.0   4.0   43.0      5.0   36.0  119.0   44.0   18.0  222.0
 1998   4.0   6.0   9.0   8.0   9.0   36.0     14.0   29.0   35.0   24.0   23.0  125.0
 1999   0.0   7.0  18.0   5.0   4.0   34.0      0.0   23.0  139.0   12.0   13.0  187.0
 2000   2.0   3.0   5.0   8.0  11.0   29.0      9.0   14.0   19.0   20.0   57.0  119.0
 *****************************************************************************************
 MEANS  2.5   9.0  15.0  11.4   4.3   42.2      6.8   39.9   82.3   56.2   16.8  202.1
