 
 THIS IS FOR STATION NUMBER 6243 1951-> 2000
                                 # OF PRECIPITATION EVENTS - % IN PARENS
 CL                   MAX   MEAN  0.01-  0.26-  0.51-  1.01-          # OF DAYS
 WK    TIME PERIOD    VAL   RAIN    0.25   0.51   1.00   2.00  >2.01 MISSING TOTAL
  1 3/1-->3/7        1.70   0.39  65(73) 12(13) 11(12)  1( 1)  0( 0)    0       89
  2 3/8-->3/14       1.31   0.41  56(65) 16(18) 11(12)  2( 2)  0( 0)    0       85
  3 3/15-->3/21      1.36   0.39  59(71) 12(14)  8( 9)  4( 4)  0( 0)    0       83
  4 3/22-->3/28      2.89   0.61  45(54) 18(21) 12(14)  6( 7)  1( 1)    0       82
  5 3/29-->4/4       1.45   0.61  56(55) 20(19) 20(19)  5( 4)  0( 0)    0      101
  6 4/5-->4/11       1.50   0.50  50(59) 17(20) 13(15)  4( 4)  0( 0)    0       84
  7 4/12-->4/18      1.55   0.70  70(60) 24(20) 15(12)  7( 6)  0( 0)    0      116
  8 4/19-->4/25      3.20   0.79  51(51) 21(21) 18(18)  9( 9)  1( 1)    0      100
  9 4/26-->5/2       2.40   0.96  65(54) 23(19) 19(15)  9( 7)  4( 3)    0      120
 10 5/3-->5/9        2.20   0.80  58(51) 28(24) 18(15)  8( 7)  1( 0)    0      113
 11 5/10-->5/16      2.34   0.74  60(55) 23(21) 20(18)  4( 3)  2( 1)    0      109
 12 5/17-->5/23      2.92   1.10  52(45) 16(13) 33(28)  9( 7)  5( 4)    0      115
 13 5/24-->5/30      2.00   1.06  64(49) 25(19) 29(22) 10( 7)  1( 0)    0      129
 14 5/31-->6/6       2.59   0.85  55(51) 24(22) 18(16)  8( 7)  2( 1)    6      107
 15 6/7-->6/13       2.78   0.99  63(51) 24(19) 24(19) 10( 8)  2( 1)    7      123
 16 6/14-->6/20      4.83   1.30  48(42) 21(18) 21(18) 16(14)  6( 5)    7      112
 17 6/21-->6/27      3.38   1.21  51(48) 19(18) 15(14) 13(12)  7( 6)    7      105
 18 6/28-->7/4       3.86   0.83  47(51) 19(20) 11(12) 11(12)  3( 3)    7       91
 19 7/5-->7/11       5.02   1.09  48(46) 22(21) 21(20)  9( 8)  4( 3)    7      104
 20 7/12-->7/18      9.12   1.00  48(52) 13(14) 20(21)  7( 7)  4( 4)    7       92
 21 7/19-->7/25      3.10   0.69  41(49) 21(25) 13(15)  6( 7)  2( 2)    7       83
 22 7/26-->8/1       2.08   0.68  37(44) 21(25) 19(22)  6( 7)  1( 1)    7       84
 23 8/2-->8/8        4.02   0.84  58(53) 26(23) 16(14)  6( 5)  3( 2)    7      109
 24 8/9-->8/15       3.14   0.70  57(58) 20(20) 11(11)  7( 7)  2( 2)    7       97
 25 8/16-->8/22      2.55   0.77  38(45) 16(19) 18(21) 11(13)  1( 1)    7       84
 26 8/23-->8/29      1.84   0.63  43(51) 18(21) 13(15)  9(10)  0( 0)    7       83
 27 8/30-->9/5       4.37   0.84  45(48) 20(21) 17(18)  6( 6)  4( 4)    7       92
 28 9/6-->9/12       2.60   0.77  34(42) 15(18) 20(25)  9(11)  2( 2)    7       80
 29 9/13-->9/19      3.06   0.73  44(48) 18(20) 20(22)  7( 7)  1( 1)    7       90
 30 9/20-->9/26      2.01   0.56  59(64) 15(16) 11(11)  6( 6)  1( 1)    7       92
 31 9/27-->10/3      3.52   0.48  40(58) 11(16) 13(19)  3( 4)  1( 1)    4       68
 32 10/4-->10/10     3.08   0.67  41(54) 12(16) 13(17)  6( 8)  3( 4)    0       75
 33 10/11-->10/17    2.52   0.48  28(51) 10(18)  8(14)  7(12)  1( 1)    0       54
 34 10/18-->10/24    1.73   0.38  41(64) 12(18)  9(14)  2( 3)  0( 0)    0       64
 35 10/25-->10/31    3.27   0.51  35(55) 10(15) 12(19)  5( 7)  1( 1)    0       63
 36 11/1-->11/7      1.65   0.35  41(66)  8(12)  7(11)  6( 9)  0( 0)    0       62
 37 11/8-->11/14     1.65   0.31  35(62) 13(23)  4( 7)  4( 7)  0( 0)    0       56
 38 11/15-->11/21    1.10   0.41  40(61)  9(13) 13(20)  3( 4)  0( 0)    0       65
 39 11/22-->11/28    0.80   0.21  40(68) 12(20)  6(10)  0( 0)  0( 0)    0       58
 40 11/29-->12/5     1.87   0.21  48(84)  4( 7)  3( 5)  2( 3)  0( 0)    0       57
 41 12/6-->12/12     0.76   0.17  44(80)  7(12)  4( 7)  0( 0)  0( 0)    0       55
 42 12/13-->12/19    1.10   0.23  44(74)  7(11)  6(10)  2( 3)  0( 0)    0       59
 43 12/20-->12/26    0.81   0.14  48(85)  5( 8)  3( 5)  0( 0)  0( 0)    0       56
 44 12/27-->1/2      0.82   0.23  41(69) 10(16)  8(13)  0( 0)  0( 0)    0       59
 45 1/3-->1/9        0.40   0.11  42(89)  5(10)  0( 0)  0( 0)  0( 0)    0       47
 46 1/10-->1/16      0.75   0.15  50(86)  5( 8)  3( 5)  0( 0)  0( 0)    0       58
 47 1/17-->1/23      0.79   0.20  47(75) 11(17)  4( 6)  0( 0)  0( 0)    0       62
 48 1/24-->1/30      0.50   0.13  55(93)  3( 5)  1( 1)  0( 0)  0( 0)    0       59
 49 1/31-->2/6       0.79   0.15  35(76)  8(17)  3( 6)  0( 0)  0( 0)    1       46
 50 2/7-->2/13       0.92   0.17  41(80)  6(11)  4( 7)  0( 0)  0( 0)    0       51
 51 2/14-->2/20      1.56   0.31  46(70) 10(15)  8(12)  1( 1)  0( 0)    0       65
 52 2/21-->2/27      1.13   0.18  48(80)  6(10)  5( 8)  1( 1)  0( 0)    0       60
 53 2/28-->2/29      1.98   0.06   8(80)  1(10)  0( 0)  1(10)  0( 0)    0       10
 ANNUAL TOTALS       9.12   2505(58)772(18)652(15)268( 6) 66( 1)  123     4263
 
 THESE ARE THE MONTHLY AVERAGES FOR 1951-->2000 FOR STATION NUMBER 6243
   JAN  FEB  MAR  APR  MAY  JUN  JUL  AUG  SPT  OCT  NOV  DEC  ANNUAL
   0.66 0.86 2.07 3.03 4.17 4.54 3.76 3.41 2.84 2.20 1.37 0.83 29.76  <-- PRECIP
  
   20.0 27.0 37.4 51.9 63.6 73.0 77.1 74.9 66.0 54.4 37.9 25.1  55.0  <-- TEMP
 
 TWELVE SIGNIFICANT RAINFALL EVENTS  
 MONTH  DAY  YEAR   AMOUNT
   7     17  1996     9.12
   7      9  1993     5.02
   6     16  1960     4.83
   8     30  1993     4.37
   8      5  1996     4.02
   7      2  1958     3.86
   6     16  1984     3.59
   7     10  1987     3.45
   9     28  1988     3.52
   6     25  1968     3.38
  10     30  1979     3.27
   8     15  1978     3.14
 
 GROWING DEGREE DAYS FOR 4 BASE TEMPS FOR STATION NUMBER  6243
               MARCH                       APRIL  
     ****************************  ******************* ******** 
 YEAR  40-86  48-86  50-86  52-86   40-86  48-86  50-86  52-86  
     ****************************  ******************* ******** 
 1951     54     23     18     14    261    146    122    101
 1952     85     38     30     24    397    254    225    198
 1953    171     83     66     50    277    151    127    106
 1954     93     30     21     15    480    317    286    255
 1955    150     83     69     57    585    412    376    343
 1956    176     88     72     58    338    211    186    163
 1957    154     68     53     40    393    266    239    213
 1958     91     40     31     22    379    231    200    171
 1959    144     68     55     43    389    250    222    197
 1960     20      1      0      0    410    255    224    197
 1961    109     38     28     21    303    176    151    129
 1962     62     27     24     21    405    260    226    196
 1963    214    134    121    108    482    320    283    247
 1964    120     46     34     24    413    249    218    190
 1965     17      5      4      3    390    251    223    196
 1966    255    158    135    114    272    156    133    110
 1967    285    185    165    146    429    281    249    218
 1968    359    236    212    189    455    298    264    232
 1969     41      8      5      3    436    281    247    216
 1970     69     19     12      7    441    299    270    241
 1971    129     70     59     51    452    294    263    233
 1972    195     98     82     67    385    230    201    175
 1973    191     74     56     41    378    235    207    181
 1974    225    126    105     86    459    304    271    239
 1975     76     33     25     18    309    171    143    119
 1976    202    119    104     90    513    341    304    269
 1977    271    152    127    104    576    394    354    317
 1978    151     92     80     69    359    208    177    149
 1979     82     24     16     12    337    207    180    155
 1980    124     52     40     31    415    275    245    216
 1981    276    151    128    108    567    377    337    299
 1982    145     57     42     31    358    228    201    177
 1983    132     72     59     46    215    111     94     80
 1984     46      7      5      3    286    151    128    105
 1985    245    139    118     99    523    351    314    279
 1986    261    160    140    122    442    278    244    213
 1987    218    128    111     94    508    355    322    291
 1988    254    155    135    116    413    268    237    208
 1989    191    119    103     87    514    356    320    285
 1990    221    119     98     78    432    282    249    218
 1991    243    144    124    104    444    279    247    217
 1992    236    117     97     79    340    207    181    158
 1993     77     41     36     31    301    179    154    131
 1994    230    142    122    103    427    289    263    237
 1995    200    107     89     71    302    178    154    131
 1996    126     56     44     32    377    242    213    185
 1997    241    144    123    105    286    167    144    122
 1998    127     69     60     53    393    242    211    180
 1999    202    112     90     71    390    223    194    168
 2000    295    169    143    121    450    303    272    243
     ****************************  ******************* ******** 
 MEAN  165.8   88.8   74.6   61.9  401.9  256.0  226.1  198.2
 STDV   81.0   55.2   49.3   43.4   84.0   68.2   64.0   59.8
 
               MAY                         JUNE   
     ****************************  ******************* ******** 
 YEAR  40-86  48-86  50-86  52-86   40-86  48-86  50-86  52-86  
     ****************************  ******************* ******** 
 1951    723    502    452    403    762    529    474    420
 1952    664    447    401    356   1008    768    708    652
 1953    660    453    410    368   1009    771    712    654
 1954    578    396    357    318    969    733    675    619
 1955    794    568    518    471    840    604    550    498
 1956    727    515    466    422   1030    795    737    680
 1957    634    420    375    333    883    644    587    530
 1958    769    555    506    462    830    595    539    487
 1959    702    477    425    378    960    720    661    604
 1960    669    455    407    366    855    615    557    499
 1961    629    417    372    328    901    664    608    554
 1962    881    639    582    528    895    655    597    540
 1963    688    463    412    364   1018    778    718    659
 1964    812    575    521    471    914    678    622    567
 1965    817    590    536    482    916    676    617    558
 1966    622    437    398    360    890    653    597    543
 1967    550    370    330    293    852    616    560    504
 1968    574    376    335    296    961    722    664    609
 1969    728    509    460    412    814    589    535    484
 1970    818    597    545    496    957    718    659    602
 1971    618    410    365    322   1028    788    729    670
 1972    688    471    422    376    926    692    634    577
 1973    645    438    392    347    956    716    656    598
 1974    681    459    412    367    871    634    578    523
 1975    784    552    501    453    912    675    617    560
 1976    651    449    405    363    933    695    637    581
 1977    902    654    593    535    966    726    666    607
 1978    680    475    428    382    936    702    645    591
 1979    657    454    409    366    930    692    634    576
 1980    697    483    438    397    935    697    639    582
 1981    632    424    380    339    942    702    643    584
 1982    713    480    426    373    791    564    512    461
 1983    543    349    311    275    891    661    604    549
 1984    604    390    345    303    950    710    651    592
 1985    756    520    468    420    833    599    545    491
 1986    703    479    430    383    991    751    691    633
 1987    811    573    518    464    982    743    684    627
 1988    847    610    557    509   1006    768    709    650
 1989    691    497    450    407    861    628    576    525
 1990    601    393    347    304    969    733    674    616
 1991    800    578    525    474    997    757    697    637
 1992    682    480    435    392    860    622    565    509
 1993    637    422    374    329    842    604    548    493
 1994    746    530    481    435    969    729    670    611
 1995    558    346    303    263    892    655    599    544
 1996    578    367    322    279    925    690    633    577
 1997    554    361    321    283    952    712    652    593
 1998    824    588    534    483    848    615    560    505
 1999    695    472    423    374    889    653    596    541
 2000    803    575    524    476    894    657    601    548
     ****************************  ******************* ******** 
 MEAN  696.7  481.1  433.2  387.9  919.1  682.1  624.7  568.6
 STDV   91.2   79.1   75.0   71.1   64.0   62.0   60.5   58.8
 
               JULY                        AUGUST 
     ****************************  ******************* ******** 
 YEAR  40-86  48-86  50-86  52-86   40-86  48-86  50-86  52-86  
     ****************************  ******************* ******** 
 1951   1003    755    694    633    975    727    667    607
 1952   1009    761    700    641    920    672    612    556
 1953   1055    808    747    686   1011    763    701    640
 1954   1112    864    802    740   1025    777    715    653
 1955   1156    908    846    784   1089    841    779    719
 1956   1040    792    730    668   1033    788    730    672
 1957   1135    887    825    763   1034    786    724    664
 1958    977    729    667    606   1020    773    713    655
 1959    999    751    690    631   1083    835    773    711
 1960   1035    787    725    663   1035    787    725    663
 1961   1045    797    735    673   1015    767    705    643
 1962   1015    767    706    645    995    747    686    625
 1963   1107    859    797    735    999    751    689    628
 1964   1119    871    809    747    895    652    593    536
 1965   1036    788    726    665    951    705    645    587
 1966   1101    853    791    729    902    657    597    540
 1967    975    730    671    614    925    689    632    578
 1968   1044    797    737    678   1010    763    702    641
 1969   1092    844    782    720   1051    803    741    679
 1970   1067    819    757    697   1055    807    745    684
 1971    970    726    666    607   1007    762    702    642
 1972   1027    781    720    660    971    723    661    601
 1973   1068    820    758    696   1075    827    765    703
 1974   1127    879    817    755    915    668    607    549
 1975   1086    838    776    715   1078    830    768    706
 1976   1097    849    787    726   1048    800    739    678
 1977   1110    862    800    738    966    718    656    594
 1978   1048    800    738    676   1012    765    704    643
 1979   1069    821    759    697   1045    797    735    673
 1980   1087    839    777    715   1055    807    745    683
 1981   1061    813    751    689    960    712    652    594
 1982   1083    835    773    711    983    735    674    614
 1983   1131    883    821    759   1150    902    840    778
 1984   1035    787    725    664   1050    804    743    684
 1985   1024    776    714    652    932    685    626    567
 1986   1103    855    793    731    910    667    608    551
 1987   1098    850    788    726    928    681    620    560
 1988   1056    808    746    684   1056    810    751    693
 1989   1080    832    770    709   1024    777    717    657
 1990   1011    763    701    640   1024    776    714    653
 1991   1032    784    722    661   1019    771    709    647
 1992    899    651    590    531    843    598    540    485
 1993   1036    788    726    664   1009    761    701    641
 1994    965    717    655    594    954    707    647    589
 1995   1046    798    737    676   1114    866    804    742
 1996    966    718    657    596    973    725    663    601
 1997   1056    808    746    685    963    715    653    592
 1998   1081    833    771    709   1054    806    744    682
 1999   1125    877    815    753    979    731    669    608
 2000   1051    804    743    682   1062    814    752    690
     ****************************  ******************* ******** 
 MEAN 1055.3  807.5  745.8  684.6 1003.9  756.9  695.9  635.9
 STDV   52.6   52.3   52.0   51.3   61.9   61.0   60.2   58.9
 
               SEPTEMBER                   OCTOBER
     ****************************  ******************* ******** 
 YEAR  40-86  48-86  50-86  52-86   40-86  48-86  50-86  52-86  
     ****************************  ******************* ******** 
 1951    568    379    338    299      0      0      0      0
 1952    777    566    517    473     70     46     40     36
 1953    768    568    524    480    552    398    363    331
 1954    828    600    548    498    249    150    129    112
 1955    821    600    551    505    293    203    183    166
 1956    747    542    495    450    490    350    318    289
 1957    666    450    404    364    373    218    187    158
 1958    807    588    537    490    526    366    331    298
 1959    665    466    422    381     90     52     46     40
 1960    754    534    485    437    340    236    213    191
 1961    654    446    400    355      0      0      0      0
 1962    660    445    398    354    463    302    266    234
 1963    808    577    521    466    683    471    422    378
 1964    736    518    467    419    130     86     76     67
 1965    429    269    237    205      0      0      0      0
 1966    642    439    396    354    280    193    174    156
 1967    625    427    383    345      0      0      0      0
 1968    720    496    446    399     61     41     36     31
 1969    778    550    496    446    238    165    150    135
 1970    744    525    476    429    199    131    117    105
 1971    758    547    499    453    539    365    328    294
 1972    709    491    441    395    268    169    149    131
 1973    705    476    424    375    541    362    323    286
 1974    650    445    402    362      0      0      0      0
 1975    646    443    397    353    486    350    320    292
 1976    787    572    522    473    122     87     80     73
 1977    777    542    490    440    410    241    209    179
 1978    852    619    566    518     89     51     44     37
 1979    789    564    514    465    184    124    111     98
 1980    816    593    542    493     41     25     22     19
 1981    764    547    500    454    273    168    145    123
 1982    702    484    434    386    338    217    192    171
 1983    798    581    530    479    213    132    113     96
 1984    650    466    422    378      0      0      0      0
 1985    678    470    420    375      0      0      0      0
 1986    762    533    476    421    169     99     86     74
 1987    720    490    441    397     41     30     28     26
 1988    780    561    510    464     51     31     27     23
 1989    713    507    462    417    276    182    161    142
 1990    828    610    560    511    166    112     99     86
 1991    551    413    379    346      0      0      0      0
 1992    735    526    477    431    241    151    136    123
 1993    598    386    341    298    177    125    114    104
 1994    805    585    535    485    419    268    234    201
 1995    520    374    339    307      0      0      0      0
 1996    676    460    413    369    509    336    300    266
 1997    790    568    519    473    442    323    296    269
 1998    902    667    611    556    500    314    274    239
 1999    694    496    455    414     29     17     14     11
 2000    649    474    433    394      0      0      0      0
     ****************************  ******************* ******** 
 MEAN  720.3  509.8  462.2  416.9  231.4  154.0  137.3  122.0
 STDV   90.9   75.8   71.9   68.1  196.9  134.4  120.8  108.4
 
 DAILY RECORD HIGHS AND LOWS OCCURRING DURING 1951-2000 FOR STATION NUMBER 6243
     JAN     FEB    MARCH   APRIL    MAY     JUNE    JULY    AUG     SEPT    OCT     NOV     DEC
 DY MX  MN  MX  MN  MX  MN  MX  MN  MX  MN  MX  MN  MX  MN  MX  MN  MX  MN  MX  MN  MX  MN  MX  MN
  1  56 -19  59 -24  77 -16  88  16  93  24  90  39  99  46  99  52  98  41  89  27  74  18  70  -3
  2  62 -12  63 -24  75   3  84  14  90  23  90  42  98  48 102  54 103  42  94  28  79   7  61  -4
  3  49 -15  57 -24  75  -3  81   4  88  27  97  39 102  46  98  50 103  35  91  28  78   2  61  -3
  4  52 -18  54 -16  73 -20  78  16  93  29  98  40 100  45  98  46  98  42  87  28  75  -4  59  -3
  5  65 -19  55 -16  74 -23  89  18  91  29  98  43  99  44  98  49  96  40  93  26  72   3  57  -2
  6  47 -14  54 -16  77 -10  90  10  94  32  96  38 100  52  97  51 101  37  91  22  75   2  59 -11
  7  51 -24  71 -14  77  -9  85  17  98  29  98  43  99  50  99  45  97  39  89  24  79 -10  62  -9
  8  57 -15  66 -19  76  -8  87  14  91  27 103  40  99  50  99  49  99  37  84  15  81   0  56 -16
  9  52 -19  65 -19  72  -2  88  17  89  27  98  44 103  47  95  49  99  39  86  20  78  14  63 -12
 10  60 -22  71 -14  76  -4  84  17  89  31 100  44 100  49 100  46  94  37  87  24  72  10  60  -7
 11  59 -12  67 -24  70  -7  91  21  93  30 100  45 104  52  96  48  94  30  90  21  73  -9  62 -12
 12  60 -26  64 -15  75 -12  84  12  90  33  99  44 105  52  98  43  93  37  93  25  71   3  55 -13
 13  61 -17  67 -13  71  -3  80  13  91  27 101  40 103  50  97  44  96  34  92  21  80  -5  59 -20
 14  54 -23  66 -13  72  -7  90  20  91  34  97  46 102  46 100  47  95  37  89  25  72 -13  58 -16
 15  55 -18  56 -13  75   7  83  19  89  29 101  41  99  50 102  46  99  32  91  25  71  11  57 -15
 16  57 -23  68 -23  79   3  89  25  90  38  96  44  97  50 104  50  98  38  83  22  77  -4  62 -13
 17  57 -15  70 -22  73   2  89  23  94  34  96  44 101  56 101  48  96  35  85  17  72  -7  65 -12
 18  60 -19  65 -17  77   0  94  21  96  35 105  50 103  54 102  48  93  35  83  24  71   4  62 -22
 19  52 -25  68 -11  80   1  90  24  93  34 101  45 104  54  99  43  95  28  86  12  69   7  55 -20
 20  59 -23  65  -6  74  -2  89  24  92  34 101  43 103  51  99  45  92  35  83  17  67   5  57 -21
 21  56 -25  66 -10  69  -5  91  23  93  35 105  42 102  45 101  49  94  30  80  20  67   0  56 -22
 22  57 -17  67 -15  80  -2  96  25  93  29  97  43 102  52  98  47  90  27  84  21  64   5  54 -27
 23  57 -18  62 -14  77   3  86  22  90  36  97  49  97  52  98  43  88  30  81  18  59   7  58 -24
 24  67 -17  68 -13  87  -2  91  21 100  40 102  46  96  53 100  48  89  28  82  17  67   2  58 -24
 25  54 -16  65  -5  80   3  93  28 103  42 100  42  98  55  99  47  93  28  82  18  77   2  53 -17
 26  50 -20  66 -10  84  -2  93  30  97  37 101  47 101  49 102  47  94  27  85  19  67 -10  59 -10
 27  48 -19  67 -11  81   2  93  27  92  35  98  46 102  54 104  41  94  32  86  16  69  -1  57 -10
 28  51 -23  70 -20  88  13  90  23  93  35 100  51  99  50 100  39  95  26  82  14  59  -5  58  -3
 29  56 -24 *** ***  91   5  87  23  96  41 101  50 102  48  99  48  91  25  80  20  65  -5  60 -11
 30  55 -20 *** ***  87   5  92  26  96  42 102  48 106  41 100  47  93  29  77  17  60  -7  60 -16
 31  60 -21 *** ***  89  11 *** ***  90  41 *** *** 109  49  98  38 *** ***  80  12 *** ***  56 -17
 
 DAILY MAXIMUM PRECIPITATION OCCURRING DURING 1951-2000 FOR STATION NUMBER 6243
     JAN   FEB   MARCH APRIL MAY   JUNE  JULY  AUG   SEPT  OCT   NOV   DEC
 
  1  0.48  0.41  0.91  0.55  2.20  1.31  1.15  1.77  0.79  0.52  1.10  0.18
  2  0.51  0.49  0.61  0.99  1.22  1.38  3.86  2.43  0.82  0.76  1.01  0.31
  3  0.40  0.25  0.88  1.00  1.70  1.92  2.51  0.60  0.85  1.60  0.69  1.20
  4  0.16  0.79  0.46  1.09  1.17  0.75  1.18  0.94  2.26  1.60  1.52  0.60
  5  0.40  0.32  0.86  1.08  2.20  2.59  1.70  4.02  1.21  0.78  1.10  0.15
  6  0.15  0.11  1.70  0.80  1.58  0.98  2.40  1.54  1.67  0.81  1.65  0.56
  7  0.13  0.27  0.55  1.50  1.85  1.23  0.90  2.75  1.57  3.08  0.37  0.76
  8  0.10  0.26  0.63  1.17  0.80  1.03  1.11  1.54  2.60  2.41  0.50  0.23
  9  0.23  0.92  0.85  1.10  1.25  2.12  5.02  1.73  1.78  1.02  1.65  0.27
 10  0.75  0.67  0.87  0.31  1.26  1.00  3.45  1.00  0.64  2.40  0.83  0.45
 11  0.35  0.35  1.18  0.75  2.34  1.07  2.90  0.66  1.32  1.69  1.39  0.61
 12  0.36  0.32  1.31  1.26  0.79  1.80  1.74  1.12  2.57  1.00  0.64  0.74
 13  0.17  0.69  0.95  0.79  0.70  2.78  2.62  1.49  3.06  1.20  0.39  0.31
 14  0.45  0.66  0.55  0.71  1.28  2.29  2.94  2.66  0.97  0.13  0.38  0.72
 15  0.58  0.76  0.86  1.55  0.84  2.05  1.92  3.14  1.03  1.95  0.75  0.34
 16  0.65  0.22  0.17  0.38  2.00  4.83  0.30  1.80  0.99  1.53  0.76  1.08
 17  0.20  0.21  1.12  1.00  1.14  2.01  9.12  0.86  0.44  2.52  0.96  1.10
 18  0.62  0.91  1.36  0.67  2.92  1.85  1.65  2.55  1.62  1.73  1.10  0.38
 19  0.60  0.83  1.02  1.26  1.15  2.22  2.37  1.42  1.72  1.00  1.10  0.62
 20  0.35  1.56  0.40  1.37  1.21  1.11  1.34  1.63  1.25  0.82  0.93  0.52
 21  0.38  0.42  0.41  1.31  2.43  2.52  3.10  1.60  1.22  0.40  1.05  0.32
 22  0.79  0.66  1.54  3.20  2.01  1.72  0.88  1.23  1.00  0.98  0.27  0.57
 23  0.52  0.67  2.89  1.29  1.38  1.40  0.70  1.31  1.32  0.30  0.80  0.08
 24  0.20  0.08  1.08  0.70  0.97  3.06  1.50  1.84  0.99  0.62  0.32  0.81
 25  0.22  0.66  0.69  0.86  1.86  3.38  1.82  1.28  0.55  0.60  0.65  0.41
 26  0.24  1.13  1.63  1.25  1.70  3.10  1.50  1.20  2.01  0.90  0.28  0.20
 27  0.42  0.58  1.17  2.16  1.57  3.11  0.86  0.95  0.62  1.10  0.67  0.72
 28  0.23  1.98  1.31  2.40  1.72  1.44  0.59  1.21  3.52  0.15  0.58  0.82
 29  0.50******  1.45  1.48  2.00  2.66  2.08  0.74  0.75  1.15  0.23  0.66
 30  0.11******  0.62  1.56  1.48  1.69  1.01  4.37  1.23  3.27  1.87  0.59
 31  0.60******  0.71******  2.00******  0.99  1.21******  1.18******  0.30
 
 RECORD LARGEST AND SMALLEST DAILY RANGES (MAX-MIN)     DURING 1951-2000 FOR STATION NUMBER 6243
     JAN     FEB    MARCH   APRIL    MAY     JUNE    JULY    AUG     SEPT    OCT     NOV     DEC
 DY MX  MN  MX  MN  MX  MN  MX  MN  MX  MN  MX  MN  MX  MN  MX  MN  MX  MN  MX  MN  MX  MN  MX  MN
  1 31   3  42   4  41   6  48   8  43   8  38  11  41   7  35   9  39  10  41   6  43   4  44   5
  2 38   4  42   5  38   4  55   8  41   7  37   6  32  11  31  12  44  10  46   4  46   4  35   5
  3 46   5  38   4  40   4  46   8  40   9  42  12  38  10  36  10  41  11  40   6  43   2  39   5
  4 32   7  41   5  49   5  41   8  45   7  37   8  31  13  33  12  41   9  42   4  47   5  43   4
  5 43   4  41   3  42   4  53   6  42   8  45  10  38  10  32  10  42  12  41   4  35   5  39   4
  6 35   2  35   3  44   4  46   9  45   6  38   8  35  15  32   7  36   5  40   6  38   4  36   4
  7 33   5  45   3  46   1  52   5  46   6  38  10  33  14  35   7  41  11  48   5  38   4  44   2
  8 39   5  49   5  44   5  41   3  41  12  35   7  32  12  40  14  45  10  44   3  41   6  35   5
  9 29   7  43   2  39   7  40   5  41  10  38  11  37   8  34   5  41   8  49   7  40   4  39   4
 10 36   6  45   3  45   5  45   4  41   8  38   9  32  10  32  11  41  11  48   9  39   3  37   6
 11 39   5  47   3  42   3  44   5  40   8  34   9  36  10  38   5  46   8  48   4  42   4  45   4
 12 45   3  48   3  49   4  44   5  42   8  38   7  31  11  34  10  40   7  43  10  42   2  36   3
 13 38   3  45   4  42   4  43   7  44   9  38   8  32  10  31   8  41   4  44   7  42   4  36   2
 14 37   6  39   5  51   7  41   4  38   6  37  13  32  12  37   4  40   8  42   7  36   5  45   6
 15 42   5  39   4  45   5  49   5  43   7  38   7  33   9  38  11  42   8  46   5  42   6  37   3
 16 46   6  41   4  48   4  46   3  52   4  37  12  34  12  34  12  46   6  43   5  40   6  45   5
 17 45   7  38   2  37   3  49   5  43   7  42  11  34  11  35  11  42  10  41   7  39   4  41   3
 18 39   6  42   3  41   2  50   5  43   5  38   8  32  11  34  13  46   8  47   8  33   4  39   3
 19 41   6  40   3  41   5  45   4  40  13  35   7  39  11  35  11  45   7  45   4  48   2  29   4
 20 47   2  43   3  42   6  48   7  41  10  36  14  32   9  38  10  42   5  52   5  37   2  34   6
 21 41   5  58   4  45   5  49   5  40   6  35  14  33   6  33   9  44   6  53   3  38   3  47   4
 22 42   4  37   3  43   7  41   8  38   8  37   6  37   7  37  12  45   7  43   4  42   6  32   4
 23 38   6  34   5  43   7  43  10  41   7  41  10  34   8  40  10  45   9  44   4  36   6  42   5
 24 46   6  46   6  45   4  45  12  41   5  37  15  37  11  37   7  44   8  43   3  41   2  38   3
 25 37   6  40   3  45   7  47  11  42   4  39  14  37  12  36   5  44   6  46   5  44   4  38   5
 26 40   4  41   4  49   2  45   6  35   7  39   6  36   7  34   8  47   9  45   8  39   3  33   6
 27 38   5  37   3  50   7  43   7  40   5  37   9  34   6  38   9  46  10  43  10  37   5  34   5
 28 40   5  39   4  41   7  47   7  41   7  38   9  35  13  41   6  42   7  45   7  42   2  37   3
 29 44   4  **  **  48   5  44   6  38   5  36   8  37  13  40   6  41   4  41   3  43   6  45   6
 30 49   7  **  **  45   4  47   5  41   8  37   6  35   8  39  11  48   9  41   4  38   4  43   2
 31 42   7  **  **  51   5  **  **  36   9  **  **  37   8  41  11  **  **  43   2  **  **  36   3
 
 DAILY  MEAN  HIGHS AND LOWS OCCURRING DURING 1951-2000 FOR STATION NUMBER 6243
     JAN     FEB    MARCH   APRIL    MAY     JUNE    JULY    AUG     SEPT    OCT     NOV     DEC
 DY MX  MN  MX  MN  MX  MN  MX  MN  MX  MN  MX  MN  MX  MN  MX  MN  MX  MN  MX  MN  MX  MN  MX  MN
  1 30  12  32  11  43  20  58  33  68  42  77  53  86  62  85  62  81  59  74  46  55  35  40  22
  2 32  11  31  11  42  22  58  33  70  43  77  53  85  63  86  64  83  60  73  46  54  32  40  22
  3 29   8  31  11  40  20  56  33  70  45  80  53  86  63  85  63  83  58  71  45  52  31  40  21
  4 27   8  32  12  41  21  55  31  72  46  80  57  86  64  85  62  81  57  70  44  51  29  40  21
  5 29   8  33  13  41  21  58  32  72  47  81  57  86  63  85  62  80  56  69  45  51  30  39  20
  6 28   8  33  13  42  19  61  33  71  46  82  58  87  62  84  63  82  57  68  43  52  30  35  18
  7 26   5  33  12  41  19  62  35  71  46  83  59  87  64  85  62  82  57  68  42  52  30  35  18
  8 28   8  34  13  42  21  59  35  73  46  82  58  87  64  86  62  81  56  68  42  51  28  34  16
  9 26   7  34  13  44  21  57  33  72  47  81  57  86  62  85  61  79  57  66  40  50  29  35  15
 10 27   6  35  15  45  24  60  35  73  47  82  58  86  63  84  61  80  53  68  40  50  27  35  14
 11 28   9  33  13  46  25  61  36  73  48  82  60  87  65  83  60  80  54  69  43  49  28  34  16
 12 30  10  35  14  45  24  59  36  72  47  83  59  87  65  84  61  78  54  69  44  49  27  34  14
 13 31   9  37  15  45  25  60  35  73  47  84  59  88  64  84  62  76  53  69  43  49  29  34  14
 14 31  10  36  17  46  24  63  37  74  49  84  60  87  64  84  61  74  51  68  43  48  27  33  13
 15 29   8  35  16  46  24  64  37  75  48  83  60  86  63  84  61  75  50  67  42  50  28  33  13
 16 30   8  36  14  47  25  65  39  75  51  83  59  88  64  86  63  74  51  67  40  48  27  33  12
 17 29   9  38  16  48  27  66  39  75  52  83  60  88  65  86  63  75  51  65  40  49  27  32  13
 18 30  10  38  19  47  27  66  40  76  52  84  61  88  66  85  62  76  53  62  38  47  27  33  12
 19 30   9  37  18  48  27  66  42  76  51  85  61  88  66  84  61  76  52  63  37  46  26  32  13
 20 28   9  38  19  48  26  65  42  77  50  84  61  87  65  84  61  72  50  63  38  45  25  30  11
 21 30   9  39  17  48  24  66  40  77  52  84  60  86  63  84  61  73  48  64  38  45  24  30  11
 22 32  11  38  18  51  27  66  40  76  53  83  60  86  63  84  61  71  47  65  41  45  24  31  13
 23 31   9  39  19  50  28  68  41  75  53  84  60  86  63  84  61  70  45  62  38  43  24  31  13
 24 31  10  39  18  50  27  68  41  77  52  85  60  87  63  83  60  71  47  61  38  44  22  31  11
 25 29  11  41  20  50  28  69  43  76  52  86  62  87  64  84  61  74  47  62  37  44  23  32  12
 26 28   8  43  21  53  28  69  44  75  53  85  61  87  63  86  62  75  47  62  36  42  23  33  13
 27 28   9  41  22  57  31  68  43  75  53  86  62  86  64  85  62  74  46  62  37  39  20  33  14
 28 30   9  42  22  55  32  67  41  77  53  87  63  86  63  84  60  73  46  59  35  37  17  33  16
 29 30   9  **  **  52  31  67  43  78  55  87  64  87  62  85  62  73  47  59  35  38  20  32  13
 30 31   9  **  **  55  31  67  42  79  55  85  62  86  63  84  62  74  46  58  37  39  20  31  10
 31 33  10  **  **  57  33  **  **  77  54  **  **  86  62  82  59  **  **  58  35  **  **  30  10
  
  # OF DAYS EACH YEAR WHERE MIN >=32 F  1951-2000 FOR STATION # 6243
   51  52  53  54  55  56  57  58  59  60  61  62  63  64  65  66  67  68  69  70
  203 205 218 217 213 211 219 214 205 216 211 227 234 223 220 209 199 215 219 212
 
   71  72  73  74  75  76  77  78  79  80  81  82  83  84  85  86  87  88  89  90
  221 219 243 228 219 216 237 218 208 215 234 218 214 210 214 217 231 207 212 217
 
   91  92  93  94  95  96  97  98  99 100
  220 223 207 224 217 205 210 241 226 226
  
 MEAN=218
 
 LENGTH OF SEASON FOR STATION NUMBER 6243   BASE TEMP=32
 LAST SPRING OCCURENCE FIRST FALL OCCURENCE  LENGTH OF  SEASON
   YEAR MONTH DAY DOY         MONTH DAY DOY
   1951   4    26 116           9    28 271          155
   1952   4    15 106          10     5 279          173
   1953   4    21 111          10     4 277          166
   1954   5     9 129          10    16 289          160
   1955   4     7  97           9    11 254          157
   1956   4    30 121           9    30 274          153
   1957   4    14 104          10    18 291          187
   1958   4    29 119          10     1 274          155
   1959   5    15 135          10     9 282          147
   1960   4    30 121          10    16 290          169
   1961   5     9 129           9    28 271          142
   1962   4    17 107          10    23 296          189
   1963   5    22 142          10    29 302          160
   1964   4     9 100          10     9 283          183
   1965   4    28 118           9    24 267          149
   1966   5     9 129          10     1 274          145
   1967   5    13 133           9    27 270          137
   1968   5     5 126          10     4 278          152
   1969   4    11 101          10    14 287          186
   1970   5     2 122          10     9 282          160
   1971   5     3 123          10    10 283          160
   1972   4    25 116           9    30 274          158
   1973   5     3 123          10    29 302          179
   1974   4    23 113           9    22 265          152
   1975   4    20 110          10     1 274          164
   1976   5     7 128          10     6 280          152
   1977   4     6  96          10     9 282          186
   1978   5     3 123          10     7 280          157
   1979   5    11 131          10    13 286          155
   1980   5     8 129          10     3 277          148
   1981   5    11 131          10     2 275          144
   1982   4    22 112          10    16 289          177
   1983   5    15 135           9    21 264          129
   1984   5     8 129           9    26 270          141
   1985   4     9  99           9    26 269          170
   1986   4    22 112          10    13 286          174
   1987   4    23 113          10     3 276          163
   1988   4    28 119          10     4 278          159
   1989   5     7 127           9    23 266          139
   1990   5     1 121          10    10 283          162
   1991   4    10 100           9    19 262          162
   1992   4    27 118          10    11 285          167
   1993   4    20 110           9    15 258          148
   1994   5     1 121          10    25 298          177
   1995   5     2 122           9    22 265          143
   1996   4    30 121          10     3 277          156
   1997   5    13 133          10    13 286          153
   1998   4    17 107          10     1 274          167
   1999   4    18 108           9    21 264          156
   2000   4    21 112           9    25 269          157
             MEAN=118              MEAN=277     MEAN=159
 
 LENGTH OF SEASON FOR STATION NUMBER 6243   BASE TEMP=30
 LAST SPRING OCCURENCE FIRST FALL OCCURENCE  LENGTH OF  SEASON
   YEAR MONTH DAY DOY         MONTH DAY DOY
   1951   4    22 112           9    28 271          159
   1952   4    11 102          10     6 280          178
   1953   4    20 110          10    26 299          189
   1954   5     7 127          10    16 289          162
   1955   4     7  97           9    11 254          157
   1956   4    30 121           9    30 274          153
   1957   4    14 104          10    18 291          187
   1958   4    29 119          10     1 274          155
   1959   5    15 135          10     9 282          147
   1960   4    30 121          10    19 293          172
   1961   5     9 129          10     1 274          145
   1962   4    15 105          10    25 298          193
   1963   5    22 142          10    29 302          160
   1964   4     9 100          10     9 283          183
   1965   4    28 118           9    24 267          149
   1966   5     9 129          10     1 274          145
   1967   5     3 123           9    28 271          148
   1968   5     5 126          10     4 278          152
   1969   4     6  96          10    14 287          191
   1970   5     2 122          10    10 283          161
   1971   5     3 123          10    31 304          181
   1972   4     8  99          10    18 292          193
   1973   4    27 117          10    29 302          185
   1974   4    16 106           9    30 273          167
   1975   4    20 110          10    25 298          188
   1976   5     7 128          10     6 280          152
   1977   4     6  96          10     9 282          186
   1978   5     2 122          10     7 280          158
   1979   5     1 121          10    13 286          165
   1980   5     8 129          10     3 277          148
   1981   5    11 131          10     2 275          144
   1982   4    22 112          10    20 293          181
   1983   5    15 135           9    23 266          131
   1984   5     1 122           9    26 270          148
   1985   4     9  99           9    26 269          170
   1986   4    22 112          10    13 286          174
   1987   4     6  96          10     3 276          180
   1988   4    19 110          10     4 278          168
   1989   5     7 127           9    23 266          139
   1990   5     1 121          10    10 283          162
   1991   4    10 100           9    19 262          162
   1992   4    27 118          10    15 289          171
   1993   4     5  95          10    10 283          188
   1994   5     1 121          10    25 298          177
   1995   4    27 117           9    22 265          148
   1996   4    30 121          10    10 284          163
   1997   5    13 133          10    14 287          154
   1998   4    17 107          11     5 309          202
   1999   4    18 108           9    21 264          156
   2000   4    21 112           9    25 269          157
             MEAN=115              MEAN=281     MEAN=165
 
 LENGTH OF SEASON FOR STATION NUMBER 6243   BASE TEMP=28
 LAST SPRING OCCURENCE FIRST FALL OCCURENCE  LENGTH OF  SEASON
   YEAR MONTH DAY DOY         MONTH DAY DOY
   1951   4    19 109           9    28 271          162
   1952   4    10 101          10     6 280          179
   1953   4    20 110          10    26 299          189
   1954   4     8  98          10    16 289          191
   1955   4     7  97          10    15 288          191
   1956   4    30 121          10    23 297          176
   1957   4    14 104          10    25 298          194
   1958   4    29 119          10    26 299          180
   1959   4    13 103          10     9 282          179
   1960   4    30 121          10    19 293          172
   1961   5     2 122          10     1 274          152
   1962   4    15 105          10    25 298          193
   1963   4     4  94          10    29 302          208
   1964   4     8  99          10     9 283          184
   1965   4    28 118           9    24 267          149
   1966   5     9 129          10    16 289          160
   1967   5     3 123           9    28 271          148
   1968   4    25 116          10     4 278          162
   1969   4     6  96          10    14 287          191
   1970   4     4  94          10    15 288          194
   1971   4    29 119          10    31 304          185
   1972   4     8  99          10    18 292          193
   1973   4    12 102          10    29 302          200
   1974   4    16 106          10     1 274          168
   1975   4    20 110          10    25 298          188
   1976   5     3 124          10     6 280          156
   1977   4     6  96          11     9 313          217
   1978   4    21 111          10     7 280          169
   1979   4    28 118          10    13 286          168
   1980   5     8 129          10     3 277          148
   1981   4    14 104          10    19 292          188
   1982   4    22 112          10    21 294          182
   1983   4    18 108          10    14 287          179
   1984   4     6  97           9    26 270          173
   1985   4     9  99          10     1 274          175
   1986   4    22 112          10    13 286          174
   1987   4     5  95          10     3 276          181
   1988   4    19 110          10     5 279          169
   1989   4    15 105          10    18 291          186
   1990   4    30 120          10    10 283          163
   1991   4    10 100           9    19 262          162
   1992   4    27 118          10    17 291          173
   1993   4     5  95          10    10 283          188
   1994   5     1 121          10    25 298          177
   1995   4    27 117           9    22 265          148
   1996   4    23 114          10    30 304          190
   1997   5    13 133          10    20 293          160
   1998   4     2  92          11     6 310          218
   1999   4     4  94          10     4 277          183
   2000   4    12 103           9    25 269          166
             MEAN=108              MEAN=286     MEAN=177
 
 LENGTH OF SEASON FOR STATION NUMBER 6243   BASE TEMP=26
 LAST SPRING OCCURENCE FIRST FALL OCCURENCE  LENGTH OF  SEASON
   YEAR MONTH DAY DOY         MONTH DAY DOY
   1951   4    19 109           9    28 271          162
   1952   4    10 101          10     6 280          179
   1953   4    20 110          10    27 300          190
   1954   4     8  98          10    30 303          205
   1955   4     7  97          10    15 288          191
   1956   4    30 121          11     8 313          192
   1957   4    14 104          10    25 298          194
   1958   4    29 119          10    26 299          180
   1959   4    13 103          10     9 282          179
   1960   4    10 101          10    19 293          192
   1961   5     2 122          10    26 299          177
   1962   4    15 105          10    25 298          193
   1963   4     4  94          11     1 305          211
   1964   3    31  91          10     9 283          192
   1965   3    30  89          10    24 297          208
   1966   5     1 121          10    16 289          168
   1967   5     2 122          10    11 284          162
   1968   4     5  96          11     3 308          212
   1969   3    31  90          10    14 287          197
   1970   4     4  94          11    15 319          225
   1971   4     6  96          10    31 304          208
   1972   4     8  99          10    18 292          193
   1973   4    10 100          10    29 302          202
   1974   4     8  98          10     7 280          182
   1975   4     3  93          10    29 302          209
   1976   4     1  92          10    16 290          198
   1977   4     5  95          11    10 314          219
   1978   4    21 111          11    14 318          207
   1979   4    28 118          10    13 286          168
   1980   4    13 104          10    12 286          182
   1981   3    23  82          10    22 295          213
   1982   4    11 101          10    21 294          193
   1983   4    18 108          11    23 327          219
   1984   4     1  92           9    29 273          181
   1985   4     9  99          10    31 304          205
   1986   4    22 112          10    13 286          174
   1987   4     4  94          10    11 284          190
   1988   4    19 110          10     5 279          169
   1989   4    12 102          10    19 292          190
   1990   4    17 107          10    10 283          176
   1991   3    30  89          10     6 279          190
   1992   4    22 113          10    18 292          179
   1993   4     5  95          10    10 283          188
   1994   4     7  97          10    26 299          202
   1995   4     4  94          11     2 306          212
   1996   4    23 114          10    30 304          190
   1997   4    17 107          10    20 293          186
   1998   3    21  80          11     6 310          230
   1999   4     4  94          10    20 293          199
   2000   4     8  99          10     6 280          181
             MEAN=101              MEAN=294     MEAN=192
 
 LENGTH OF SEASON FOR STATION NUMBER 6243   BASE TEMP=24
 LAST SPRING OCCURENCE FIRST FALL OCCURENCE  LENGTH OF  SEASON
   YEAR MONTH DAY DOY         MONTH DAY DOY
   1951   3    25  84          10    31 304          220
   1952   4    10 101          10     6 280          179
   1953   4    18 108          11     5 309          201
   1954   4     8  98          10    31 304          206
   1955   3    28  87          10    24 297          210
   1956   4    24 115          11     8 313          198
   1957   4    14 104          10    25 298          194
   1958   4    29 119          11     6 310          191
   1959   4    13 103          10    17 290          187
   1960   4     9 100          10    19 293          193
   1961   4     7  97          10    26 299          202
   1962   4    15 105          10    25 298          193
   1963   4     4  94          11     2 306          212
   1964   3    31  91          10     9 283          192
   1965   3    30  89          10    24 297          208
   1966   5     1 121          10    16 289          168
   1967   5     2 122          10    28 301          179
   1968   4     5  96          11    11 316          220
   1969   3    30  89          10    17 290          201
   1970   4     4  94          11    15 319          225
   1971   4     6  96          11     6 310          214
   1972   4     4  95          10    19 293          198
   1973   4    10 100          11     5 309          209
   1974   4     8  98          10     7 280          182
   1975   4     3  93          11    13 317          224
   1976   3    16  76          10    16 290          214
   1977   3    22  81          11    11 315          234
   1978   3    26  85          11    14 318          233
   1979   4    28 118          10    13 286          168
   1980   4    13 104          10    26 300          196
   1981   3    23  82          10    22 295          213
   1982   4     9  99          10    21 294          195
   1983   4    15 105          11    23 327          222
   1984   3    30  90          11     1 306          216
   1985   4     1  91          11     2 306          215
   1986   4    14 104          10    13 286          182
   1987   4     4  94          10    11 284          190
   1988   4    19 110          10    28 302          192
   1989   4    12 102          10    19 292          190
   1990   4    17 107          10    10 283          176
   1991   3    30  89          10    19 292          203
   1992   4     2  93          10    18 292          199
   1993   4     4  94          10    31 304          210
   1994   4     7  97          10    26 299          202
   1995   4     4  94          11     2 306          212
   1996   4     9 100          10    31 305          205
   1997   4    17 107          10    27 300          193
   1998   3    21  80          11     6 310          230
   1999   3    26  85          10    20 293          208
   2000   4     8  99          10     6 280          181
             MEAN= 97              MEAN=299     MEAN=201
 
 THESE ARE THE MONTHLY AVG. MAX TEMPS 1951-2000 FOR STATION #6243
 YEAR    JAN   FEB  MARCH APRIL  MAY  JUNE  JULY AUGUST SEPT   OCT   NOV   DEC   ANN
  
 1951   29.6  37.9  37.1  54.6  75.3  76.0  85.3  84.0  71.7  63.7  42.9  29.8  57.3
 1952   30.7  41.9  41.8  62.5  73.8  89.4  87.2  82.3  80.7  66.3  50.8  34.6  61.8
 1953   32.1  37.9  48.9  57.1  73.5  88.8  88.7  87.5  82.8  74.5  55.1  41.7  64.1
 1954   31.3  51.1  43.6  67.7  70.8  85.6  92.9  84.6  81.7  62.5  57.2  39.7  64.1
 1955   34.5  31.8  46.1  74.4  81.0  80.4  94.3  94.3  82.5  70.4  43.2  31.6  63.7
 1956   28.9  35.4  49.7  61.8  76.6  91.9  86.8  88.1  82.0  75.6  49.7  41.3  64.0
 1957   26.6  42.0  49.4  62.9  72.6  82.8  92.0  86.5  74.9  62.0  45.0  44.4  61.7
 1958   33.7  29.7  44.0  63.0  79.6  81.2  82.3  86.7  80.5  72.3  54.4  36.5  62.0
 1959   28.4  34.0  48.4  64.4  73.6  86.3  86.7  88.5  74.4  59.5  40.3  42.1  60.6
 1960   26.1  25.2  29.9  63.4  73.9  79.1  86.5  85.2  77.4  67.8  53.0  37.2  58.7
 1961   33.3  39.5  45.6  58.3  71.5  83.0  87.4  85.2  72.6  67.7  45.9  28.0  59.8
 1962   26.7  31.1  37.1  63.9  80.6  80.4  84.5  84.5  73.2  66.3  51.6  36.8  59.7
 1963   21.3  35.9  52.2  67.9  73.3  86.9  87.3  83.0  77.1  74.9  54.9  27.3  61.8
 1964   38.5  40.5  45.2  63.6  78.9  81.8  90.8  80.9  75.6  67.0  51.7  30.9  62.1
 1965   31.1  32.3  32.4  64.3  78.8  81.9  86.0  84.4  66.9  70.0  50.8  44.2  60.3
 1966   23.3  37.6  53.8  57.1  74.5  82.2  89.5  81.9  73.3  68.5  48.9  34.7  60.4
 1967   31.7  37.6  56.8  66.3  70.6  79.7  85.4  84.3  75.7  63.2  48.5  37.6  61.5
 1968   30.6  34.8  61.5  67.1  70.4  86.6  86.2  84.8  75.9  66.2  45.3  29.5  61.6
 1969   23.6  33.9  36.7  66.2  75.7  80.4  87.3  87.5  78.1  59.6  51.0  31.5  59.3
 1970   22.5  42.5  42.1  66.1  80.1  86.2  89.3  88.1  77.4  60.9  45.9  36.3  61.4
 1971   26.0  33.3  45.1  65.8  71.5  88.2  83.8  85.8  78.7  68.5  48.7  34.4  60.8
 1972   27.8  32.6  51.4  63.0  73.4  84.8  84.8  82.9  74.6  60.1  42.4  27.4  58.8
 1973   31.7  35.0  51.3  62.5  73.2  85.7  86.5  87.1  73.0  69.6  47.8  30.5  61.2
 1974   27.3  41.1  53.5  66.7  72.9  83.0  94.6  81.0  74.4  68.8  48.9  35.7  62.3
 1975   30.7  29.5  40.5  56.5  77.9  81.4  90.1  87.4  73.0  72.9  50.9  35.2  60.5
 1976   36.3  48.0  50.5  68.9  74.3  86.1  90.5  89.6  80.6  60.9  46.3  36.5  64.0
 1977   22.9  44.8  55.2  71.0  80.2  86.2  90.0  81.9  76.3  63.0  46.3  31.7  62.5
 1978   18.2  23.2  45.4  60.7  73.7  85.5  87.7  86.1  81.1  64.5  45.2  28.9  58.4
 1979   15.5  24.0  43.1  59.9  74.0  84.8  86.6  83.5  79.2  65.1  45.5  42.8  58.7
 1980   32.5  30.9  46.1  66.1  75.6  84.1  90.2  86.1  81.2  63.8  54.0  37.4  62.3
 1981   38.6  42.8  56.6  71.7  72.4  85.4  85.7  81.6  79.8  62.0  51.4  32.1  63.4
 1982   19.8  33.3  46.3  60.9  72.7  78.6  86.9  81.5  72.9  67.1  44.9  38.2  58.6
 1983   31.8  37.1  44.9  52.9  69.3  80.7  89.6  93.0  80.4  62.5  45.1  15.2  58.5
 1984   30.8  41.2  39.1  57.1  70.1  82.6  87.3  88.4  75.6  63.1  49.6  37.4  60.2
 1985   30.0  34.0  55.2  68.2  76.8  81.0  86.7  81.3  71.6  63.5  36.5  27.0  59.3
 1986   42.1  32.2  55.2  65.9  74.4  85.8  88.2  80.2  75.0  64.5  43.9  34.4  61.8
 1987   38.6  48.4  53.1  69.7  78.8  87.1  88.1  79.8  75.8  62.0  52.4  37.0  64.2
 1988   29.3  35.0  55.3  65.7  81.5  89.8  87.5  89.8  79.7  61.9  48.3  39.5  63.6
 1989   41.3  27.6  47.4  69.5  77.0  81.6  88.6  85.7  75.6  67.4  48.2  26.3  61.3
 1990   42.9  40.9  52.7  64.3  70.4  85.1  84.5  84.7  82.6  67.5  53.3  29.1  63.2
 1991   25.5  42.2  54.3  66.1  76.3  84.4  86.5  86.2  78.0  64.9  35.7  37.0  61.4
 1992   41.1  44.1  53.6  60.9  75.0  80.7  78.7  77.7  76.3  64.9  39.4  34.4  60.6
 1993   26.3  25.9  40.7  58.5  71.5  78.7  81.7  82.7  71.1  62.2  43.6  34.9  56.5
 1994   23.8  29.8  54.6  66.1  77.4  83.2  82.1  82.2  80.0  66.2  49.6  33.3  60.7
 1995   29.2  40.8  47.4  58.8  68.4  80.9  88.4  88.5  75.8  63.9  43.6  33.8  60.0
 1996   27.4  39.3  44.2  63.2  68.1  82.3  81.4  81.5  73.1  67.9  37.8  25.4  57.6
 1997   26.6  34.7  54.9  56.2  69.4  84.1  84.9  81.6  78.9  67.1  42.6  35.8  59.7
 1998   31.2  43.6  41.1  63.5  79.3  79.7  86.6  84.8  85.2  66.6  51.6  41.7  62.9
 1999   28.5  44.6  51.1  62.5  73.9  80.5  88.9  82.9  76.9  70.3  61.0  40.9  63.5
 2000   36.5  47.7  57.6  67.6  80.2  83.6  84.8  88.4  83.5  69.0  38.9  21.0  63.2
 MEANS  29.9  36.8  47.8  63.7  74.7  83.5  87.2  84.9  77.1  66.0  47.6  34.2  61.1
 
 THESE ARE THE MONTHLY AVG. MIN TEMPS 1951-2000 FOR STATION #6243
 YEAR    JAN   FEB  MARCH APRIL  MAY  JUNE  JULY AUGUST SEPT   OCT   NOV   DEC   ANN
  
 1951    8.3  17.7  18.3  35.7  51.1  55.1  62.2  60.3  49.2  40.7  21.1  11.2  35.9
 1952   10.3  25.1  23.6  38.9  49.1  62.6  60.9  57.7  51.9  33.0  26.5  16.9  38.0
 1953   11.5  19.2  28.5  34.4  49.0  62.9  63.4  60.9  49.6  43.3  29.7  19.0  39.3
 1954    5.7  26.8  23.1  40.3  44.1  62.0  66.1  63.1  54.9  42.2  30.6  19.5  39.9
 1955   12.0   8.0  21.9  43.1  50.8  56.6  68.7  64.5  55.0  40.0  19.0  11.6  37.6
 1956    9.2  13.3  23.0  32.7  50.4  63.7  62.6  62.5  49.1  44.8  26.6  18.6  38.0
 1957    5.5  19.0  26.5  36.0  47.8  57.3  67.5  63.2  49.7  41.2  28.5  22.6  38.7
 1958   15.3   7.5  24.8  37.9  50.4  55.8  61.2  62.4  53.8  42.1  27.4  11.5  37.5
 1959    5.8  11.8  27.2  36.9  51.6  60.7  60.0  65.0  50.0  35.3  16.2  23.7  37.0
 1960    8.5   8.5  10.1  40.2  48.4  58.3  62.6  63.3  54.1  40.3  27.4  15.0  36.4
 1961    7.6  17.7  29.8  35.1  48.0  58.8  62.9  61.9  50.5  41.1  26.6   9.0  37.4
 1962    4.6  15.0  20.8  36.8  57.1  59.6  62.7  61.0  50.8  45.9  32.2  17.2  38.6
 1963    1.1  14.0  31.1  41.2  50.8  63.7  66.4  62.5  56.9  50.5  30.6   5.7  39.5
 1964   16.5  17.6  21.8  41.3  54.5  60.0  66.8  58.5  53.8  39.0  29.1  11.1  39.2
 1965    9.0   9.2  16.0  38.3  54.1  59.8  63.1  59.2  47.4  40.7  26.4  22.6  37.1
 1966    3.2  13.5  27.5  33.6  44.8  58.4  66.2  57.5  49.3  37.3  23.3  12.1  35.6
 1967    9.3   9.2  26.9  37.7  44.0  57.4  59.7  56.2  48.1  37.8  23.1  15.2  35.4
 1968    7.8  14.3  28.7  38.8  45.9  61.0  63.3  63.1  52.1  43.0  27.2  12.3  38.1
 1969    6.5  18.0  18.7  39.9  51.4  55.0  66.2  63.0  53.9  39.0  28.2  13.7  37.8
 1970    2.2  17.5  22.5  37.9  53.6  61.1  64.0  63.8  53.8  40.7  28.0  16.5  38.5
 1971    8.0  15.0  25.6  39.5  47.3  64.1  60.0  61.1  52.5  45.2  29.9  18.9  38.9
 1972    7.9   9.1  28.0  38.1  51.4  59.5  63.2  62.5  52.7  38.6  30.6  11.2  37.7
 1973   13.9  18.3  35.2  37.6  47.7  60.4  65.2  64.7  53.9  45.1  31.1  14.9  40.7
 1974    8.8  21.0  28.8  39.9  50.9  57.6  66.8  58.7  47.8  43.5  29.1  18.6  39.3
 1975   10.0  11.9  21.3  37.7  53.3  60.2  64.9  64.8  49.9  42.4  29.9  20.3  38.9
 1976   11.7  23.9  28.1  43.1  46.7  58.2  65.5  62.8  53.4  35.3  19.9  10.0  38.2
 1977   -0.4  18.2  33.4  45.3  58.2  61.0  66.4  60.8  55.6  41.3  27.9  14.5  40.2
 1978    0.0   3.7  22.5  41.3  49.8  60.1  63.9  61.5  57.3  40.0  26.1  10.3  36.4
 1979   -2.6   1.7  25.0  36.2  47.5  59.2  64.7  66.0  53.7  39.3  26.6  20.3  36.5
 1980   14.5  13.8  24.1  37.2  48.5  60.3  65.0  64.3  54.1  37.6  28.9  17.1  38.8
 1981   12.5  17.4  25.6  44.7  47.4  59.8  65.7  60.7  51.5  40.0  31.3  15.0  39.3
 1982   -0.2  12.4  24.9  35.2  53.3  54.6  65.3  63.1  53.7  42.1  26.6  19.5  37.5
 1983   17.2  22.9  29.4  34.6  45.2  59.8  67.6  68.4  54.2  43.0  32.1  -1.1  39.4
 1984   11.8  25.2  22.5  38.0  48.1  61.3  62.2  63.0  49.9  42.7  28.1  15.4  39.0
 1985    8.2  13.2  30.3  43.1  52.1  56.0  61.8  59.4  54.0  40.6  19.9   4.7  36.9
 1986   18.1  15.6  30.8  39.3  50.8  62.5  66.3  58.8  55.8  42.2  23.0  20.4  40.3
 1987   17.8  24.2  29.7  40.2  54.5  61.8  66.3  60.9  52.3  35.4  33.5  22.3  41.6
 1988    7.5  11.4  26.2  36.0  53.9  62.6  63.9  63.6  53.1  35.7  28.9  17.7  38.4
 1989   20.0   6.6  24.8  39.8  46.9  57.0  65.2  61.9  51.1  39.8  22.4   6.5  36.9
 1990   20.6  18.0  30.4  37.2  47.6  61.8  63.3  63.4  54.8  38.3  29.5  10.5  39.6
 1991    4.4  23.1  29.3  42.2  55.7  64.4  63.1  62.1  52.7  38.0  20.3  21.8  39.7
 1992   21.6  26.9  30.3  36.3  48.7  56.9  59.5  56.9  52.3  39.9  28.3  17.5  39.6
 1993    8.5  11.8  25.3  36.3  49.5  57.9  65.5  63.5  48.1  39.6  22.5  18.6  37.3
 1994    5.3   9.9  27.3  37.0  50.7  62.3  60.6  60.4  54.4  44.4  30.9  17.8  38.4
 1995   13.7  20.0  28.3  35.4  47.2  59.9  63.3  67.3  50.2  41.0  23.0  19.1  39.0
 1996    7.0  16.6  18.9  34.8  49.5  60.7  61.5  61.5  51.9  41.7  23.3  10.1  36.5
 1997    7.5  19.1  27.6  33.8  44.7  60.7  65.3  61.3  54.1  42.4  24.5  21.7  38.6
 1998   16.5  28.4  24.3  39.7  54.5  58.0  65.5  64.6  57.1  44.1  32.6  17.7  41.9
 1999   11.1  24.4  26.5  41.0  51.0  60.0  67.7  60.8  48.8  36.9  31.6  18.5  39.8
 2000   14.3  24.3  30.9  37.7  52.0  58.0  64.0  63.8  51.9  43.5  22.5   3.5  38.9
 MEANS   9.5  16.2  25.7  38.3  50.0  59.7  64.1  62.0  52.3  40.8  26.8  15.2  38.4
 
 THESE ARE THE MONTHLY AVG. MEAN TEMPS 1951-2000 FOR STATION #6243
 YEAR    JAN   FEB  MARCH APRIL  MAY  JUNE  JULY AUGUST SEPT   OCT   NOV   DEC   ANN
  
 1951   18.9  27.8  27.7  45.2  63.2  65.5  73.7  72.1  60.4  52.2  32.0  20.5  46.6
 1952   20.5  33.5  32.7  50.7  61.4  76.0  74.0  70.0  66.3  49.7  38.7  25.7  49.9
 1953   21.8  28.6  38.7  45.8  61.3  75.8  76.1  74.2  66.2  58.9  42.4  30.4  51.7
 1954   18.5  38.9  33.4  54.0  57.4  73.8  79.5  73.8  68.3  52.3  43.9  29.6  52.0
 1955   23.3  19.9  34.0  58.8  65.9  68.5  81.5  79.4  68.8  55.2  31.1  21.6  50.7
 1956   19.0  24.3  36.4  47.2  63.5  77.8  74.7  75.3  65.6  60.2  38.1  29.9  51.0
 1957   16.0  30.5  37.9  49.5  60.2  70.1  79.7  74.9  62.3  51.6  36.8  33.5  50.2
 1958   24.5  18.6  34.4  50.5  65.0  68.5  71.7  74.5  67.1  57.2  40.9  24.0  49.7
 1959   17.1  22.9  37.8  50.6  62.6  73.5  73.4  76.8  62.2  47.4  28.2  32.9  48.8
 1960   17.3  16.8  20.0  51.8  61.2  68.7  74.5  74.3  65.8  54.1  40.2  26.1  47.6
 1961   20.4  28.6  37.7  46.7  59.7  70.9  75.2  73.5  61.6  54.4  36.3  18.5  48.6
 1962   15.7  23.1  29.0  50.3  68.8  70.0  73.6  72.7  62.0  56.1  41.9  27.0  49.2
 1963   11.2  24.9  41.7  54.5  62.0  75.3  76.9  72.8  67.0  62.7  42.8  16.5  50.7
 1964   27.5  29.0  33.5  52.5  66.7  70.9  78.8  69.7  64.7  53.0  40.4  21.0  50.6
 1965   20.1  20.8  24.2  51.3  66.5  70.9  74.5  71.8  57.1  55.4  38.6  33.4  48.7
 1966   13.2  25.5  40.6  45.4  59.6  70.3  77.9  69.7  61.3  52.9  36.1  23.4  48.0
 1967   20.5  23.4  41.9  52.0  57.3  68.6  72.5  70.2  61.9  50.5  35.8  26.4  48.4
 1968   19.2  24.6  45.1  53.0  58.1  73.8  74.7  73.9  64.0  54.6  36.3  20.9  49.8
 1969   15.1  26.0  27.7  53.0  63.5  67.7  76.7  75.2  66.0  49.3  39.6  22.6  48.6
 1970   12.4  30.0  32.3  52.0  66.9  73.7  76.6  76.0  65.6  50.8  36.9  26.4  50.0
 1971   17.0  24.2  35.4  52.6  59.4  76.2  71.9  73.4  65.6  56.8  39.3  26.6  49.9
 1972   17.8  20.9  39.7  50.5  62.4  72.1  74.0  72.7  63.7  49.4  36.5  19.3  48.2
 1973   22.8  26.6  43.3  50.0  60.4  73.1  75.9  75.9  63.4  57.4  39.5  22.7  50.9
 1974   18.0  31.0  41.1  53.3  61.9  70.3  80.7  69.9  61.1  56.1  39.0  27.1  50.8
 1975   20.4  20.7  30.9  47.1  65.6  70.8  77.5  76.1  61.5  57.7  40.4  27.7  49.7
 1976   24.0  36.0  39.3  56.0  60.5  72.1  78.0  76.2  67.0  48.1  33.1  23.2  51.1
 1977   11.3  31.5  44.3  58.2  69.2  73.6  78.2  71.4  65.9  52.2  37.1  23.1  51.3
 1978    9.1  13.5  33.9  51.0  61.8  72.8  75.8  73.8  69.2  52.3  35.7  19.6  47.4
 1979    6.4  12.8  34.0  48.1  60.7  72.0  75.7  74.8  66.5  52.2  36.1  31.5  47.6
 1980   23.5  22.3  35.1  51.6  62.1  72.2  77.6  75.2  67.6  50.7  41.5  27.2  50.6
 1981   25.6  30.1  41.1  58.2  59.9  72.6  75.7  71.2  65.7  51.0  41.4  23.6  51.3
 1982    9.8  22.9  35.6  48.1  63.0  66.6  76.1  72.3  63.3  54.6  35.7  28.9  48.1
 1983   24.5  30.0  37.2  43.8  57.2  70.2  78.6  80.7  67.3  52.7  38.6   7.0  49.0
 1984   21.3  33.2  30.8  47.5  59.1  71.9  74.7  75.7  62.7  52.9  38.8  26.4  49.6
 1985   19.1  23.6  42.8  55.7  64.5  68.5  74.3  70.3  62.8  52.0  28.2  15.9  48.1
 1986   30.1  23.9  43.0  52.6  62.6  74.2  77.3  69.5  65.4  53.4  33.5  27.4  51.1
 1987   28.2  36.3  41.4  54.9  66.6  74.4  77.2  70.4  64.1  48.7  43.0  29.6  52.9
 1988   18.4  23.2  40.8  50.8  67.7  76.2  75.7  76.7  66.4  48.8  38.6  28.6  51.0
 1989   30.7  17.1  36.1  54.7  62.0  69.3  76.9  73.8  63.4  53.6  35.3  16.4  49.1
 1990   31.8  29.4  41.6  50.7  59.0  73.4  73.9  74.1  68.7  52.9  41.4  19.8  51.4
 1991   14.9  32.6  41.8  54.1  66.0  74.4  74.8  74.1  65.3  51.5  28.0  29.4  50.6
 1992   31.4  35.5  41.9  48.6  61.8  68.8  69.1  67.3  64.3  52.4  33.8  26.0  50.1
 1993   17.4  18.9  33.0  47.4  60.5  68.3  73.6  73.1  59.6  50.9  33.0  26.8  46.9
 1994   14.5  19.8  41.0  51.6  64.0  72.7  71.4  71.3  67.2  55.3  40.3  25.5  49.6
 1995   21.5  30.4  37.9  47.1  57.8  70.4  75.9  77.9  63.0  52.4  33.3  26.4  49.5
 1996   17.2  27.9  31.5  49.0  58.8  71.5  71.4  71.5  62.5  54.8  30.6  17.7  47.0
 1997   17.0  26.9  41.2  45.0  57.0  72.4  75.1  71.5  66.5  54.8  33.5  28.8  49.1
 1998   23.9  36.0  32.7  51.6  66.9  68.8  76.0  74.7  71.2  55.4  42.1  29.7  52.4
 1999   19.8  34.5  38.8  51.8  62.5  70.2  78.3  71.8  62.8  53.6  46.3  29.7  51.7
 2000   25.4  36.0  44.3  52.6  66.1  70.8  74.4  76.1  67.7  56.3  30.7  12.3  51.0
 MEANS  19.7  26.5  36.8  51.0  62.4  71.6  75.6  73.5  64.7  53.4  37.2  24.7  49.8
 
 THESE ARE THE MONTHLY PRECIP TOTALS AND NUMBER OF      MISSING DAYS 1951-2000 FOR STATION #6243
 YEAR    JAN   FEB  MARCH APRIL  MAY  JUNE  JULY AUGUST SEPT   OCT   NOV   DEC   ANN
  
 1951   0.43  3.71  3.61  6.06  4.41  5.70  3.58  6.46  3.19  2.90  0.69  0.95 41.69
           0     0     0     0     0     0     0     0     0     0     0     0     0
 1952   1.26  1.01  2.20  2.87  6.01  5.68  7.80  3.81  0.73  0.00  0.91  1.28 33.56
           0     0     0     0     0     0     0     0     0     0     0     0     0
 1953   1.03  1.61  2.16  3.18  2.67  4.39  1.26  2.70  1.13  0.31  1.97  1.93 24.34
           0     0     0     0     0     0     0     0     0     0     0     0     0
 1954   0.27  2.83  1.99  3.79  4.47  4.71  1.19  3.98  2.33  3.76  0.15  0.10 29.57
           0     0     0     0     0     0     0     0     0     0     0     0     0
 1955   0.66  1.30  1.35  4.22  0.61  3.33  2.99  2.94  2.58  0.40  0.12  0.47 20.97
           0     0     0     0     0     0     0     0     0     0     0     0     0
 1956   0.52  0.40  0.32  1.73  3.20  3.23  4.95  4.31  0.86  2.29  1.56  0.33 23.70
           0     0     0     0     0     0     0     0     0     0     0     0     0
 1957   0.36  0.28  1.86  1.72  4.37  6.07  2.18  3.77  4.25  3.32  3.41  0.77 32.36
           0     0     0     0     0     0     0     0     0     0     0     0     0
 1958   1.01  1.20  1.26  3.38  1.76  2.74  7.85  2.65  1.09  0.53  1.02  0.07 24.56
           0     0     0     0     0     0     0     0     0     0     0     0     0
 1959   0.34  0.81  4.18  2.60 10.90  4.16  0.90  4.60  0.96  2.46  2.67  1.33 35.91
           0     0     0     0     0     0     0     0     0     0     0     0     0
 1960   1.69  0.97  1.68  1.81  7.17  7.69  1.39  4.56  4.00  1.01  0.34  0.12 32.43
           0     0     0     0     0     0     0     0     0     0     0     0     0
 1961   0.32  0.96  3.04  2.26  4.04  2.39  1.84  4.15  4.42  3.33  1.67  0.71 29.13
           0     0     0     0     0     0     0     0     0     0     0     0     0
 1962   0.20  1.91  1.72  1.28  7.22  5.96  7.07  5.30  2.81  0.99  0.18  0.31 34.95
           0     0     0     0     0     0     0     0     0     0     0     0     0
 1963   0.60  0.37  2.60  2.98  2.22  5.82  4.96  6.07  2.32  1.44  0.30  0.28 29.96
           0     0     0     0     0     0     0     0     0     0     0     0     0
 1964   0.32  0.50  1.46  4.97  4.18  4.36  3.27  4.99  3.21  0.25  0.29  0.74 28.54
           0     0     0     0     0     0     0     0     0     0     0     0     0
 1965   0.40  1.19  2.62  3.75  4.87  3.66  4.58  1.83 10.55  0.63  0.57  0.81 35.46
           0     0     0     0     0     0     0     0     0     0     0     0     0
 1966   0.24  1.20  1.42  0.71  2.18  5.35  2.94  3.75  1.80  0.52  0.04  0.67 20.82
           0     0     0     0     0     0     0     0     0     0     0     0     0
 1967   0.46  0.05  1.35  2.20  2.81 11.52  2.85  0.82  1.22  2.18  0.07  0.57 26.10
           0     0     0     0     0     0     0     0     0     0     0     0     0
 1968   0.47  0.08  1.25  3.00  3.05  7.41  2.54  3.08  3.94  6.02  1.02  1.73 33.59
           0     0     0     0     0     0     0     0     0     0     0     0     0
 1969   1.03  2.06  0.47  1.60  2.00  3.22  3.38  2.55  1.03  2.59  0.16  1.51 21.60
           0     0     0     0     0     0     0     0     0     0     0     0     0
 1970   0.19  0.13  2.11  2.12  3.94  2.57  1.98  0.77  4.42  5.07  2.04  0.50 25.84
           0     0     0     0     0     0     0     0     0     0     0     0     0
 1971   0.56  2.54  0.43  1.20  3.15  4.30  3.24  2.00  1.96  3.74  1.39  0.71 25.22
           0     0     0     0     0     0     0     0     0     0     0     0     0
 1972   0.52  0.76  1.10  4.22  5.80  1.12  6.98  4.00  2.85  2.78  1.82  1.85 33.80
           0     0     0     0     0     0     0     0     0     0     0     0     0
 1973   1.32  1.00  3.82  1.99  3.97  4.35  5.90  1.26  5.67  2.97  1.59  0.77 34.61
           0     0     0     0     0     0     0     0     0     0     0     0     0
 1974   0.49  0.09  0.73  2.12 10.57  3.09  0.87  5.18  1.02  1.39  0.17  0.34 26.06
           0     0     0     0     0     0     0     0     0     0     0     0     0
 1975   2.65  0.62  1.51  6.40  2.72  6.41  1.50  4.00  2.29  0.13  2.80  0.79 31.82
           0     0     0     0     0     0     0     0     0     0     0     0     0
 1976   0.06  0.59  2.52  1.75  3.94  0.54  0.74  0.50  1.24  0.69  0.00  0.35 12.92
           0     0     0     0     0     0     0     0     0     0     0     0     0
 1977   0.17  0.09  3.61  2.77  2.84  3.73  4.66  4.86  2.56  3.69  2.09  1.48 32.55
           0     0     0     0     0     0     0     0     0     0     0     0     0
 1978   0.22  1.21  0.62  3.47  3.98  1.54  2.62  4.31  5.30  0.88  1.08  1.04 26.27
           0     0     0     0     0     0     0     0     0     0     0     0     0
 1979   1.20  0.28  4.81  1.88  2.09  0.00  0.00  0.00  0.00  6.96  2.65  0.12 19.99
           0     0     0     0     0    30    31    31    30     0     0     0   122
 1980   1.13  0.33  1.31  1.12  2.24  3.51  1.66  5.44  0.78  2.17  0.16  0.15 20.00
           0     0     0     0     0     0     0     0     0     0     0     0     0
 1981   0.07  0.25  1.59  1.29  2.89  4.32  4.14  2.81  1.22  1.61  1.28  0.57 22.04
           0     0     0     0     0     0     0     0     0     0     0     0     0
 1982   1.07  0.37  1.96  2.76  7.57  3.53  6.94  3.04  5.69  2.29  2.46  2.87 40.55
           0     0     0     0     0     0     0     0     0     0     0     0     0
 1983   1.03  1.01  4.71  2.91  4.73  8.11  2.38  0.70  3.45  1.94  3.99  0.65 35.61
           0     0     0     0     0     0     0     0     0     0     0     0     0
 1984   0.14  1.06  2.15  6.29  6.11 10.44  3.95  1.11  0.74  7.54  1.92  2.81 44.26
           0     0     0     0     0     0     0     0     0     0     0     0     0
 1985   0.34  0.43  2.06  4.54  3.39  0.84  0.84  3.60  5.04  1.51  1.18  0.63 24.40
           0     0     0     0     0     0     0     0     0     0     0     0     0
 1986   0.00  0.88  3.83  7.14  4.04  4.99  2.53  2.90  4.36  3.38  1.05  0.54 35.64
           0     0     0     0     0     0     0     0     0     0     0     0     0
 1987   0.05  0.50  6.69  1.37  6.61  3.94  8.74  5.76  1.14  0.72  1.03  0.74 37.29
           0     0     0     0     0     0     0     0     0     0     0     0     0
 1988   0.49  0.40  0.04  2.20  2.65  1.10  4.63  2.06  5.67  0.10  2.00  0.65 21.99
           0     0     0     0     0     0     0     0     0     0     0     0     0
 1989   1.21  0.35  0.57  0.93  1.74  3.15  3.39  2.29  5.43  0.93  0.25  0.59 20.83
           0     1     0     0     0     0     0     0     0     0     0     0     1
 1990   0.41  0.45  2.66  0.93  5.25  7.55  5.70  3.32  1.01  2.30  1.25  0.88 31.71
           0     0     0     0     0     0     0     0     0     0     0     0     0
 1991   0.84  0.45  3.75  3.67  5.16  4.25  1.03  2.51  1.94  1.34  4.09  1.10 30.13
           0     0     0     0     0     0     0     0     0     0     0     0     0
 1992   1.21  1.16  3.56  1.77  3.92  3.01  7.07  2.82  4.00  5.77  2.08  0.86 37.23
           0     0     0     0     0     0     0     0     0     0     0     0     0
 1993   0.78  1.33  1.51  4.32  4.16  6.82  9.93  8.50  3.62  1.52  1.05  1.01 44.55
           0     0     0     0     0     0     0     0     0     0     0     0     0
 1994   0.73  0.49  0.07  1.85  2.12  6.47  5.62  2.81  4.75  1.71  1.98  1.15 29.75
           0     0     0     0     0     0     0     0     0     0     0     0     0
 1995   0.48  0.36  2.10  4.02  7.12  2.41  1.89  3.01  4.93  2.32  0.98  0.25 29.87
           0     0     0     0     0     0     0     0     0     0     0     0     0
 1996   1.33  0.05  0.90  1.59  6.17  4.18 10.88  4.76  2.35  0.65  2.61  0.71 36.18
           0     0     0     0     0     0     0     0     0     0     0     0     0
 1997   0.58  0.86  0.75  4.34  2.86  3.67  1.39  1.60  3.70  2.61  0.60  0.42 23.38
           0     0     0     0     0     0     0     0     0     0     0     0     0
 1998   0.96  0.54  3.15  6.00  3.97  8.29  3.93  5.75  1.25  3.90  1.38  0.22 39.34
           0     0     0     0     0     0     0     0     0     0     0     0     0
 1999   0.90  1.33  1.04  7.70  2.84  5.21  3.18  6.20  0.54  0.07  0.90  0.94 30.85
           0     0     0     0     0     0     0     0     0     0     0     0     0
 2000   0.44  0.87  1.19  2.94  1.72  6.28  2.36  0.45  0.91  2.49  3.26  1.07 23.98
           0     0     0     0     0     0     0     0     0     0     0     0     0
 
 MEANS  0.66  0.86  2.07  3.03  4.17  4.54  3.76  3.41  2.85  2.20  1.37  0.83 29.76
 PRECIPITATION MEANS AND TOTALS ARE BASED ON DATA      AVAILABLE
 NO ATTEMPT WAS MADE TO ESTIMATE MISSING         PRECIPITATION DATA
 *****************************************************************************************
 *****************************************************************************************
 
 THESE ARE THE MONTHLY HEATING DEGREE DAYS 1951-2000 FOR STATION #6243
 YEAR    JAN    FEB   MARCH  APRIL   MAY    JUNE   JULY  AUGUST  SEPT   OCT   NOV   DEC
 
 1951  1428.5 1042.0 1156.0  605.5  106.5   68.5    9.0    6.5  167.5  419.5  989.5 1379.0
 1952  1378.5  914.0 1001.0  441.0  159.0    0.0    3.5    5.0   78.0  475.5  790.5 1217.0
 1953  1338.5 1020.0  815.5  581.0  183.0    6.0    0.0    0.0   71.5  233.5  678.0 1074.0
 1954  1441.5  729.5  980.0  351.5  271.0   32.5    0.0    0.0   43.5  401.0  633.5 1098.0
 1955  1293.5 1262.5  960.5  211.0   56.5   47.5    0.0    0.0   81.0  315.0 1017.0 1345.0
 1956  1424.5 1179.0  887.5  538.0  149.0    9.0    0.0   10.0   93.0  179.5  806.0 1087.0
 1957  1518.0  966.0  839.0  477.0  186.5   11.0    0.0    0.0  118.0  416.5  847.5  977.5
 1958  1255.0 1300.0  948.0  441.0   82.0   30.5    3.0   12.0   64.0  286.0  722.5 1270.0
 1959  1485.0 1179.5  844.0  433.5  147.5   14.5    6.5    0.0  170.5  546.5 1102.5  994.0
 1960  1479.5 1396.5 1394.0  423.0  143.5   12.0    0.0    0.0  104.5  353.5  743.5 1207.0
 1961  1381.5 1020.0  846.0  558.5  203.5   16.0    0.0    2.5  180.0  332.0  861.5 1441.5
 1962  1529.5 1174.0 1117.0  459.5   30.0   23.0    4.5    0.5  142.5  316.5  694.0 1177.5
 1963  1667.0 1121.5  723.0  328.0  146.5    1.5    0.0    8.5   45.0  131.5  667.0 1504.5
 1964  1162.0 1043.5  977.0  384.0   76.5   28.0    0.0   36.0  114.0  379.0  738.0 1363.5
 1965  1392.5 1238.5 1264.0  420.0   71.5    1.5    0.0   16.0  255.5  311.0  792.5  979.5
 1966  1605.5 1105.5  756.0  592.0  220.5   27.0    0.0   25.0  155.0  385.0  867.5 1289.5
 1967  1380.0 1163.5  722.0  396.5  322.5   25.0   16.5   27.5  122.5  467.5  876.0 1196.0
 1968  1420.0 1172.5  622.0  371.5  244.0   15.5    8.5    8.0   92.0  345.5  862.0 1367.0
 1969  1547.0 1093.0 1156.0  359.5  143.5   61.5    0.0    0.0   52.0  515.0  761.0 1314.0
 1970  1632.0  980.5 1013.5  420.0   93.5   15.0    1.0    0.0  126.0  457.5  842.5 1196.0
 1971  1487.5 1143.5  918.5  380.5  192.0    3.0   18.5    3.0  114.0  282.5  771.0 1189.5
 1972  1462.0 1279.5  784.0  436.5  169.5   15.5    9.5    8.5  131.5  485.0  856.0 1417.5
 1973  1308.5 1074.0  673.5  448.5  178.0    3.0    0.0    0.0  101.0  252.0  766.5 1311.0
 1974  1456.0  951.5  739.5  367.0  143.0   31.0    0.0   14.0  165.5  282.5  779.0 1173.5
 1975  1383.0 1240.5 1058.5  539.5   87.0   17.5    1.5    0.0  168.5  264.0  738.0 1155.0
 1976  1272.0  842.0  797.5  287.0  177.0    3.0    0.0    0.0   72.5  537.0  958.0 1295.0
 1977  1666.0  937.5  641.0  247.5    9.5    0.0    0.0    3.5   46.5  398.0  837.0 1300.0
 1978  1733.5 1442.5  969.0  421.0  164.5   23.5    0.0    3.0   52.5  394.5  880.5 1408.0
 1979  1815.5 1461.0  959.5  511.0  193.0   12.0    0.0   10.0   57.5  398.5  868.0 1037.5
 1980  1286.0 1237.5  926.5  422.0  160.0    9.5    0.0    0.0   56.0  450.0  706.0 1170.5
 1981  1222.5  977.0  740.5  234.5  191.0    0.0    5.5    8.0   73.5  434.0  709.0 1284.0
 1982  1710.0 1180.0  911.5  510.5   96.0   52.5    0.0   11.0  133.0  327.0  878.5 1120.0
 1983  1256.5  979.0  863.0  637.5  261.0   28.0    0.0    0.0  105.5  391.0  791.5 1797.5
 1984  1355.0  922.0 1059.5  531.0  205.5    5.0    0.0    4.0  170.0  378.5  785.0 1196.5
 1985  1424.0 1159.5  689.0  322.5   82.5   44.0    0.0    9.0  201.5  402.5 1103.5 1522.5
 1986  1081.5 1150.0  691.5  376.5  116.0    0.5    0.0   21.5   61.5  361.0  946.0 1166.5
 1987  1140.5  803.5  732.5  340.0   71.5    4.5    1.5   41.5   83.5  506.5  661.5 1096.5
 1988  1444.5 1212.0  751.5  430.0   31.5    3.5    0.0    6.0   58.0  503.0  791.5 1129.0
 1989  1064.5 1341.0  899.0  378.5  158.5   36.0    0.0    4.0  141.0  370.5  891.0 1506.0
 1990  1030.0  995.5  726.5  463.5  203.0   15.5    3.0    2.0   70.0  385.0  709.5 1402.5
 1991  1552.0  906.0  722.5  347.0  134.5    1.0    0.0    0.0  132.0  427.5 1109.0 1103.5
 1992  1042.0  855.0  715.0  498.5  157.0   14.5   13.5   38.0  100.5  398.5  934.5 1210.5
 1993  1475.0 1292.0  992.5  527.5  171.0   50.5    0.0    9.0  179.5  455.5  958.5 1185.0
 1994  1565.0 1265.0  745.5  427.5  134.5    6.5    2.5   10.0   74.0  307.0  742.0 1223.0
 1995  1349.5  969.5  841.0  537.0  225.0   30.5    2.0    1.5  149.5  401.0  951.0 1196.0
 1996  1482.0 1075.5 1037.0  488.0  245.0   25.0    4.0    1.0  146.0  327.0 1032.5 1465.0
 1997  1487.0 1067.5  737.0  600.0  261.5    0.5    7.0   17.0   77.5  394.5  944.0 1123.5
 1998  1275.5  812.0 1001.5  406.0   55.5   64.5    0.0    0.0   26.0  305.0  686.0 1095.0
 1999  1401.0  854.5  812.5  398.0  120.5   38.5    0.0    1.5  136.0  366.0  561.0 1094.5
 2000  1227.5  841.5  643.0  374.0   66.5   21.5    7.0    0.0  106.5  285.5 1029.0 1635.0
 *****************************************************************************************
 MEANS 1435.4 1112.2  896.3  444.5  154.4   20.9    2.7    8.1  112.6  384.0  851.7 1277.1
 
 THESE ARE THE MONTHLY COOLING DEGREE DAYS 1951-2000 FOR STATION #6243
 YEAR    JAN   FEB  MARCH APRIL  MAY  JUNE  JULY AUGUST SEPT   OCT   NOV   DEC   ANN
 
 1951    0.0   0.0   0.0  10.0  49.5  84.5 280.0 227.5  30.0  22.0   0.0   0.0
 1952    0.0   0.0   0.0  12.0  48.5 329.5 284.0 159.5 116.5   0.0   0.0   0.0
 1953    0.0   0.0   0.0   4.5  67.0 330.5 343.0 284.5 107.5  45.5   0.0   0.0
 1954    0.0   0.0   0.0  22.0  36.5 296.5 450.0 274.0 143.0   8.5   0.0   0.0
 1955    0.0   0.0   0.0  23.5  85.0 153.0 511.0 446.5 193.5  12.0   0.0   0.0
 1956    0.0   0.0   0.0   4.5 102.0 393.0 301.0 328.5 110.5  32.0   0.0   0.0
 1957    0.0   0.0   0.0  10.5  38.0 163.5 456.5 305.5  36.0   0.5   0.0   0.0
 1958    0.0   0.0   0.0   5.0  82.0 134.5 211.5 307.5 127.5  44.0   0.0   0.0
 1959    0.0   0.0   0.0   2.5  73.5 270.5 265.5 365.5  87.0   0.0   0.0   0.0
 1960    0.0   0.0   0.0  26.0  24.5 123.5 295.5 287.0 127.0  14.5   0.0   0.0
 1961    0.0   0.0   0.0   9.0  40.5 193.5 315.5 267.0  77.0   3.0   0.0   0.0
 1962    0.0   0.0   0.0  20.0 149.0 173.5 271.0 239.5  51.5  40.5   0.0   0.0
 1963    0.0   0.0   0.0  14.0  54.0 311.0 368.0 249.5 104.5  60.0   0.0   0.0
 1964    0.0   0.0   0.0   7.5 128.5 205.0 428.5 181.5 105.5   7.5   0.0   0.0
 1965    0.0   0.0   0.0   8.0 116.5 177.5 295.0 226.0  19.5  12.5   0.0   0.0
 1966    0.0   0.0   0.0   3.0  54.5 186.5 399.5 171.0  44.0  10.0   0.0   0.0
 1967    0.0   0.0   4.5   6.5  83.5 131.5 250.5 189.5  30.5  17.5   0.0   0.0
 1968    0.0   0.0   4.0  10.5  31.5 278.5 310.5 284.5  62.0  23.5   0.0   0.0
 1969    0.0   0.0   0.0   1.0  98.5 142.5 364.0 317.5  83.0  29.5   0.0   0.0
 1970    0.0   0.0   0.0  30.5 151.0 274.5 361.0 339.5 143.0  17.0   0.0   0.0
 1971    0.0   0.0   0.0   9.5  19.5 338.0 233.0 264.5 132.0  28.5   0.0   0.0
 1972    0.0   0.0   0.0   2.0  89.0 229.5 288.5 247.5  91.0   0.0   0.0   0.0
 1973    0.0   0.0   0.0   0.0  36.5 244.5 337.5 337.5  54.0  15.5   0.0   0.0
 1974    0.0   0.0   0.0  15.5  47.5 189.0 487.5 164.5  48.5   8.0   0.0   0.0
 1975    0.0   0.0   0.0   2.5 105.5 191.5 390.0 343.0  62.5  36.5   0.0   0.0
 1976    0.0   0.0   0.0  17.5  38.0 217.0 401.5 347.0 132.5  13.5   0.0   0.0
 1977    0.0   0.0   0.0  42.0 140.5 258.5 409.0 201.5  75.0   0.0   0.0   0.0
 1978    0.0   0.0   5.5   0.0  64.5 257.5 334.5 276.0 179.0   0.0   0.0   0.0
 1979    0.0   0.0   0.0   3.0  60.5 221.0 331.0 313.0 102.0   1.0   0.0   0.0
 1980    0.0   0.0   0.0  21.0  69.5 224.5 391.0 316.5 135.0   7.5   0.0   0.0
 1981    0.0   0.0   0.0  30.5  33.0 228.0 337.5 199.0  93.0   0.0   0.0   0.0
 1982    0.0   0.0   0.0   2.5  33.5  99.5 344.0 237.0  82.5   5.5   0.0   0.0
 1983    0.0   0.0   0.0   0.0  20.5 185.0 423.0 486.5 174.0  10.5   0.0   0.0
 1984    0.0   0.0   0.0   7.5  22.0 213.5 302.0 335.0 102.0   3.5   0.0   0.0
 1985    0.0   0.0   0.0  43.0  65.5 148.5 287.5 174.5 135.5   0.5   0.0   0.0
 1986    0.0   0.0   9.0   4.0  41.0 276.0 380.0 161.5  73.5   0.0   0.0   0.0
 1987    0.0   0.0   0.0  37.5 122.5 288.0 379.5 208.0  55.5   1.0   0.0   0.0
 1988    0.0   0.0   0.0   5.5 115.0 339.5 332.0 368.5  99.5   1.0   0.0   0.0
 1989    0.0   0.0   3.0  68.0  64.5 164.5 369.0 276.5  92.0  17.0   0.0   0.0
 1990    0.0   0.0   0.0  35.5  17.0 269.0 278.5 283.0 181.0  10.5   0.5   0.0
 1991    0.0   0.0   3.5  20.5 165.5 283.0 302.5 283.5 141.5   7.5   0.0   0.0
 1992    0.0   0.0   0.0   7.0  59.0 128.0 139.5 110.0  78.5   8.5   0.0   0.0
 1993    0.0   0.0   0.0   0.0  30.5 149.5 266.5 259.5  18.0  18.0   0.0   0.0
 1994    0.0   0.0   0.0  24.5 105.0 238.5 199.5 205.0 140.5   7.0   0.0   0.0
 1995    0.0   0.0   0.0   0.0   1.5 192.5 338.5 402.0  90.0  11.5   0.0   0.0
 1996    0.0   0.0   0.0   7.5  53.5 220.5 203.0 203.0  71.5  11.0   0.0   0.0
 1997    0.0   0.0   0.0   0.0  14.5 222.5 319.5 218.0 122.5  77.0   0.0   0.0
 1998    0.0   0.0   0.0   4.0 114.5 180.0 341.5 300.5 211.0   6.0   0.0   0.0
 1999    0.0   0.0   0.0   1.5  41.5 195.5 413.0 213.5  71.5  12.0   0.0   0.0
 2000    0.0   0.0   0.0   2.5 100.5 195.5 299.0 343.5 187.5  15.0   0.0   0.0
 *****************************************************************************************
 MEANS   0.0   0.0   0.6  13.0  68.9 221.7 337.1 274.2 101.9  14.8   0.0   0.0
 
 THESE ARE THE HEAT STRESS VARIABLES 1951-2000 FOR STATION #6243
             # OF DAYS MAXT >86                           HEAT INDEX
 YEAR   MAY  JUNE  JULY   AUG  SEPT  TOTAL     MAY    JUNE   JULY   AUG    SEPT  TOTAL
 1951   1.0   3.0  18.0  10.0   1.0   33.0      1.0    8.0   86.0   42.0    2.0  139.0
 1952   3.0  21.0  18.0   6.0   9.0   57.0     11.0  143.0   92.0   19.0   29.0  294.0
 1953   4.0  18.0  22.0  16.0   9.0   69.0     14.0  131.0  125.0   96.0   51.0  417.0
 1954   2.0  18.0  27.0  14.0   9.0   70.0      8.0   90.0  226.0   48.0   50.0  422.0
 1955   7.0   7.0  29.0  29.0   9.0   81.0     26.0   31.0  259.0  265.0   92.0  673.0
 1956   6.0  22.0  17.0  18.0  12.0   75.0     26.0  208.0   72.0  120.0   60.0  486.0
 1957   2.0   9.0  27.0  16.0   2.0   56.0      2.0   38.0  192.0   92.0    6.0  330.0
 1958   7.0   5.0   6.0  18.0   7.0   43.0     18.0   47.0   12.0  101.0   18.0  196.0
 1959   3.0  16.0  17.0  22.0   5.0   63.0     10.0   91.0   70.0  115.0   20.0  306.0
 1960   0.0   3.0  14.0  14.0   8.0   39.0      0.0   12.0   71.0   53.0   42.0  178.0
 1961   1.0   9.0  17.0  14.0   4.0   45.0      1.0   53.0   90.0   48.0   10.0  202.0
 1962   8.0   5.0  12.0  12.0   1.0   38.0     27.0   11.0   52.0   37.0    3.0  130.0
 1963   3.0  19.0  17.0   9.0   1.0   49.0     10.0   82.0   71.0   34.0    2.0  199.0
 1964   8.0   8.0  23.0   6.0   5.0   50.0     30.0   26.0  168.0   50.0   18.0  292.0
 1965   6.0   6.0  13.0  13.0   0.0   38.0     11.0   19.0   67.0   68.0    0.0  165.0
 1966   7.0  10.0  24.0  11.0   0.0   52.0     28.0   38.0  146.0   37.0    0.0  249.0
 1967   6.0   2.0  14.0  11.0   1.0   34.0     56.0    8.0   68.0   25.0    2.0  159.0
 1968   2.0  19.0  14.0  12.0   0.0   47.0      9.0  104.0   65.0   83.0    0.0  261.0
 1969   4.0   7.0  15.0  17.0   1.0   44.0     19.0   34.0   94.0   82.0    6.0  235.0
 1970  10.0  16.0  23.0  18.0   9.0   76.0     44.0  105.0  136.0  119.0   54.0  458.0
 1971   0.0  20.0   8.0  15.0   6.0   49.0      0.0  113.0   38.0   58.0   30.0  239.0
 1972   6.0  11.0  13.0  13.0   5.0   48.0     13.0   75.0   54.0   85.0   14.0  241.0
 1973   3.0  13.0  20.0  18.0   1.0   55.0      9.0   71.0   88.0   75.0    1.0  244.0
 1974   1.0  10.0  29.0   6.0   1.0   47.0      1.0   73.0  271.0   20.0    3.0  368.0
 1975   5.0   6.0  24.0  18.0   4.0   57.0     24.0   23.0  155.0   80.0   19.0  301.0
 1976   3.0  14.0  23.0  21.0  11.0   72.0      6.0   62.0  158.0  147.0   47.0  420.0
 1977   6.0  12.0  20.0   6.0   2.0   46.0      8.0   85.0  147.0   14.0    2.0  256.0
 1978   3.0  16.0  17.0  14.0  10.0   60.0     10.0   96.0  123.0   72.0   48.0  349.0
 1979   4.0  14.0  17.0  15.0   3.0   53.0     14.0   57.0   73.0   65.0   10.0  219.0
 1980   3.0  12.0  21.0  14.0   7.0   57.0      8.0   60.0  158.0   72.0   39.0  337.0
 1981   0.0  13.0  15.0   6.0   7.0   41.0      0.0   71.0   92.0   12.0   23.0  198.0
 1982   0.0   4.0  16.0   7.0   1.0   28.0      0.0   12.0   72.0   35.0    1.0  120.0
 1983   2.0   7.0  25.0  27.0  10.0   71.0      6.0   33.0  134.0  222.0   65.0  460.0
 1984   0.0   5.0  16.0  22.0   5.0   48.0      0.0   17.0   84.0  111.0   31.0  243.0
 1985   2.0   9.0  19.0   6.0   7.0   43.0      3.0   42.0   76.0   16.0   35.0  172.0
 1986   0.0  14.0  19.0   3.0   0.0   36.0      0.0   69.0  104.0   11.0    0.0  184.0
 1987   9.0  18.0  21.0   5.0   2.0   55.0     30.0  102.0  110.0   27.0    4.0  273.0
 1988   8.0  19.0  18.0  19.0   4.0   68.0     22.0  159.0  102.0  162.0   23.0  468.0
 1989   4.0   8.0  19.0  15.0   2.0   48.0     27.0   35.0  128.0   47.0    3.0  240.0
 1990   1.0  11.0  10.0  12.0  15.0   49.0      3.0   69.0   78.0   64.0   75.0  289.0
 1991   6.0  12.0  16.0  16.0   7.0   57.0     23.0   70.0   90.0   79.0   20.0  282.0
 1992   1.0   4.0   2.0   3.0   0.0   10.0      3.0    6.0    4.0    7.0    0.0   20.0
 1993   2.0   6.0   3.0  11.0   2.0   24.0      5.0   14.0   10.0   32.0    4.0   65.0
 1994   5.0   7.0   6.0   9.0   7.0   34.0     18.0   26.0   13.0   31.0   25.0  113.0
 1995   0.0  11.0  19.0  22.0   4.0   56.0      0.0   40.0  131.0  122.0    7.0  300.0
 1996   3.0  11.0   4.0   3.0   0.0   21.0     16.0   40.0   15.0    8.0    0.0   79.0
 1997   2.0   8.0  14.0   9.0   5.0   38.0      5.0   39.0   62.0   25.0   13.0  144.0
 1998   5.0   9.0  16.0  12.0  14.0   56.0     20.0   35.0   70.0   42.0   66.0  233.0
 1999   1.0   9.0  23.0   8.0   4.0   45.0      2.0   35.0  125.0   15.0    6.0  183.0
 2000   6.0  10.0  12.0  21.0  15.0   64.0     15.0   59.0   32.0  112.0  111.0  329.0
 *****************************************************************************************
 MEANS  3.6  11.0  17.2  13.4   5.1   50.4     12.9   59.7  100.0   68.5   24.0  265.1
