 
 THIS IS FOR STATION NUMBER 7678 1951-> 2000
                                 # OF PRECIPITATION EVENTS - % IN PARENS
 CL                   MAX   MEAN  0.01-  0.26-  0.51-  1.01-          # OF DAYS
 WK    TIME PERIOD    VAL   RAIN    0.25   0.51   1.00   2.00  >2.01 MISSING TOTAL
  1 3/1-->3/7        1.76   0.47  52(64) 15(18)  9(11)  5( 6)  0( 0)    6       81
  2 3/8-->3/14       2.22   0.53  59(65) 16(17) 11(12)  2( 2)  2( 2)    2       90
  3 3/15-->3/21      2.25   0.42  52(65) 15(18) 10(12)  1( 1)  1( 1)    1       79
  4 3/22-->3/28      0.98   0.44  57(65) 15(17) 15(17)  0( 0)  0( 0)    4       87
  5 3/29-->4/4       1.75   0.66  70(63) 20(18) 11(10)  9( 8)  0( 0)    4      110
  6 4/5-->4/11       1.61   0.58  56(57) 21(21) 16(16)  4( 4)  0( 0)    7       97
  7 4/12-->4/18      4.51   0.89  70(58) 19(15) 19(15)  9( 7)  2( 1)    7      119
  8 4/19-->4/25      4.58   1.08  67(52) 30(23) 19(14)  8( 6)  4( 3)    7      128
  9 4/26-->5/2       2.97   0.84  60(54) 21(19) 18(16) 10( 9)  1( 0)    5      110
 10 5/3-->5/9        3.08   0.89  75(59) 19(15) 23(18)  8( 6)  1( 0)    1      126
 11 5/10-->5/16      3.61   0.87  69(57) 23(19) 15(12) 10( 8)  2( 1)    0      119
 12 5/17-->5/23      1.56   0.83  68(52) 32(24) 22(17)  7( 5)  0( 0)    0      129
 13 5/24-->5/30      2.46   1.23  63(46) 29(21) 24(17) 17(12)  3( 2)    0      136
 14 5/31-->6/6       1.92   0.68  79(67) 17(14) 15(12)  6( 5)  0( 0)    1      117
 15 6/7-->6/13       2.20   1.09  83(59) 22(15) 20(14) 12( 8)  3( 2)    0      140
 16 6/14-->6/20      3.24   1.08  64(58) 14(12) 12(10) 14(12)  6( 5)    0      110
 17 6/21-->6/27      2.67   0.93  61(52) 27(23) 18(15)  6( 5)  4( 3)    0      116
 18 6/28-->7/4       3.16   1.06  49(48) 19(18) 20(19)  6( 5)  7( 6)    1      101
 19 7/5-->7/11       2.72   1.07  60(53) 16(14) 19(16) 15(13)  3( 2)    1      113
 20 7/12-->7/18      2.78   1.02  54(52) 13(12) 22(21) 11(10)  3( 2)    0      103
 21 7/19-->7/25      2.08   0.79  61(59) 16(15) 10( 9) 15(14)  1( 0)    0      103
 22 7/26-->8/1       3.85   0.85  32(39) 23(28) 11(13) 14(17)  2( 2)    0       82
 23 8/2-->8/8        2.56   1.06  58(53) 19(17) 15(13) 12(11)  5( 4)    0      109
 24 8/9-->8/15       2.29   0.76  55(59) 11(11) 14(15)  9( 9)  3( 3)    2       92
 25 8/16-->8/22      2.24   0.80  42(46) 19(20) 18(19) 11(12)  1( 1)    1       91
 26 8/23-->8/29      3.65   1.09  43(46) 16(17) 18(19)  7( 7)  9( 9)    0       93
 27 8/30-->9/5       4.75   0.85  40(48) 16(19) 15(18)  9(10)  3( 3)    1       83
 28 9/6-->9/12       3.52   0.73  47(50) 24(25) 16(17)  3( 3)  3( 3)    2       93
 29 9/13-->9/19      2.12   1.03  53(49) 23(21) 15(13) 13(12)  4( 3)    1      108
 30 9/20-->9/26      2.60   0.98  47(44) 25(23) 18(17) 12(11)  3( 2)    0      105
 31 9/27-->10/3      3.13   0.57  34(45) 21(28) 13(17)  5( 6)  1( 1)    0       74
 32 10/4-->10/10     2.42   0.72  47(51) 21(23) 13(14)  9( 9)  1( 1)    0       91
 33 10/11-->10/17    1.96   0.56  44(53) 16(19) 19(23)  3( 3)  0( 0)    0       82
 34 10/18-->10/24    2.32   0.73  44(49) 17(19) 22(24)  3( 3)  3( 3)    0       89
 35 10/25-->10/31    1.78   0.54  53(60) 17(19) 14(15)  4( 4)  0( 0)    0       88
 36 11/1-->11/7      2.05   0.70  53(58) 15(16) 12(13)  8( 8)  3( 3)    1       91
 37 11/8-->11/14     1.38   0.42  43(58) 18(24)  8(10)  4( 5)  0( 0)    0       73
 38 11/15-->11/21    3.43   0.66  33(45) 20(27)  9(12)  8(11)  2( 2)    0       72
 39 11/22-->11/28    1.23   0.40  51(65) 13(16) 11(14)  3( 3)  0( 0)    3       78
 40 11/29-->12/5     1.26   0.30  43(67) 12(18)  7(10)  2( 3)  0( 0)    6       64
 41 12/6-->12/12     1.13   0.33  56(71) 14(17)  5( 6)  3( 3)  0( 0)    9       78
 42 12/13-->12/19    2.07   0.23  54(80)  8(11)  4( 5)  0( 0)  1( 1)    9       67
 43 12/20-->12/26    1.54   0.25  52(75) 14(20)  2( 2)  1( 1)  0( 0)   12       69
 44 12/27-->1/2      1.44   0.26  41(66) 18(29)  2( 3)  1( 1)  0( 0)   14       62
 45 1/3-->1/9        1.68   0.22  42(75)  8(14)  4( 7)  2( 3)  0( 0)    3       56
 46 1/10-->1/16      1.20   0.19  50(83)  7(11)  1( 1)  2( 3)  0( 0)    7       60
 47 1/17-->1/23      1.13   0.28  52(74) 12(17)  5( 7)  1( 1)  0( 0)    4       70
 48 1/24-->1/30      0.63   0.18  56(84)  7(10)  3( 4)  0( 0)  0( 0)    3       66
 49 1/31-->2/6       0.53   0.12  41(83)  6(12)  2( 4)  0( 0)  0( 0)    5       49
 50 2/7-->2/13       0.84   0.18  43(81)  4( 7)  6(11)  0( 0)  0( 0)    2       53
 51 2/14-->2/20      0.91   0.27  42(65) 17(26)  5( 7)  0( 0)  0( 0)    6       64
 52 2/21-->2/27      1.51   0.29  51(69) 16(21)  5( 6)  1( 1)  0( 0)    3       73
 53 2/28-->2/29      1.11   0.04   5(71)  1(14)  0( 0)  1(14)  0( 0)    0        7
 ANNUAL TOTALS       4.75   2776(58)897(18)660(13)326( 6) 87( 1)  141     4746
 
 THESE ARE THE MONTHLY AVERAGES FOR 1951-->2000 FOR STATION NUMBER 7678
   JAN  FEB  MAR  APR  MAY  JUN  JUL  AUG  SPT  OCT  NOV  DEC  ANNUAL
   0.97 0.90 2.16 3.45 4.19 4.19 4.22 4.11 3.72 2.69 2.30 1.14 34.02  <-- PRECIP
  
   21.3 27.4 37.9 51.7 63.2 72.8 77.2 74.9 66.5 55.0 39.9 27.0  56.0  <-- TEMP
 
 TWELVE SIGNIFICANT RAINFALL EVENTS  
 MONTH  DAY  YEAR   AMOUNT
   8     30  1965     4.75
   4     24  1976     4.58
   4     12  1981     4.51
   7     26  1992     3.85
   5     10  1996     3.61
   8     28  1998     3.65
   9     10  1992     3.52
  11     17  1952     3.43
   8     26  1992     3.30
   7      3  1951     3.16
   6     20  1990     3.24
   9     29  1955     3.13
 
 GROWING DEGREE DAYS FOR 4 BASE TEMPS FOR STATION NUMBER  7678
               MARCH                       APRIL  
     ****************************  ******************* ******** 
 YEAR  40-86  48-86  50-86  52-86   40-86  48-86  50-86  52-86  
     ****************************  ******************* ******** 
 1951     53     14      8      4    273    149    125    103
 1952     97     50     43     36    421    270    239    209
 1953    161     74     55     38    272    146    119     95
 1954    114     38     29     21    488    311    273    238
 1955    157     81     66     51    537    340    298    261
 1956    131     61     51     42    364    232    205    179
 1957    144     61     47     35    412    252    217    188
 1958     92     33     24     16    370    220    188    160
 1959    116     53     43     35    354    208    179    152
 1960     25      8      5      2    427    269    236    204
 1961    116     57     47     39    261    142    120    100
 1962     98     51     42     34    376    233    204    178
 1963    198    112     98     86    442    278    243    209
 1964    108     53     43     33    374    225    197    172
 1965     16      6      4      2    367    217    186    159
 1966    247    133    110     88    323    182    154    128
 1967    235    148    130    112    432    256    222    190
 1968    290    168    147    128    430    273    241    213
 1969     91     41     33     27    440    267    229    193
 1970     82     24     17     11    423    273    239    208
 1971    110     52     44     38    477    306    274    243
 1972    154     80     67     55    353    212    183    157
 1973    226    105     83     62    302    172    148    124
 1974    190     99     81     65    440    280    244    210
 1975     90     48     38     29    305    174    147    124
 1976    216    116     99     82    459    296    260    225
 1977    254    135    113     94    577    389    347    308
 1978    101     54     45     36    344    199    172    147
 1979    114     59     49     39    280    148    123    101
 1980    131     55     42     33    407    257    226    199
 1981    258    139    117     97    569    375    334    297
 1982    144     57     43     33    342    213    184    158
 1983    158     85     70     57    269    140    120    101
 1984     46      9      5      2    323    174    143    118
 1985    238    115     93     74    525    354    317    284
 1986    261    155    134    116    517    341    301    265
 1987    225    123    106     92    500    335    300    268
 1988    230    133    112     91    414    266    237    209
 1989    178    108     92     79    411    252    219    188
 1990    218    119     99     82    347    214    187    163
 1991    213    121    103     87    391    231    203    176
 1992    193     96     80     65    282    158    133    113
 1993     63     24     17     11    259    137    116     97
 1994    162     82     66     53    359    230    203    177
 1995    206    124    108     92    255    149    125    102
 1996    107     44     35     26    302    181    157    137
 1997    186     93     76     62    269    158    135    113
 1998    139     80     69     61    319    179    152    126
 1999    138     66     53     42    350    194    167    141
 2000    259    153    132    112    355    217    190    167
     ****************************  ******************* ******** 
 MEAN  155.8   80.2   66.4   54.3  382.0  233.7  203.5  175.7
 STDV   68.0   42.9   37.8   33.0   85.1   65.9   61.0   56.2
 
               MAY                         JUNE   
     ****************************  ******************* ******** 
 YEAR  40-86  48-86  50-86  52-86   40-86  48-86  50-86  52-86  
     ****************************  ******************* ******** 
 1951    713    492    440    393    805    566    508    452
 1952    638    415    368    325   1081    841    782    723
 1953    665    445    394    348   1048    808    749    690
 1954    548    350    308    268    997    759    700    642
 1955    753    516    463    418    858    620    562    507
 1956    761    546    497    451   1034    797    740    683
 1957    644    416    366    320    905    666    608    550
 1958    722    502    453    408    802    562    502    445
 1959    750    524    473    423    946    706    646    587
 1960    642    427    374    322    832    593    534    476
 1961    569    367    323    283    929    690    632    578
 1962    867    625    569    515    909    669    610    553
 1963    639    416    364    316    982    742    684    626
 1964    861    615    556    500    917    678    621    564
 1965    800    572    519    466    878    638    578    518
 1966    556    363    322    285    914    676    619    562
 1967    596    405    364    324    909    669    610    553
 1968    576    363    321    284    993    753    693    635
 1969    744    520    470    422    803    573    519    467
 1970    824    592    539    487    931    691    632    576
 1971    614    406    362    322   1059    820    761    702
 1972    728    505    454    407    904    669    614    560
 1973    585    369    319    278    971    731    671    611
 1974    628    413    366    320    824    586    529    474
 1975    759    532    480    432    963    723    663    604
 1976    621    409    363    319    940    700    640    582
 1977    898    657    597    541    964    725    666    608
 1978    681    463    416    371    955    715    656    600
 1979    669    465    418    375    937    699    640    581
 1980    745    526    472    423    914    674    614    557
 1981    642    426    377    331    986    746    686    626
 1982    832    586    527    470    817    579    522    468
 1983    644    414    366    320    980    741    683    627
 1984    625    416    369    324    980    740    680    621
 1985    792    551    493    440    864    625    567    509
 1986    721    486    434    382    991    751    692    633
 1987    850    612    560    511   1019    779    720    661
 1988    833    592    537    486   1015    776    718    660
 1989    630    422    377    336    844    605    549    493
 1990    515    311    267    228    910    670    612    554
 1991    787    561    509    458    988    748    688    628
 1992    626    418    376    334    833    595    537    481
 1993    649    420    370    323    825    593    537    483
 1994    602    402    362    325    914    674    615    557
 1995    517    300    257    218    890    650    590    531
 1996    517    306    261    221    867    629    572    515
 1997    462    287    250    216    884    644    585    528
 1998    763    518    462    411    814    580    525    472
 1999    644    412    364    319    871    634    579    524
 2000    700    483    432    385    825    589    533    478
     ****************************  ******************* ******** 
 MEAN  683.2  463.0  413.8  367.9  920.7  682.0  623.7  566.5
 STDV  104.2   92.0   87.6   82.9   73.8   72.9   72.2   71.0
 
               JULY                        AUGUST 
     ****************************  ******************* ******** 
 YEAR  40-86  48-86  50-86  52-86   40-86  48-86  50-86  52-86  
     ****************************  ******************* ******** 
 1951   1016    768    706    645    969    721    659    599
 1952   1099    851    789    728    956    708    647    588
 1953   1086    838    776    715   1010    762    700    639
 1954   1129    881    819    757   1013    765    703    641
 1955   1186    938    876    814   1100    852    790    728
 1956   1044    796    734    672   1046    798    738    679
 1957   1138    890    828    766   1028    780    718    657
 1958    972    724    662    600   1031    784    723    663
 1959   1010    762    700    640   1110    862    800    738
 1960   1010    762    700    638   1055    807    745    683
 1961   1041    793    731    669   1028    780    718    656
 1962   1025    777    715    655   1000    752    690    628
 1963   1080    832    770    708    958    710    648    588
 1964   1085    837    775    713    928    681    622    566
 1965   1030    782    720    658    971    723    661    600
 1966   1112    864    802    740    946    698    637    577
 1967    977    730    670    612    892    645    586    530
 1968   1068    820    758    696   1036    788    728    669
 1969   1089    841    779    717   1049    801    739    677
 1970   1067    819    757    695   1024    776    714    652
 1971   1040    794    734    674    968    720    660    602
 1972   1049    802    741    680   1041    793    731    669
 1973   1087    839    777    715   1067    819    757    695
 1974   1137    889    827    765    912    664    602    542
 1975   1104    856    794    732   1071    823    761    699
 1976   1094    846    784    722    998    750    689    628
 1977   1131    883    821    760    964    717    656    595
 1978   1060    812    750    688   1016    768    706    644
 1979   1047    799    737    675   1023    775    713    651
 1980   1137    889    827    765   1103    855    793    731
 1981   1056    808    746    685   1008    760    698    636
 1982   1096    848    786    724   1003    755    693    633
 1983   1165    917    855    793   1187    939    877    815
 1984   1038    790    729    668   1062    814    752    690
 1985   1078    830    768    706    953    705    643    581
 1986   1149    901    839    777    911    668    608    549
 1987   1131    883    821    759    999    751    690    631
 1988   1118    870    809    748   1127    880    820    760
 1989   1071    823    761    699    977    729    669    609
 1990   1017    769    707    645    993    745    683    621
 1991   1036    788    726    664    993    745    683    621
 1992    918    670    608    546    810    562    504    452
 1993    996    748    686    624    999    751    689    627
 1994    946    698    636    574    887    639    579    523
 1995   1032    784    722    661   1102    854    792    730
 1996    956    708    646    586    958    710    648    586
 1997    995    747    685    625    917    669    607    546
 1998   1057    809    747    685   1029    781    719    657
 1999   1097    849    787    725    938    690    628    566
 2000    988    740    678    616   1023    775    713    651
     ****************************  ******************* ******** 
 MEAN 1062.1  814.1  752.3  690.7 1004.1  756.2  694.9  634.2
 STDV   59.0   59.0   58.9   58.6   68.6   68.5   67.9   66.7
 
               SEPTEMBER                   OCTOBER
     ****************************  ******************* ******** 
 YEAR  40-86  48-86  50-86  52-86   40-86  48-86  50-86  52-86  
     ****************************  ******************* ******** 
 1951    660    444    395    349    465    294    257    224
 1952    860    627    571    518     78     48     41     35
 1953    785    565    515    469    579    403    365    327
 1954    830    598    542    489    469    296    258    223
 1955    813    587    534    487    498    324    286    252
 1956    769    547    498    450    685    471    424    381
 1957    664    451    402    355    365    212    180    152
 1958    779    551    498    447    532    354    317    281
 1959    746    522    471    424    143     74     60     48
 1960    810    578    527    480    353    230    206    182
 1961    731    507    458    411    518    332    292    253
 1962    662    454    410    370    501    333    295    258
 1963    778    547    492    440    765    540    487    436
 1964    696    494    446    400      0      0      0      0
 1965    697    477    428    381    383    246    216    189
 1966    694    474    424    381    477    315    278    242
 1967    684    471    425    380    209    140    125    111
 1968    767    535    484    435    446    302    270    239
 1969    787    554    502    452    315    210    186    164
 1970    808    579    527    476    469    284    244    207
 1971    863    637    585    534    626    419    377    336
 1972    835    612    557    504    285    178    157    137
 1973    776    544    487    432    603    405    360    319
 1974    626    422    377    337      7      3      2      1
 1975    666    450    402    357    552    371    332    295
 1976    728    503    454    412    137     90     80     71
 1977    802    565    509    456    404    232    195    162
 1978    883    647    591    539    408    241    206    175
 1979    801    570    516    467    167    105     93     81
 1980    794    571    518    468    193    124    110     97
 1981    755    531    479    430    351    210    180    152
 1982    743    519    467    417    370    233    202    176
 1983    867    640    585    532    461    266    225    189
 1984    714    497    447    399    532    338    292    249
 1985    760    542    493    446    430    250    214    180
 1986    833    598    541    485    468    279    237    199
 1987    747    511    458    409    134     87     76     66
 1988    837    603    550    497     67     43     38     33
 1989    652    446    401    357    462    296    260    226
 1990    788    563    513    465    297    183    160    139
 1991    700    505    458    413    230    146    129    114
 1992    619    418    375    332    249    154    136    120
 1993    544    337    292    250    158    110     99     88
 1994    699    477    426    377    424    270    236    206
 1995    628    416    372    332    345    226    201    178
 1996    661    442    398    357    440    280    244    210
 1997    751    517    466    417    405    276    247    218
 1998    841    609    553    500    442    266    230    197
 1999    652    452    409    369    262    176    158    141
 2000    735    527    480    436    119     77     68     60
     ****************************  ******************* ******** 
 MEAN  746.7  524.9  474.4  426.6  365.8  235.1  206.9  180.6
 STDV   76.3   68.2   65.0   61.8  176.5  119.3  106.8   95.1
 
 DAILY RECORD HIGHS AND LOWS OCCURRING DURING 1951-2000 FOR STATION NUMBER 7678
     JAN     FEB    MARCH   APRIL    MAY     JUNE    JULY    AUG     SEPT    OCT     NOV     DEC
 DY MX  MN  MX  MN  MX  MN  MX  MN  MX  MN  MX  MN  MX  MN  MX  MN  MX  MN  MX  MN  MX  MN  MX  MN
  1  48 -11  63 -21  62 -20  78  20  88  31  92  41  99  49 104  55  98  47  90  31  78  19  65   0
  2  51 -16  60 -25  74  -2  85  18  89  29  94  42  97  50 100  54  97  43  93  21  77  11  69   1
  3  56 -11  57 -26  78  -3  84  11  88  31  92  42  97  50 105  51  97  40  87  30  78   8  66  -6
  4  54 -15  63 -27  67 -10  83  15  89  30  94  44 102  47 101  48  94  40  91  30  75   4  64  -3
  5  58 -22  52 -21  69 -16  80  17  88  33  96  45 101  45  97  49  96  41  90  28  69   4  71  -3
  6  57 -19  55 -14  71 -12  83   7  86  30  93  44 103  51  97  50  95  42  92  28  73  16  65 -11
  7  49 -15  61 -12  74  -4  85  18  88  31  94  45  98  48 100  48  95  41  87  26  75  -1  59 -13
  8  52 -16  56 -15  78  -5  80  19  88  34  97  46  96  51 104  48  96  43  84  25  75  -2  58  -7
  9  50 -15  59 -24  75  -5  84  17  89  32  98  45  98  51 101  53  99  44  84  26  79  -1  59 -13
 10  53 -23  59 -10  72   0  83  17  89  30  96  44  99  50  93  50  96  40  88  26  76  11  60  -5
 11  53 -15  62 -15  78   3  82  20  89  34  95  44 100  50 100  48  92  40  87  23  76   4  61 -16
 12  57 -23  63 -11  71  -3  83  20  94  34  95  47 101  54  99  48  96  39  89  25  69   5  59 -10
 13  59 -11  71 -13  79  -3  78  22  90  35  96  45 102  52  95  48  91  39  89  26  70   2  61 -11
 14  62 -24  65  -4  73   2  81  23  90  35  98  51 104  49 103  46  91  38  86  29  77   2  60 -12
 15  53 -20  65  -8  73   6  83  22  87  34  94  46 104  52 107  49  95  39  87  26  75   8  54 -17
 16  57 -20  64 -17  74  -3  86  24  87  34  92  46  98  56 105  48  92  39  86  27  72   2  58 -14
 17  60 -16  66 -20  77   8  86  26  88  37  91  46  99  56 106  49  93  39  86  25  71  -2  55  -7
 18  58 -19  67 -11  76   8  87  22  89  40  97  47 100  52 103  47  92  38  85  21  74   8  58 -18
 19  53 -21  64 -22  76   7  84  25  90  39  98  48  99  58 105  51  90  33  85  14  73   8  58 -19
 20  54 -21  62  -8  73   6  89  28  90  38 101  49 102  52  99  48  89  33  85  24  66  14  51 -14
 21  59 -24  61  -8  71   2  90  28  90  40 102  44 103  51 100  48  87  33  84  25  65   4  56 -20
 22  59 -10  66  -2  82   9  91  25  90  33  98  47 105  52  98  49  88  31  81  20  69   7  58 -20
 23  56 -12  65 -10  77   7  89  22  89  34  96  49  96  53  98  48  82  31  84  23  67   7  60 -22
 24  60 -14  67  -8  82   1  85  22  89  40  99  47  95  56  99  49  90  32  83  25  63   8  56 -23
 25  63 -10  64  -9  74   5  88  28  93  39 105  50  95  55 100  46  90  34  83  24  61   0  55 -19
 26  57 -15  68 -13  81   3  87  31  92  34 100  51  99  54 104  49  89  30  85  25  64  -4  54 -15
 27  54 -16  72  -7  84  11  87  25  90  37  99  50 100  50  99  47  89  34  78  16  70   6  54 -10
 28  46 -16  64 -13  79  12  89  30  90  39  98  50 106  53  96  42  98  28  76  16  69  -4  69 -12
 29  56 -20 *** ***  86  10  89  25  92  38  98  53 100  49  99  45  93  32  75  18  61  -5  63  -6
 30  65 -14 *** ***  83  10  93  30  90  42  99  53 101  46  97  49  90  34  76  23  69   2  62  -8
 31  70 -20 *** ***  82  16 *** ***  91  41 *** *** 107  47  96  48 *** ***  84  20 *** ***  64 -14
 
 DAILY MAXIMUM PRECIPITATION OCCURRING DURING 1951-2000 FOR STATION NUMBER 7678
     JAN   FEB   MARCH APRIL MAY   JUNE  JULY  AUG   SEPT  OCT   NOV   DEC
 
  1  1.44  0.20  0.65  1.58  2.97  1.92  0.92  1.01  1.97  0.47  1.51  0.73
  2  0.61  0.44  1.30  0.24  1.27  1.52  2.39  0.81  0.73  0.51  2.05  0.71
  3  0.58  0.14  0.50  1.48  3.08  1.56  3.16  0.98  0.95  1.09  2.01  0.34
  4  1.68  0.51  1.58  1.10  1.07  0.94  2.24  2.45  1.49  0.93  1.40  0.68
  5  0.63  0.47  1.76  0.33  1.27  1.27  2.72  2.55  2.08  2.42  0.35  1.26
  6  0.35  0.53  0.89  1.61  0.97  0.90  1.89  2.56  2.56  0.73  0.26  0.34
  7  0.08  0.20  1.03  0.49  1.46  2.03  2.34  1.59  1.08  0.94  0.93  1.13
  8  0.05  0.30  0.82  0.78  1.54  1.78  1.52  1.71  0.79  1.26  0.34  1.02
  9  0.20  0.24  0.53  0.94  1.69  2.20  1.60  1.21  2.66  1.99  1.13  0.58
 10  0.27  0.84  0.86  1.61  3.61  1.14  1.19  2.08  3.52  1.41  1.18  0.49
 11  0.32  0.13  2.04  1.31  1.01  1.53  2.10  1.69  1.49  0.91  0.72  0.52
 12  1.20  0.68  2.22  4.51  1.25  0.96  1.32  2.29  0.89  0.91  0.86  0.66
 13  0.43  0.51  1.14  0.97  1.56  1.13  1.84  0.93  2.00  1.65  1.38  0.33
 14  0.10  0.35  0.29  1.20  1.26  1.63  0.92  0.34  2.09  1.96  0.41  0.65
 15  0.30  0.66  0.79  1.48  0.87  2.16  1.55  2.24  2.07  0.78  0.82  2.07
 16  1.15  0.32  0.60  2.19  1.10  1.82  1.97  1.27  2.12  0.89  2.60  0.57
 17  0.17  0.63  0.60  1.02  1.56  2.99  2.24  2.24  1.65  0.63  3.43  0.34
 18  0.90  0.45  0.78  1.59  0.87  1.52  2.78  1.67  1.82  2.28  1.87  0.51
 19  0.75  0.91  2.25  1.00  1.39  2.48  1.31  1.31  1.73  2.32  0.41  0.60
 20  0.52  0.86  0.70  2.85  1.26  3.24  2.08  0.82  2.60  1.53  1.05  0.33
 21  0.40  1.51  0.39  1.83  1.03  1.83  1.35  1.42  2.05  0.70  1.33  0.92
 22  0.83  0.65  0.98  0.89  0.59  1.72  1.18  1.78  1.27  1.65  1.04  0.20
 23  1.13  0.90  0.86  1.00  1.43  1.22  1.44  2.20  2.31  0.80  1.23  0.40
 24  0.55  0.30  0.63  4.58  1.48  2.67  1.12  1.33  0.73  0.96  0.34  1.54
 25  0.62  0.27  0.84  1.69  2.20  1.28  1.17  2.63  1.66  0.70  0.47  0.47
 26  0.32  0.56  0.82  0.95  1.48  2.45  3.85  3.30  1.30  0.60  0.64  0.48
 27  0.63  0.52  0.56  1.11  2.07  2.18  1.24  2.02  1.03  1.13  1.08  0.48
 28  0.40  1.11  0.63  1.12  1.33  2.51  0.76  3.65  0.86  1.68  0.97  0.52
 29  0.13******  1.17  1.41  2.46  0.79  1.48  1.06  3.13  0.45  1.14  0.36
 30  0.39******  1.75  1.41  1.82  2.52  1.50  4.75  1.76  1.78  0.70  0.25
 31  0.16******  1.38******  0.59******  1.58  2.45******  0.82******  0.40
 
 RECORD LARGEST AND SMALLEST DAILY RANGES (MAX-MIN)     DURING 1951-2000 FOR STATION NUMBER 7678
     JAN     FEB    MARCH   APRIL    MAY     JUNE    JULY    AUG     SEPT    OCT     NOV     DEC
 DY MX  MN  MX  MN  MX  MN  MX  MN  MX  MN  MX  MN  MX  MN  MX  MN  MX  MN  MX  MN  MX  MN  MX  MN
  1 33   2  39   3  42   6  36   4  40   6  34   7  36   8  34   9  35  11  51   7  40   4  31   7
  2 28   3  45   4  37   6  47   7  35   5  34   6  33  10  33  12  39  10  40   7  38   4  33   3
  3 37   3  32   3  50   2  48   6  36   7  34   7  31  13  36   6  34   4  40   3  35   6  33   0
  4 43   4  41   2  42   1  49   4  36   3  32   8  34  12  32   8  38   8  40   3  39   6  36   6
  5 39   1  38   7  38   5  46   3  34   7  33   8  33   6  33   4  37   3  41   9  36   3  35   3
  6 43   3  31   5  43   6  46  11  36   9  38   7  34   8  33   4  39   6  36   3  38   4  34   1
  7 38   3  39   2  38   3  60  11  35   4  33   6  30   8  34   7  40   8  44   5  35   4  38   3
  8 38   1  32   3  41   1  40   5  35   4  35   7  30  11  31   7  39   8  39   6  36   2  38   2
  9 30   6  34   3  43   2  41   5  40  11  34   5  33   9  37  13  41   5  34   6  39   6  36   3
 10 35   6  33   3  42   5  36   5  34   7  34  11  32   9  31  13  40  10  36   8  40   4  39   3
 11 39   3  37   4  44   6  43   6  34   6  31   9  29  10  41   6  35  12  36   5  35   6  35   1
 12 33   3  37   5  34   5  34   2  35   6  30   7  30  11  34   7  41   8  47  13  43   3  31   3
 13 33   3  50   3  35   0  43   6  39   7  33   6  36   5  34  12  38   8  35   3  36   3  40   5
 14 34   6  34   3  40   5  35   4  39  10  31  12  36  11  30  12  32   9  38  10  40   4  38   3
 15 49   4  46   1  32   5  37   4  34   9  30   9  32   7  32  10  32   7  35   7  37   6  33   3
 16 38   4  31   3  37   6  48   5  35   9  31  13  33  13  34  13  34   9  35   8  33   4  40   5
 17 36   5  46   3  35   8  43   8  39   6  33  12  33   3  32   9  35   6  40   9  33   4  34   3
 18 36   2  52   3  43   4  39   5  42   8  29  12  35  10  36   8  35  10  48   8  41   4  31   3
 19 33   1  44   4  35   2  37   6  38   7  31   7  28  10  33   8  38   6  40   6  39   6  36   2
 20 37   2  37   2  33   2  40   4  36   6  31  10  29   8  35   7  37   7  38   6  35   2  30   2
 21 33   3  39   5  37   4  40   7  35   8  30   8  31   7  32  13  37   7  36   3  36   3  41   4
 22 33   2  37   4  47   6  34   5  37   6  31  10  31   8  34  12  47  10  41   4  37   5  35   3
 23 38   3  35   5  43   5  40   8  34   9  31   6  31   7  30  10  41   4  37   3  35   3  35   3
 24 43   2  38   4  49   2  36   9  33   6  34  12  30   8  31   7  43   6  44   3  31   5  38   4
 25 43   5  33   4  50   5  34   9  33   5  32  10  32   8  37  10  39   7  38   4  33   0  33   2
 26 39   5  39   4  41   4  39   7  30   6  35  11  34   8  34  10  43   8  38   4  36   7  36   4
 27 33   2  33   3  44   1  42   7  33   6  32  11  34   5  37   5  34   3  39   5  33   4  34   5
 28 36   4  35   5  38   6  42   5  35   5  38  11  32  11  37   7  43   3  34   6  51   7  44   1
 29 36   5  **  **  45   3  45   5  34   7  33  10  35  12  41   3  38  10  40   6  31   2  32   3
 30 35   5  **  **  33   5  42   7  30  12  32  10  31  10  36   6  40   9  39   8  37   3  33   4
 31 37   7  **  **  41   5  **  **  42  13  **  **  34   6  32  12  **  **  41   7  **  **  34   2
 
 DAILY  MEAN  HIGHS AND LOWS OCCURRING DURING 1951-2000 FOR STATION NUMBER 7678
     JAN     FEB    MARCH   APRIL    MAY     JUNE    JULY    AUG     SEPT    OCT     NOV     DEC
 DY MX  MN  MX  MN  MX  MN  MX  MN  MX  MN  MX  MN  MX  MN  MX  MN  MX  MN  MX  MN  MX  MN  MX  MN
  1 30  13  32  13  41  21  56  34  68  44  77  55  85  62  86  63  82  60  73  47  57  37  41  24
  2 30  16  30  12  43  24  56  34  69  45  76  55  85  64  85  64  82  60  72  47  55  36  43  25
  3 32  14  29  12  42  22  55  33  69  46  77  55  84  63  85  64  82  60  71  47  52  34  42  24
  4 30  11  33  12  40  22  55  32  69  47  78  57  84  63  84  63  80  59  69  45  51  33  40  23
  5 29  11  32  12  41  22  55  34  70  49  79  57  84  63  83  63  80  57  68  46  51  32  40  22
  6 29  12  31  13  42  22  59  34  70  47  79  58  85  63  83  63  79  57  66  45  50  32  37  20
  7 27   9  31  12  41  21  60  35  68  46  80  60  85  63  84  63  82  58  67  44  51  32  35  19
  8 27   9  31  14  42  21  57  35  68  48  81  59  86  65  84  63  81  57  67  45  51  31  35  19
  9 28  10  33  14  44  24  57  34  70  47  80  58  86  64  84  62  79  57  66  44  51  31  35  17
 10 27   9  35  17  44  24  56  35  71  49  80  59  85  64  83  61  79  55  66  42  52  30  35  18
 11 28   9  34  15  45  27  60  36  71  48  81  60  85  64  84  61  79  55  66  43  50  30  35  17
 12 30  12  34  16  44  26  58  37  72  48  81  60  87  65  84  60  78  54  68  43  48  30  33  16
 13 31  13  36  16  44  26  59  37  71  49  83  61  87  66  84  62  77  54  67  45  50  31  34  15
 14 31  13  37  18  46  26  59  38  73  49  82  61  87  65  84  62  76  54  68  45  50  31  34  17
 15 30  11  35  18  45  26  61  38  72  51  80  60  86  65  84  62  74  53  67  45  51  31  33  17
 16 28   9  34  16  46  26  64  40  73  51  81  59  86  64  85  62  73  52  66  44  50  30  34  17
 17 29  11  37  17  47  27  64  41  75  53  81  60  86  65  85  62  75  54  65  42  49  31  33  16
 18 29  13  39  20  48  28  64  42  75  54  82  61  88  66  84  62  77  54  64  40  49  30  33  16
 19 29  11  38  20  47  29  64  43  75  52  84  61  87  67  84  63  76  54  62  38  48  29  33  17
 20 29  11  39  19  47  28  65  44  75  53  83  61  87  66  83  61  74  52  63  39  46  28  30  15
 21 29  11  40  20  47  27  63  42  75  52  82  62  86  66  83  61  72  50  64  41  46  27  31  13
 22 31  14  39  19  50  27  64  42  74  53  83  61  85  65  82  60  72  48  64  40  47  27  32  16
 23 32  12  39  22  51  29  64  41  75  53  82  61  85  64  83  61  70  47  62  41  45  27  32  16
 24 31  12  40  20  49  28  65  42  74  53  83  62  85  64  82  61  71  48  61  40  45  26  33  14
 25 30  11  39  20  49  29  66  43  74  54  85  63  85  65  84  61  71  48  60  39  45  26  31  14
 26 28  10  41  21  50  29  68  46  73  54  84  63  86  65  84  62  73  49  61  39  43  26  32  15
 27 29   9  41  22  53  32  68  46  73  54  84  64  86  64  84  63  71  48  61  38  41  24  33  14
 28 28  10  40  22  55  32  66  44  74  53  86  64  86  65  84  62  72  48  58  37  39  20  34  16
 29 29  10  **  **  52  32  66  44  75  55  86  64  86  64  85  62  72  48  58  37  38  21  33  16
 30 30  10  **  **  54  33  67  45  76  56  85  64  85  64  84  61  71  48  60  38  39  22  32  15
 31 31  10  **  **  55  34  **  **  78  56  **  **  86  63  82  61  **  **  57  38  **  **  31  15
  
  # OF DAYS EACH YEAR WHERE MIN >=32 F  1951-2000 FOR STATION # 7678
   51  52  53  54  55  56  57  58  59  60  61  62  63  64  65  66  67  68  69  70
  213 209 234 230 228 219 223 219 229 228 226 220 237 222 227 237 236 234 222 233
 
   71  72  73  74  75  76  77  78  79  80  81  82  83  84  85  86  87  88  89  90
  240 228 257 250 227 221 245 228 221 228 247 239 236 239 240 237 250 226 214 228
 
   91  92  93  94  95  96  97  98  99 100
  223 236 216 224 216 205 217 253 235 228
  
 MEAN=230
 
 LENGTH OF SEASON FOR STATION NUMBER 7678   BASE TEMP=32
 LAST SPRING OCCURENCE FIRST FALL OCCURENCE  LENGTH OF  SEASON
   YEAR MONTH DAY DOY         MONTH DAY DOY
   1951   4    23 113           9    28 271          158
   1952   4    16 107          10     6 280          173
   1953   4    20 110          10    27 300          190
   1954   5     7 127          10    28 301          174
   1955   4     6  96          10    18 291          195
   1956   4    30 121          11     7 312          191
   1957   4    14 104          10    11 284          180
   1958   4    29 119          10     1 274          155
   1959   4    21 111          10    12 285          174
   1960   4    10 101          10    19 293          192
   1961   5     2 122          10    20 293          171
   1962   4    16 106          10    23 296          190
   1963   4    24 114          10    28 301          187
   1964   4     9 100           9    28 272          172
   1965   4    19 109          10    24 297          188
   1966   5    10 130          10    25 298          168
   1967   4    24 114           9    29 272          158
   1968   4    25 116          10     4 278          162
   1969   4    29 119          10    14 287          168
   1970   5     2 122          11     3 307          185
   1971   4     3  93          10    31 304          211
   1972   4    25 116          10    18 292          176
   1973   4    13 103          10    30 303          200
   1974   4     8  98           9    22 265          167
   1975   4    12 102          10     2 275          173
   1976   5     3 124          10     6 280          156
   1977   4    29 119          10    12 285          166
   1978   5     1 121          10     8 281          160
   1979   4    28 118          10     5 278          160
   1980   4    15 106          10    12 286          180
   1981   4    15 105          10     2 275          170
   1982   4    21 111          10    21 294          183
   1983   4    19 109          10    25 298          189
   1984   4     6  97           9    26 270          173
   1985   4     9  99          11     5 309          210
   1986   4    22 112          11     4 308          196
   1987   4     5  95          10     3 276          181
   1988   4    29 120          10     5 279          159
   1989   5     7 127          10     4 277          150
   1990   4    18 108          10    19 292          184
   1991   4    11 101          10     7 280          179
   1992   4    22 113          10    17 291          178
   1993   4    18 108          10    10 283          175
   1994   4    29 119          10    25 298          179
   1995   4    26 116           9    22 265          149
   1996   4    28 119          10    19 293          174
   1997   4    18 108          10    21 294          186
   1998   4     5  95          10    22 295          200
   1999   3    28  87          10    18 291          204
   2000   4    13 104          10     6 280          176
             MEAN=110              MEAN=287     MEAN=177
 
 LENGTH OF SEASON FOR STATION NUMBER 7678   BASE TEMP=30
 LAST SPRING OCCURENCE FIRST FALL OCCURENCE  LENGTH OF  SEASON
   YEAR MONTH DAY DOY         MONTH DAY DOY
   1951   4    19 109          10     8 281          172
   1952   4    12 103          10     6 280          177
   1953   4    20 110          10    27 300          190
   1954   5     4 124          10    30 303          179
   1955   4     6  96          10    24 297          201
   1956   4    30 121          11     7 312          191
   1957   4    14 104          10    25 298          194
   1958   4    29 119          10    28 301          182
   1959   4    21 111          10    12 285          174
   1960   4    10 101          10    19 293          192
   1961   4    16 106          10    26 299          193
   1962   4    16 106          10    24 297          191
   1963   4     4  94          11     1 305          211
   1964   4     8  99           9    28 272          173
   1965   4     4  94          10    24 297          203
   1966   5    10 130          10    25 298          168
   1967   4    24 114          10    11 284          170
   1968   4    25 116          10     4 278          162
   1969   4     6  96          10    14 287          191
   1970   5     2 122          11     3 307          185
   1971   4     3  93          10    31 304          211
   1972   4    25 116          10    18 292          176
   1973   4    13 103          11     3 307          204
   1974   4     8  98          10     2 275          177
   1975   4    12 102          11    13 317          215
   1976   4    12 103          10     6 280          177
   1977   4     6  96          10    16 289          193
   1978   3    27  86          10    26 299          213
   1979   4    10 100          10     7 280          180
   1980   4    14 105          10    12 286          181
   1981   4     6  96          10    19 292          196
   1982   4    21 111          10    21 294          183
   1983   4    19 109          11     5 309          200
   1984   4     5  96           9    26 270          174
   1985   4     9  99          11     5 309          210
   1986   4    22 112          11     4 308          196
   1987   4     5  95          10     3 276          181
   1988   4    27 118          10     5 279          161
   1989   5     6 126          10    19 292          166
   1990   4    18 108          10    19 292          184
   1991   4    11 101          10    15 288          187
   1992   4    13 104          10    17 291          187
   1993   4     5  95          10    10 283          188
   1994   4     8  98          10    26 299          201
   1995   4     6  96          10    22 295          199
   1996   4    28 119          10    19 293          174
   1997   4    18 108          10    22 295          187
   1998   3    25  84          10    23 296          212
   1999   3    28  87          10    18 291          204
   2000   4    13 104          10     7 281          177
             MEAN=104              MEAN=292     MEAN=187
 
 LENGTH OF SEASON FOR STATION NUMBER 7678   BASE TEMP=28
 LAST SPRING OCCURENCE FIRST FALL OCCURENCE  LENGTH OF  SEASON
   YEAR MONTH DAY DOY         MONTH DAY DOY
   1951   4    15 105          10    31 304          199
   1952   4    11 102          10     7 281          179
   1953   4    20 110          10    28 301          191
   1954   4     4  94          10    30 303          209
   1955   4     6  96          10    31 304          208
   1956   4    24 115          11     7 312          197
   1957   4    14 104          10    25 298          194
   1958   4    29 119          11     6 310          191
   1959   4    13 103          10    12 285          182
   1960   4    10 101          10    19 293          192
   1961   4    16 106          11     3 307          201
   1962   4    16 106          10    25 298          192
   1963   4     4  94          11     2 306          212
   1964   4     5  96           9    28 272          176
   1965   4     4  94          10    24 297          203
   1966   4    21 111          11     1 305          194
   1967   4    24 114          10    11 284          170
   1968   4     6  97          10    25 299          202
   1969   4     6  96          10    17 290          194
   1970   4     4  94          11     3 307          213
   1971   4     3  93          11     6 310          217
   1972   4    25 116          10    18 292          176
   1973   4    13 103          11     5 309          206
   1974   4     8  98          10     2 275          177
   1975   4    11 101          11    13 317          216
   1976   4    12 103          10     8 282          179
   1977   4     6  96          11    11 315          219
   1978   3    27  86          11     7 311          225
   1979   4    10 100          10    13 286          186
   1980   4    14 105          10    12 286          181
   1981   3    23  82          10    23 296          214
   1982   4    11 101          10    22 295          194
   1983   4    19 109          11    17 321          212
   1984   4     1  92          11     2 307          215
   1985   4     9  99          11     5 309          210
   1986   4    22 112          11     9 313          201
   1987   4     4  94          10    11 284          190
   1988   4    27 118          10     5 279          161
   1989   4    13 103          11     2 306          203
   1990   4    18 108          10    22 295          187
   1991   3    31  90          10    19 292          202
   1992   4    13 104          10    17 291          187
   1993   4     5  95          10    10 283          188
   1994   4     8  98          10    26 299          201
   1995   4     6  96          10    22 295          199
   1996   4    11 102          10    31 305          203
   1997   4    18 108          10    22 295          187
   1998   3    25  84          11     5 309          225
   1999   3    27  86          10    18 291          205
   2000   4    13 104          10     7 281          177
             MEAN=100              MEAN=297     MEAN=196
 
 LENGTH OF SEASON FOR STATION NUMBER 7678   BASE TEMP=26
 LAST SPRING OCCURENCE FIRST FALL OCCURENCE  LENGTH OF  SEASON
   YEAR MONTH DAY DOY         MONTH DAY DOY
   1951   4    15 105          10    31 304          199
   1952   4    10 101          10    12 286          185
   1953   3     9  68          10    28 301          233
   1954   4     4  94          10    30 303          209
   1955   3    28  87          11     2 306          219
   1956   4    24 115          11     8 313          198
   1957   4    14 104          10    25 298          194
   1958   4    29 119          11    26 330          211
   1959   4    11 101          10    12 285          184
   1960   4    10 101          10    20 294          193
   1961   4    16 106          11     3 307          201
   1962   4    16 106          10    25 298          192
   1963   3    22  81          11     2 306          225
   1964   4     5  96          10    20 294          198
   1965   4     4  94          10    28 301          207
   1966   4     9  99          11     2 306          207
   1967   4    24 114          10    26 299          185
   1968   3    24  84          10    25 299          215
   1969   3    31  90          10    23 296          206
   1970   4     2  92          11    15 319          227
   1971   3    24  83          11     6 310          227
   1972   4     8  99          10    18 292          193
   1973   4    13 103          11     5 309          206
   1974   3    25  84          10     2 275          191
   1975   4    11 101          11    13 317          216
   1976   4    12 103          10     8 282          179
   1977   4     6  96          11    11 315          219
   1978   3    27  86          11     7 311          225
   1979   4    10 100          10    13 286          186
   1980   4    12 103          10    28 302          199
   1981   3    22  81          10    23 296          215
   1982   4    11 101          10    22 295          194
   1983   4    18 108          11    17 321          213
   1984   4     1  92          11     2 307          215
   1985   4     9  99          11    19 323          224
   1986   4    22 112          11    10 314          202
   1987   4     4  94          10    11 284          190
   1988   4    27 118          10    29 303          185
   1989   4    10 100          11     2 306          206
   1990   4    18 108          11     7 311          203
   1991   3    31  90          10    19 292          202
   1992   4     3  94          10    19 293          199
   1993   4     3  93          10    31 304          211
   1994   4     8  98          10    26 299          201
   1995   4     5  95          11     3 307          212
   1996   4    11 102          11     1 306          204
   1997   4    15 105          10    22 295          190
   1998   3    25  84          11     5 309          225
   1999   3    27  86          10    24 297          211
   2000   4    13 104          10     7 281          177
             MEAN= 97              MEAN=301     MEAN=204
 
 LENGTH OF SEASON FOR STATION NUMBER 7678   BASE TEMP=24
 LAST SPRING OCCURENCE FIRST FALL OCCURENCE  LENGTH OF  SEASON
   YEAR MONTH DAY DOY         MONTH DAY DOY
   1951   3    26  85          11     1 305          220
   1952   4    10 101          10    29 303          202
   1953   3     8  67          10    28 301          234
   1954   4     3  93          10    30 303          210
   1955   3    28  87          11     2 306          219
   1956   4    24 115          11     8 313          198
   1957   4    13 103          10    27 300          197
   1958   3    26  85          11    26 330          245
   1959   3    28  87          11     5 309          222
   1960   4    10 101          10    20 294          193
   1961   4    16 106          11     5 309          203
   1962   4    15 105          11     9 313          208
   1963   3    22  81          11     2 306          225
   1964   4     5  96          11    21 326          230
   1965   4     4  94          10    28 301          207
   1966   3    28  87          11     2 306          219
   1967   3    18  77          10    27 300          223
   1968   3    24  84          11     9 314          230
   1969   3    31  90          10    23 296          206
   1970   4     2  92          11    15 319          227
   1971   3    24  83          11     7 311          228
   1972   4     8  99          10    18 292          193
   1973   4    11 101          11     5 309          208
   1974   3    25  84          10     2 275          191
   1975   4    11 101          11    13 317          216
   1976   3    22  82          10    22 296          214
   1977   4     6  96          11    11 315          219
   1978   3    25  84          11    19 323          239
   1979   4    10 100          11     2 306          206
   1980   4    12 103          10    29 303          200
   1981   3    22  81          10    23 296          215
   1982   4     9  99          11     4 308          209
   1983   4    18 108          11    28 332          224
   1984   3    18  78          11     2 307          229
   1985   4     9  99          11    19 323          224
   1986   3    21  80          11    10 314          234
   1987   4     4  94          10    11 284          190
   1988   4    15 106          10    31 305          199
   1989   4    10 100          11    16 320          220
   1990   4    13 103          11     7 311          208
   1991   3    31  90          10    19 292          202
   1992   4     3  94          11    14 319          225
   1993   4     3  93          10    31 304          211
   1994   4     8  98          11    16 320          222
   1995   4     5  95          11     3 307          212
   1996   4     9 100          11     1 306          206
   1997   4    15 105          10    22 295          190
   1998   3    16  75          11     7 311          236
   1999   3    27  86          10    25 298          212
   2000   4     9 100          11    11 316          216
             MEAN= 93              MEAN=307     MEAN=214
 
 THESE ARE THE MONTHLY AVG. MAX TEMPS 1951-2000 FOR STATION #7678
 YEAR    JAN   FEB  MARCH APRIL  MAY  JUNE  JULY AUGUST SEPT   OCT   NOV   DEC   ANN
  
 1951   28.8  35.5  39.6  55.7  74.6  76.1  83.6  83.2  73.0  64.8  43.9  31.8  57.6
 1952   34.7  40.2  42.4  63.6  71.0  87.5  87.6  82.7  81.7  65.5  50.3  35.8  61.9
 1953   33.8  39.7  48.4  56.7  72.3  87.9  89.1  86.0  81.4  73.2  54.7  41.3  63.7
 1954   32.9  48.7  44.7  66.2  67.6  85.7  91.1  83.1  79.7  63.8  52.3  38.2  62.8
 1955   30.9  33.2  47.3  68.3  76.1  79.6  92.1  91.2  82.2  66.4  43.4  33.4  62.0
 1956   31.8  35.2  47.2  62.3  77.5  88.1  86.8  85.4  79.5  75.6  49.5  39.0  63.2
 1957   26.5  41.5  48.4  61.4  70.4  80.7  89.1  85.1  73.3  61.7  46.8  41.3  60.5
 1958   31.7  26.5  44.2  62.2  75.7  77.4  80.7  84.9  76.9  68.8  54.5  32.5  59.7
 1959   25.4  33.2  45.4  60.8  74.5  83.0  85.7  87.5  75.8  59.3  40.5  41.4  59.4
 1960   30.1  29.1  30.7  62.6  70.5  76.9  83.8  86.1  79.3  65.5  53.3  35.5  58.6
 1961   33.7  40.3  46.7  55.7  69.2  83.7  84.8  84.5  74.5  67.1  48.0  32.3  60.0
 1962   25.5  32.4  40.1  61.3  78.9  80.9  83.5  84.7  75.3  67.4  51.1  35.6  59.7
 1963   20.1  30.2  51.1  64.9  70.4  85.8  85.8  81.6  76.5  77.5  52.9  25.4  60.2
 1964   40.3  39.8  44.5  62.1  78.4  82.0  86.6  83.0  76.0  67.7  56.0  33.6  62.5
 1965   31.6  36.0  33.5  62.1  77.1  79.8  84.7  83.4  72.8  65.6  52.9  45.8  60.4
 1966   24.8  36.6  53.6  59.4  68.9  80.7  88.8  82.1  74.7  66.8  51.9  34.5  60.2
 1967   37.3  34.4  52.5  63.3  71.6  80.4  83.9  80.1  74.1  63.6  47.1  39.3  60.6
 1968   31.6  36.2  57.4  66.0  69.5  85.0  86.7  87.0  78.0  67.7  46.4  33.6  62.1
 1969   26.7  34.5  42.7  64.5  75.5  78.2  86.0  86.3  77.5  63.6  52.1  33.3  60.1
 1970   22.7  39.4  43.8  63.3  78.5  82.7  88.4  84.5  77.5  63.9  48.8  38.4  61.0
 1971   27.8  33.3  44.4  66.0  71.5  89.3  84.2  85.9  80.8  72.0  50.3  38.8  62.0
 1972   30.9  32.7  47.9  61.1  74.5  82.8  86.4  85.3  79.1  60.4  42.8  29.9  59.5
 1973   32.1  38.6  54.1  56.8  69.4  84.1  86.0  85.5  73.8  70.1  50.1  31.6  61.0
 1974   29.9  37.8  50.6  64.3  69.9  78.1  91.1  79.9  73.1  65.5  48.5  36.3  60.4
 1975   33.4  32.4  40.8  57.3  76.6  82.6  90.0  87.8  71.8  69.9  54.9  38.3  61.3
 1976   32.7  48.8  52.1  65.9  71.2  83.1  87.5  86.3  77.8  59.5  44.1  33.2  61.9
 1977   19.6  40.8  54.4  70.2  80.5  85.9  93.1  82.3  76.5  62.3  47.4  30.9  62.0
 1978   21.6  24.4  41.2  61.0  71.6  83.6  84.5  84.8  81.4  63.2  48.1  31.8  58.1
 1979   15.6  24.0  44.4  56.1  74.1  82.9  84.4  84.3  79.4  65.9  47.7  42.9  58.5
 1980   31.7  31.2  46.2  63.9  76.5  81.7  89.8  88.3  78.3  62.1  51.9  37.2  61.6
 1981   37.3  42.2  55.2  70.2  71.6  83.7  83.9  83.1  77.4  63.3  52.3  35.2  62.9
 1982   22.5  33.5  46.6  59.0  76.2  77.7  86.7  82.7  74.0  65.7  48.5  41.6  59.6
 1983   33.8  40.6  46.2  54.7  70.2  85.0  92.8  96.2  81.4  63.4  50.4  21.1  61.3
 1984   31.4  45.3  38.3  58.3  70.3  83.2  85.1  87.6  75.1  66.2  51.4  40.7  61.1
 1985   27.0  31.5  54.5  68.0  76.5  80.4  86.9  80.0  75.8  63.1  40.8  24.1  59.0
 1986   35.7  30.2  53.9  67.9  73.4  83.4  87.4  79.5  76.9  63.8  44.1  36.0  61.0
 1987   35.3  47.5  53.4  68.5  80.2  86.1  90.1  83.9  76.0  60.5  53.0  37.7  64.4
 1988   31.7  33.3  53.6  65.7  80.3  90.9  94.1  93.4  80.3  60.2  50.9  39.9  64.5
 1989   43.7  28.9  48.4  63.0  71.5  78.5  86.1  82.5  72.6  65.0  48.1  24.5  59.4
 1990   40.0  39.4  50.4  59.4  65.9  79.3  82.5  82.3  77.8  62.7  54.0  31.8  60.5
 1991   23.4  38.6  51.5  62.4  74.4  83.9  87.1  83.3  75.0  62.6  38.0  37.6  59.8
 1992   35.8  41.0  50.4  56.7  71.6  79.3  78.3  76.8  70.9  63.5  39.9  32.7  58.1
 1993   27.2  27.0  39.6  55.6  70.5  77.2  80.5  81.5  67.6  61.4  44.6  35.2  55.7
 1994   22.2  29.6  49.4  62.1  71.2  81.3  81.5  80.3  74.6  65.7  50.6  38.1  58.9
 1995   25.6  36.6  49.1  56.3  65.8  79.5  84.8  86.5  72.0  64.7  41.2  33.7  58.0
 1996   28.0  32.8  41.6  58.8  64.9  78.8  82.5  81.9  73.3  64.5  38.8  31.0  56.4
 1997   26.4  34.4  50.4  55.4  65.7  80.2  83.7  80.2  76.3  63.5  43.0  33.5  57.7
 1998   32.7  43.5  42.2  59.2  74.4  76.9  84.4  83.0  79.8  64.2  50.8  40.8  61.0
 1999   25.4  42.9  46.3  60.7  71.0  79.3  88.8  81.5  75.3  65.2  58.3  37.4  61.0
 2000   31.9  42.6  55.3  62.2  74.1  78.5  81.5  83.7  78.3  67.6  43.0  20.5  59.9
 MEANS  29.9  36.2  47.1  61.8  72.9  82.0  86.3  84.3  76.4  65.3  48.5  34.9  60.5
 
 THESE ARE THE MONTHLY AVG. MIN TEMPS 1951-2000 FOR STATION #7678
 YEAR    JAN   FEB  MARCH APRIL  MAY  JUNE  JULY AUGUST SEPT   OCT   NOV   DEC   ANN
  
 1951   11.0  16.4  19.9  36.4  51.2  57.6  62.7  60.4  50.7  42.7  22.4  12.0  36.9
 1952   13.6  24.5  24.8  40.4  50.4  68.0  66.6  59.6  56.2  35.1  28.8  19.3  40.6
 1953   17.8  22.1  29.5  36.0  51.2  65.4  65.3  61.9  52.7  46.0  31.3  21.3  41.7
 1954   11.8  27.5  24.2  42.7  46.4  64.3  67.6  63.5  56.7  43.6  32.7  21.3  41.9
 1955   14.9  13.9  25.8  46.6  52.6  57.9  70.8  65.8  54.2  43.7  22.2  14.2  40.2
 1956   12.2  16.4  24.8  35.4  51.9  64.7  63.7  64.2  52.3  48.1  29.9  21.0  40.4
 1957    7.5  23.7  26.2  41.4  51.0  60.2  68.4  63.2  51.1  41.1  29.6  22.9  40.5
 1958   16.5   6.1  26.7  38.7  50.6  56.5  62.2  64.0  55.1  43.2  30.8  13.1  38.6
 1959    6.7  15.8  27.5  39.2  53.6  60.9  61.0  67.2  54.5  41.5  21.8  28.2  39.8
 1960   15.2  13.0  12.4  42.4  50.4  58.6  62.7  63.5  56.8  42.7  31.4  16.8  38.8
 1961   12.0  21.0  31.0  34.7  46.6  59.5  63.4  62.9  54.5  45.1  30.9  14.0  39.6
 1962    6.2  17.0  22.6  37.6  57.3  60.4  63.5  61.3  49.2  46.5  31.7  16.7  39.2
 1963    3.2  10.4  30.5  42.5  50.5  62.8  65.5  61.4  55.6  51.5  34.4   6.3  39.6
 1964   19.6  19.4  22.5  38.8  57.3  60.2  66.3  59.1  53.7  38.8  33.8  14.9  40.4
 1965   10.7  13.9  13.5  39.2  54.6  58.7  63.4  61.4  53.5  43.0  30.8  26.9  39.1
 1966    6.4  16.5  31.1  37.5  45.8  61.0  67.1  59.6  51.7  41.8  31.8  19.7  39.2
 1967   17.3  13.0  30.9  43.0  46.6  60.3  60.7  57.6  51.2  42.1  29.3  21.9  39.5
 1968   12.5  14.6  31.4  39.5  47.6  63.2  64.0  63.3  53.5  43.2  30.4  17.8  40.1
 1969   11.7  20.7  21.5  43.0  52.2  55.9  66.2  62.9  55.0  41.9  29.3  18.1  39.9
 1970    5.0  15.9  25.2  41.3  54.5  60.7  64.5  63.2  57.0  44.9  30.7  20.4  40.3
 1971    7.1  14.2  27.2  44.3  47.5  65.6  63.9  58.8  58.5  47.6  32.9  25.9  41.1
 1972   12.0  12.8  28.1  36.6  52.9  59.0  63.9  65.0  57.0  40.9  30.2  13.0  39.3
 1973   16.9  21.7  37.6  38.0  47.8  61.6  66.5  65.1  58.1  48.2  31.9  17.0  42.5
 1974   14.0  19.8  30.0  42.5  50.5  57.3  67.8  59.5  48.1  43.2  32.1  23.0  40.6
 1975   16.6  17.9  21.9  36.0  52.9  63.0  66.3  65.3  52.6  44.0  35.8  22.0  41.2
 1976   11.2  25.0  31.2  42.2  48.1  60.2  65.8  60.5  51.3  36.9  21.5   9.3  38.6
 1977   -0.7  17.9  35.0  46.0  57.9  60.9  67.3  60.9  57.0  42.1  30.9  15.4  40.9
 1978    3.0   3.5  22.8  40.4  52.1  61.1  65.1  62.1  58.8  41.1  31.1  16.1  38.1
 1979   -1.6   3.5  26.3  36.9  48.7  60.1  64.1  63.8  54.3  42.5  30.4  22.8  37.6
 1980   17.2  13.4  26.2  39.4  51.5  60.1  68.5  66.4  55.1  39.9  31.5  19.9  40.8
 1981   15.6  19.9  30.6  46.6  49.2  62.6  66.1  62.5  53.4  42.8  34.9  18.6  41.9
 1982    1.4  15.7  26.2  36.7  57.5  56.8  65.8  63.4  55.4  45.4  31.2  25.5  40.1
 1983   20.5  24.5  31.5  37.7  51.0  62.4  69.7  70.7  58.3  45.4  34.8   6.3  42.7
 1984   10.5  24.0  25.2  40.5  49.7  62.5  63.9  64.2  52.6  46.8  30.9  21.2  41.0
 1985    5.9  12.6  34.2  44.1  54.8  58.1  65.2  62.1  56.3  43.9  27.6   4.0  39.1
 1986   18.6  14.5  33.1  44.4  53.1  63.7  69.2  59.6  58.8  45.1  26.0  23.4  42.5
 1987   18.6  25.9  33.4  42.2  55.0  64.1  68.0  62.9  53.8  38.3  36.8  24.9  43.7
 1988   13.4  12.5  27.2  37.6  53.8  62.8  66.4  67.7  56.2  37.3  30.8  19.8  40.5
 1989   23.7   8.1  26.1  39.7  48.3  58.0  65.7  61.2  50.3  41.8  22.5   3.9  37.4
 1990   22.1  19.4  31.8  37.2  46.9  61.8  64.4  63.1  55.8  39.1  33.2  15.1  40.8
 1991    5.8  20.5  29.9  42.0  56.7  63.5  63.4  62.5  50.8  39.3  22.3  21.2  39.8
 1992   20.4  25.3  30.6  36.8  48.3  56.5  61.2  55.7  50.1  39.7  29.6  18.5  39.4
 1993   12.8  14.6  24.2  35.9  51.4  57.9  64.3  63.5  48.4  38.8  26.7  19.2  38.1
 1994    3.9  10.0  26.2  37.0  47.2  60.6  60.1  57.6  52.1  42.8  31.3  22.6  37.6
 1995   11.2  15.9  27.5  33.9  47.4  60.6  63.8  66.8  49.0  40.4  21.8  17.2  37.9
 1996    9.3  12.5  18.6  32.9  47.8  59.8  59.9  60.5  50.7  40.8  23.4  15.5  36.0
 1997    5.3  19.8  27.8  34.0  42.8  58.9  62.4  59.8  54.0  40.7  27.5  22.4  37.9
 1998   18.2  30.8  26.7  39.7  55.0  58.0  64.9  63.9  56.9  43.1  32.5  21.2  42.6
 1999    9.6  25.9  23.6  41.3  50.6  59.3  66.3  59.6  48.2  38.4  32.6  18.3  39.5
 2000   12.1  24.8  31.5  37.1  51.1  56.8  62.6  63.0  52.2  44.1  25.5   2.5  38.6
 MEANS  11.7  17.4  27.1  39.5  51.0  60.6  65.0  62.5  53.8  42.5  29.7  17.8  39.9
 
 THESE ARE THE MONTHLY AVG. MEAN TEMPS 1951-2000 FOR STATION #7678
 YEAR    JAN   FEB  MARCH APRIL  MAY  JUNE  JULY AUGUST SEPT   OCT   NOV   DEC   ANN
  
 1951   19.9  25.9  29.8  46.1  62.9  66.9  73.2  71.8  61.8  53.8  33.1  21.9  47.3
 1952   24.2  32.3  33.6  52.0  60.7  77.8  77.1  71.2  68.9  50.3  39.6  27.6  51.3
 1953   25.8  30.9  38.9  46.3  61.7  76.6  77.2  74.0  67.1  59.6  43.0  31.3  52.7
 1954   22.4  38.1  34.5  54.5  57.0  75.0  79.4  73.3  68.2  53.7  42.5  29.7  52.4
 1955   22.9  23.5  36.5  57.5  64.4  68.8  81.4  78.5  68.2  55.1  32.8  23.8  51.1
 1956   22.0  25.8  36.0  48.8  64.7  76.4  75.3  74.8  65.9  61.9  39.7  30.0  51.8
 1957   17.0  32.6  37.3  51.4  60.7  70.5  78.7  74.1  62.2  51.4  38.2  32.1  50.5
 1958   24.1  16.3  35.5  50.4  63.2  67.0  71.4  74.4  66.0  56.0  42.7  22.8  49.1
 1959   16.0  24.5  36.4  50.0  64.1  71.9  73.4  77.3  65.2  50.4  31.1  34.8  49.6
 1960   22.7  21.1  21.6  52.5  60.4  67.8  73.3  74.8  68.0  54.1  42.4  26.1  48.7
 1961   22.9  30.7  38.8  45.2  57.9  71.6  74.1  73.7  64.5  56.1  39.5  23.1  49.8
 1962   15.9  24.7  31.4  49.5  68.1  70.6  73.5  73.0  62.2  56.9  41.4  26.2  49.4
 1963   11.7  20.3  40.8  53.7  60.4  74.3  75.6  71.5  66.1  64.5  43.7  15.8  49.9
 1964   30.0  29.6  33.5  50.4  67.8  71.1  76.5  71.1  64.8  53.3  44.9  24.2  51.4
 1965   21.2  24.9  23.5  50.7  65.9  69.3  74.0  72.4  63.2  54.3  41.8  36.4  49.8
 1966   15.6  26.5  42.4  48.5  57.4  70.8  78.0  70.9  63.2  54.3  41.8  27.1  49.7
 1967   27.3  23.7  41.7  53.1  59.1  70.3  72.3  68.9  62.7  52.8  38.2  30.6  50.1
 1968   22.1  25.4  44.4  52.7  58.5  74.1  75.4  75.1  65.7  55.5  38.4  25.7  51.1
 1969   19.2  27.6  32.1  53.8  63.9  67.0  76.1  74.6  66.3  52.8  40.7  25.7  50.0
 1970   13.9  27.6  34.5  52.3  66.5  71.7  76.5  73.8  67.2  54.4  39.7  29.4  50.6
 1971   17.5  23.8  35.8  55.1  59.5  77.4  74.0  72.3  69.6  59.8  41.6  32.4  51.6
 1972   21.5  22.7  38.0  48.8  63.7  70.9  75.1  75.1  68.1  50.7  36.5  21.4  49.4
 1973   24.5  30.2  45.8  47.4  58.6  72.9  76.2  75.3  65.9  59.2  41.0  24.3  51.8
 1974   22.0  28.8  40.3  53.4  60.2  67.7  79.5  69.7  60.6  54.4  40.3  29.6  50.5
 1975   25.0  25.2  31.3  46.7  64.8  72.8  78.2  76.5  62.2  57.0  45.3  30.2  51.3
 1976   22.0  36.9  41.7  54.1  59.6  71.7  76.6  73.4  64.6  48.2  32.8  21.2  50.2
 1977    9.4  29.3  44.7  58.1  69.2  73.4  80.2  71.6  66.8  52.2  39.2  23.1  51.4
 1978   12.3  13.9  32.0  50.7  61.8  72.4  74.8  73.5  70.1  52.2  39.6  23.9  48.1
 1979    7.0  13.8  35.3  46.5  61.4  71.5  74.2  74.1  66.9  54.2  39.0  32.8  48.1
 1980   24.5  22.3  36.2  51.7  64.0  70.9  79.1  77.3  66.7  51.0  41.7  28.5  51.2
 1981   26.5  31.1  42.9  58.4  60.4  73.2  75.0  72.8  65.4  53.0  43.6  26.9  52.4
 1982   11.9  24.6  36.4  47.8  66.9  67.3  76.3  73.1  64.7  55.5  39.9  33.6  49.8
 1983   27.2  32.6  38.9  46.2  60.6  73.7  81.2  83.4  69.8  54.4  42.6  13.7  52.0
 1984   20.9  34.7  31.8  49.4  60.0  72.8  74.5  75.9  63.8  56.5  41.1  31.0  51.0
 1985   16.4  22.0  44.3  56.0  65.7  69.3  76.0  71.0  66.0  53.5  34.2  14.0  49.1
 1986   27.2  22.4  43.5  56.2  63.3  73.6  78.3  69.5  67.9  54.4  35.0  29.7  51.7
 1987   27.0  36.7  43.4  55.3  67.6  75.1  79.0  73.4  64.9  49.4  44.9  31.3  54.0
 1988   22.5  22.9  40.4  51.7  67.0  76.8  80.2  80.6  68.2  48.8  40.8  29.9  52.5
 1989   33.7  18.5  37.2  51.3  59.9  68.3  75.9  71.8  61.4  53.4  35.3  14.2  48.4
 1990   31.0  29.4  41.1  48.3  56.4  70.5  73.5  72.7  66.8  50.9  43.6  23.5  50.6
 1991   14.6  29.6  40.7  52.2  65.5  73.7  75.2  72.9  62.9  50.9  30.1  29.4  49.8
 1992   28.1  33.2  40.5  46.8  60.0  67.9  69.7  66.3  60.5  51.6  34.8  25.6  48.7
 1993   20.0  20.8  31.9  45.8  60.9  67.6  72.4  72.5  58.0  50.1  35.6  27.2  46.9
 1994   13.0  19.8  37.8  49.6  59.2  70.9  70.8  68.9  63.3  54.3  41.0  30.4  48.2
 1995   18.4  26.2  38.3  45.1  56.6  70.1  74.3  76.6  60.5  52.5  31.5  25.5  48.0
 1996   18.7  22.7  30.1  45.9  56.4  69.3  71.2  71.2  62.0  52.6  31.1  23.3  46.2
 1997   15.8  27.1  39.1  44.7  54.3  69.6  73.1  70.0  65.1  52.1  35.3  28.0  47.8
 1998   25.5  37.1  34.5  49.5  64.7  67.5  74.7  73.5  68.3  53.7  41.7  31.0  51.8
 1999   17.5  34.4  35.0  51.0  60.8  69.3  77.5  70.5  61.8  51.8  45.5  27.8  50.2
 2000   22.0  33.7  43.4  49.7  62.6  67.7  72.1  73.4  65.2  55.8  34.2  11.5  49.3
 MEANS  20.8  26.8  37.1  50.7  61.9  71.3  75.6  73.4  65.1  53.9  39.1  26.4  50.2
 
 THESE ARE THE MONTHLY PRECIP TOTALS AND NUMBER OF      MISSING DAYS 1951-2000 FOR STATION #7678
 YEAR    JAN   FEB  MARCH APRIL  MAY  JUNE  JULY AUGUST SEPT   OCT   NOV   DEC   ANN
  
 1951   0.82  2.37  4.57  2.89  7.28  7.83  6.09  5.17  1.18  4.00  2.28  0.49 44.97
           0     0     0     0     0     0     0     0     1     0     0     1     2
 1952   1.24  1.01  3.37  1.50  3.97  5.50  2.75  3.79  0.41  0.00  4.42  0.00 27.96
           0     0     0     0     0     1     0     3     1     0     1    31    37
 1953   0.91  1.90  2.88  2.05  1.60  3.55  0.43  0.72  1.29  0.35  0.44  1.32 17.44
           0     0     0     0     0     0     2     0     0     0     0     0     2
 1954   0.18  0.54  1.40  3.46  6.69  4.33  0.34  8.80  1.23  4.04  0.37  0.60 31.98
           0     0     0     0     0     0     0     0     0     0     1     0     1
 1955   1.55  0.19  0.75  6.22  4.09  1.87  3.08  1.87  6.09  1.07  0.28  0.07 27.13
           0     5     0     0     0     0     0     0     0     0     0     0     5
 1956   0.16  0.64  0.47  1.08  1.33  2.17  2.81  5.46  0.84  0.95  0.77  0.43 17.11
           0     0     0     0     0     0     0     0     0     0     0     0     0
 1957   0.35  0.07  1.97  4.47  4.02  3.76  4.32  3.29  2.30  2.08  2.35  0.96 29.94
           0     0     0     0     0     0     0     0     0     0     0     0     0
 1958   1.35  0.30  0.21  1.41  3.20  4.72  8.31  3.50  5.22  0.72  1.64  0.03 30.61
           0     0     0     0     0     0     0     0     0     0     0     0     0
 1959   0.92  0.85  1.89  4.16  7.28  2.68  3.99  3.07  5.01  4.48  1.19  1.11 36.63
           0     0     0     0     0     0     0     0     0     0     0     0     0
 1960   2.02  1.38  1.86  2.97  6.32  4.85  3.65  3.40  3.01  3.01  2.63  0.57 35.67
           0     0     0     0     0     0     0     0     0     0     0     0     0
 1961   0.36  0.16  4.55  1.42  1.20  0.76  8.56  2.67  7.16  2.64  7.80  1.55 38.83
           0     2     0     0     0     0     0     0     0     0     0     0     2
 1962   0.61  1.59  1.49  1.30  6.89  2.72  5.48  4.00  1.48  4.61  1.62  0.32 32.11
           0     0     0     0     0     0     0     0     0     0     0     0     0
 1963   0.37  0.53  4.10  4.04  2.94  0.64  7.98  6.86  1.90  0.62  2.90  0.04 32.92
           1     0     0     0     0     0     0     0     0     0     0     2     3
 1964   0.30  1.10  1.40  4.69  1.24  6.96  1.95  1.91  2.27  0.00  1.06  1.05 23.93
           0     0     0     0     0     0     0     0     0     0     0     0     0
 1965   1.26  0.65  0.05  6.41  3.17  3.42  6.86  7.24 12.06  0.96  0.73  2.22 45.03
           0     0     8     0     0     0     0     0     0     0     0     0     8
 1966   1.02  0.59  0.57  3.49  6.60  7.71  4.45  0.48  0.98  3.48  1.38  0.99 31.74
           0     0     0     0     0     0     0     0     0     0     0     0     0
 1967   0.97  0.53  2.47  5.58  2.91  4.69  4.34  1.69  3.35  5.12  1.43  2.01 35.09
           0     0     0     0     0     0     0     0     0     0     0     0     0
 1968   0.04  0.15  1.61  3.59  2.41  3.27  2.15  1.51  5.14  4.45  1.44  1.89 27.65
           2     0     0     0     0     0     0     0     0     0     0     0     2
 1969   2.33  1.73  0.84  4.12  4.06  8.50  7.67  3.88  3.32  4.91  1.22  0.16 42.74
           0     0     0     0     0     0     0     0     0     0     0     9     9
 1970   0.30  0.00  1.57  4.53  3.71  4.22  2.56  6.68  9.29  4.37  0.98  1.55 39.76
           1     0     2     0     0     0     0     0     0     0     0     0     3
 1971   1.68  0.87  0.12  1.51  3.20  1.49  6.77  0.83  3.53  3.41  5.74  2.26 31.41
           0     1     0     0     0     0     0     0     0     0     0     0     1
 1972   1.00  0.39  0.80  6.99  4.34  2.72  5.63  4.26  3.59  2.11  2.40  0.96 35.19
           0     0     0     0     0     0     0     0     0     0     0     0     0
 1973   2.64  1.24  2.18  5.66  8.05  3.16  6.33  3.64  7.10  2.45  1.63  2.50 46.58
           0     0     0     0     0     0     0     0     0     0     0     0     0
 1974   1.18  0.46  3.03  0.00  7.80  4.12  3.08  4.25  2.10  2.13  2.51  1.62 32.28
           4     0     0    30     0     0     0     0     0     0     0     0    34
 1975   1.33  0.95  1.33  2.74  3.29  1.95  0.18  4.39  3.49  0.49  2.19  0.51 22.84
           0     2     0     0     0     0     0     0     0     0     0     0     2
 1976   0.37  1.29  3.11  7.82  1.95  5.13  2.52  0.52  1.69  1.75  0.04  0.26 26.45
           0     2     0     0     0     0     0     0     0     0     1     0     3
 1977   0.14  0.24  5.62  1.80  3.39  2.64  2.16  7.23  5.17  4.93  1.11  1.23 35.66
           4     0     0     0     0     0     0     0     0     0     1     1     6
 1978   0.30  0.11  0.39  4.64  4.25  4.36  6.52  3.20  4.53  1.93  3.43  1.08 34.74
           1     3     3     0     0     0     0     0     0     0     0     0     7
 1979   2.44  0.38  4.41  4.38  2.80  5.59  4.53  4.32  0.18  3.18  1.62  0.85 34.68
           1     0     0     0     0     0     0     0     0     0     0     0     1
 1980   1.44  0.89  0.96  1.50  1.29  3.77  5.20  6.44  3.79  2.57  0.64  2.42 30.91
           0     0     0     0     0     0     0     0     0     0     0     0     0
 1981   0.10  1.80  0.25 10.07  0.69  5.55  2.83  2.35  3.50  3.64  3.70  0.92 35.40
           0     0     0     0     0     0     0     0     0     0     0     0     0
 1982   2.12  0.45  6.14  3.64  5.68  1.65  8.36  3.55  4.29  2.51  2.88  2.97 44.24
           0     0     0     0     0     0     0     0     0     0     0     0     0
 1983   0.40  1.14  1.72  1.58  3.18  1.54  1.14  1.79  5.71  2.98  5.76  1.91 28.85
           0     0     0     0     0     0     0     0     0     0     0     0     0
 1984   0.42  0.92  2.43  3.80  5.77  6.79  4.83  1.39  2.20  6.81  2.35  2.63 40.34
           1     0     0     0     0     0     0     0     0     0     0     0     1
 1985   0.43  1.30  2.58  1.14  1.55  2.24  3.95  3.02  4.41  6.14  4.38  0.55 31.69
           2     0     0     0     0     0     0     0     0     0     0     1     3
 1986   0.02  0.43  1.83  2.25  5.36  3.21  5.44  4.75  7.05  3.32  0.80  0.95 35.41
           1     1     0     0     0     0     0     0     0     0     0     0     2
 1987   0.24  0.11  2.91  2.88  3.43  3.25  2.90  6.88  1.53  1.25  5.22  1.94 32.54
           0     0     0     0     0     0     0     0     0     0     0     2     2
 1988   0.38  0.20  0.65  1.21  2.25  0.53  0.55  3.30  2.20  0.98  3.38  0.78 16.41
           0     0     0     0     0     0     0     0     0     0     0     0     0
 1989   0.43  0.85  0.40  2.36  3.71  3.78  1.72  5.15  4.05  1.52  0.10  0.37 24.44
           0     0     0     0     1     0     0     0     0     0     0     0     1
 1990   1.58  1.09  5.99  2.50  7.21  9.07  6.14  3.61  1.69  2.46  2.43  1.52 45.29
           0     0     0     0     0     0     0     0     2     0     0     2     4
 1991   1.03  0.30  5.20  2.50  2.88  1.38  0.46  6.61  3.12  2.80  5.09  1.75 33.12
           0     0     0     0     0     0     0     0     0     0     0     0     0
 1992   0.94  1.85  1.65  3.80  0.46  0.90 13.78  4.01  9.00  0.62  6.83  1.76 45.60
           0     0     0     0     0     0     0     0     0     0     0     0     0
 1993   1.94  1.36  3.73  5.42  7.48  9.28 10.38 10.24  4.18  0.55  1.08  0.72 56.36
           0     0     0     0     0     0     0     0     0     0     0     0     0
 1994   0.84  2.10  0.38  1.40  2.20  5.59  3.60  5.11  2.69  0.89  3.34  1.36 29.50
           0     0     0     0     0     0     0     0     0     0     0     0     0
 1995   0.95  0.45  2.15  5.55  6.29  4.33  3.43  4.23  3.70  1.57  2.24  0.38 35.27
           0     0     0     0     0     0     0     0     0     0     0     0     0
 1996   2.58  0.50  1.76  1.23 11.91  2.40  1.00  2.74  3.20  3.54  1.14  0.33 32.33
           0     0     0     0     0     0     0     0     0     0     0     0     0
 1997   0.81  3.48  1.70  1.36  5.43  6.32  1.84  4.77  4.03  4.87  0.96  1.63 37.20
           0     0     0     0     0     0     0     0     0     0     0     0     0
 1998   1.01  1.44  3.94  3.13  5.02  7.75  3.27  9.01  3.86  7.39  1.88  0.85 48.55
           0     0     0     0     0     0     0     0     0     0     0     0     0
 1999   1.51  0.97  1.52  5.99  4.41  5.56  1.86  4.56  1.92  1.41  1.39  0.72 31.82
           0     0     0     0     0     0     0     0     0     0     0     0     0
 2000   1.13  1.03  0.93  4.07  3.12  9.45  3.00  3.21  4.81  2.21  1.70  1.81 36.47
           0     0     0     0     0     0     0     0     0     0     0     0     0
 
 MEANS  0.97  0.90  2.16  3.45  4.19  4.19  4.22  4.11  3.72  2.69  2.30  1.14 34.02
 PRECIPITATION MEANS AND TOTALS ARE BASED ON DATA      AVAILABLE
 NO ATTEMPT WAS MADE TO ESTIMATE MISSING         PRECIPITATION DATA
 *****************************************************************************************
 *****************************************************************************************
 
 THESE ARE THE MONTHLY HEATING DEGREE DAYS 1951-2000 FOR STATION #7678
 YEAR    JAN    FEB   MARCH  APRIL   MAY    JUNE   JULY  AUGUST  SEPT   OCT   NOV   DEC
 
 1951  1397.5 1093.5 1092.5  580.5  121.0   45.0    2.0    7.5  125.5  370.5  956.0 1336.5
 1952  1265.5  947.5  974.0  415.0  188.5    1.5    0.0    5.0   23.0  458.5  762.5 1160.5
 1953  1216.0  955.0  808.0  560.5  166.5    4.0    1.0    0.0   65.5  231.5  661.0 1046.0
 1954  1322.0  753.0  946.0  338.0  266.0   34.5    0.0    0.5   46.0  373.5  675.5 1093.0
 1955  1304.0 1161.5  882.5  234.5   93.5   34.0    0.0    0.5   61.0  317.0  966.0 1277.0
 1956  1332.5 1137.0  900.0  494.5  118.0   14.0    0.0   14.0   79.0  135.5  759.0 1085.5
 1957  1487.5  906.5  860.0  423.0  165.5   16.0    0.0    1.5  119.0  421.5  804.5 1020.0
 1958  1267.5 1363.5  916.0  440.0  112.0   31.5    1.5   15.0   68.5  295.0  670.0 1308.5
 1959  1517.5 1135.0  886.0  451.0  132.5   13.0    9.0    0.0  115.0  452.5 1016.5  936.5
 1960  1312.5 1273.5 1346.0  399.0  164.0   23.0    1.0    0.0   55.5  344.5  679.0 1204.5
 1961  1306.5  961.5  811.0  594.0  248.0   16.0    0.0    3.5  128.0  285.5  766.5 1297.5
 1962  1522.5 1129.0 1042.0  478.5   60.0   20.5    3.0    0.0  141.5  292.5  709.0 1203.5
 1963  1653.5 1252.0  750.5  348.0  187.0    9.5    2.0   17.0   62.5  102.5  640.0 1524.0
 1964  1086.5 1026.0  976.5  437.0   51.0   22.5    3.0   28.5  107.5  364.0  605.0 1263.5
 1965  1359.0 1121.5 1287.0  437.5   90.0    4.5    0.0   16.5  127.0  346.0  694.5  887.0
 1966  1531.5 1077.0  702.0  497.0  273.0   17.0    0.0   13.5  120.5  345.5  694.5 1175.0
 1967  1169.0 1155.5  731.0  369.5  254.0   11.5   19.5   26.5  121.0  404.0  804.0 1066.0
 1968  1330.5 1148.5  639.5  368.0  213.0    9.5    0.0    4.0   59.5  334.0  797.5 1218.5
 1969  1419.5 1048.0 1020.5  337.0  130.5   62.5    0.0    0.0   55.0  411.5  729.0 1218.5
 1970  1585.5 1046.5  946.0  410.5   84.0   17.0    2.0    2.0   78.0  336.5  758.0 1103.5
 1971  1473.5 1154.5  905.0  319.0  207.5    1.5   11.5    6.0   81.0  190.0  703.0 1011.5
 1972  1350.0 1226.0  836.0  484.5  150.5   25.0    8.5    0.0   67.0  446.5  854.5 1351.0
 1973  1256.5  975.0  594.0  527.5  204.0    0.0    0.0    0.0   70.5  212.0  719.5 1262.0
 1974  1334.5 1015.0  765.0  360.5  199.0   28.5    0.0   10.5  162.0  331.0  741.0 1097.0
 1975  1240.0 1115.5 1043.5  550.5   98.5    9.0    0.5    0.0  151.5  283.0  590.5 1080.0
 1976  1334.0  816.0  723.5  343.0  183.0    1.0    0.0    1.5   91.0  535.0  967.0 1357.0
 1977  1723.0  998.5  630.0  252.0   37.0    7.5    0.0    5.5   37.5  396.0  774.5 1298.0
 1978  1633.0 1429.5 1025.5  429.0  193.0    4.5    0.0    0.0   46.0  400.5  762.5 1273.0
 1979  1797.5 1435.0  920.0  555.5  174.5    6.5    1.0    7.5   54.5  354.5  778.5  997.0
 1980  1256.0 1238.0  893.5  426.5  112.0    8.5    0.0    0.0   82.0  437.0  699.0 1131.0
 1981  1195.0  950.0  685.5  230.5  181.5    0.0   11.0    4.0   76.5  375.0  643.0 1181.5
 1982  1645.0 1131.0  887.0  515.5   46.5   37.5    0.0    6.5  111.0  306.5  753.5  974.5
 1983  1173.0  908.5  809.5  564.5  160.0   15.5    0.0    0.0   68.5  346.5  672.0 1590.0
 1984  1366.0  880.0 1030.0  475.0  194.5    0.0    3.5    1.5  143.0  270.5  716.0 1054.5
 1985  1506.0 1203.0  640.5  314.0   55.0   23.0    0.0    3.5  147.0  356.5  923.0 1579.5
 1986  1173.0 1194.0  675.5  299.0  109.0    1.0    0.0   17.0   45.5  328.0  898.5 1095.5
 1987  1179.0  792.0  669.5  318.5   57.0    5.5    1.5   23.0   61.0  484.0  604.5 1044.0
 1988  1316.5 1221.0  762.5  400.0   40.0    2.5    0.0    5.0   25.0  504.0  725.5 1089.0
 1989   971.0 1301.0  862.5  430.5  205.0   39.0    1.0    9.0  158.5  372.5  890.0 1574.5
 1990  1053.0  996.0  744.0  529.0  272.0   25.5    5.0    3.0  109.0  449.0  642.5 1288.0
 1991  1562.5  991.5  758.5  396.0  138.0    4.0    0.0    8.5  181.0  443.5 1046.0 1103.5
 1992  1143.5  923.0  760.0  547.5  201.0   34.5   12.0   55.5  186.5  419.5  907.5 1221.0
 1993  1394.5 1237.5 1025.5  577.5  149.0   68.0    1.0   10.0  223.5  470.5  881.0 1172.0
 1994  1611.5 1266.5  844.0  476.0  209.5   27.5    1.0   28.0  123.5  346.0  721.5 1074.0
 1995  1444.5 1085.0  828.0  597.0  262.5   22.0    6.5    0.0  180.0  392.5 1004.5 1226.0
 1996  1436.5 1228.0 1080.5  574.5  297.5   46.0    3.5    0.0  153.5  389.5 1017.0 1294.0
 1997  1524.5 1061.5  802.5  609.5  343.0   13.5   11.0    7.5   73.5  450.5  892.0 1148.0
 1998  1226.0  780.5  948.5  465.5   88.0   70.5    0.0    0.0   39.5  354.5  700.5 1053.5
 1999  1473.0  857.0  931.0  420.0  157.5   40.5    0.0    6.0  153.5  415.5  586.0 1152.0
 2000  1333.0  907.0  671.5  459.5  136.0   42.5    2.0    1.0  132.0  296.0  922.5 1658.5
 *****************************************************************************************
 MEANS 1396.8 1100.6  881.5  449.1  162.1   20.6    2.5    7.6  101.5  365.9  793.0 1220.5
 
 THESE ARE THE MONTHLY COOLING DEGREE DAYS 1951-2000 FOR STATION #7678
 YEAR    JAN   FEB  MARCH APRIL  MAY  JUNE  JULY AUGUST SEPT   OCT   NOV   DEC   ANN
 
 1951    0.0   0.0   0.0  12.5  55.0 101.0 255.0 218.5  30.5  22.5   0.0   0.0
 1952    0.0   0.0   0.0  25.0  54.0 384.0 375.5 196.5 141.0   1.5   0.0   0.0
 1953    0.0   0.0   0.0   1.0  64.5 352.5 379.5 278.0 127.5  64.0   0.0   0.0
 1954    0.0   0.0   0.0  21.5  18.0 334.5 445.0 258.0 142.5  23.5   0.0   0.0
 1955    0.0   0.0   0.0   8.5  73.5 147.0 509.5 419.5 157.0   9.0   0.0   0.0
 1956    0.0   0.0   0.0  10.0 108.5 355.5 318.5 317.5 105.5  38.5   0.0   0.0
 1957    0.0   0.0   0.0  15.5  31.0 180.5 425.5 285.0  34.5   0.0   0.0   0.0
 1958    0.0   0.0   0.0   2.5  55.5  90.5 200.5 307.5  98.0  15.0   0.0   0.0
 1959    0.0   0.0   0.0   0.0 104.0 221.5 268.5 382.5 120.5   0.0   0.0   0.0
 1960    0.0   0.0   0.0  24.0  22.0 105.5 257.0 305.0 146.5   6.5   0.0   0.0
 1961    0.0   0.0   0.0   0.0  28.0 214.0 282.0 273.5 113.0   9.0   0.0   0.0
 1962    0.0   0.0   0.0  12.0 156.0 189.5 266.5 247.5  58.5  41.5   0.0   0.0
 1963    0.0   0.0   0.0   9.0  45.0 288.5 332.0 219.5  94.0  87.0   0.0   0.0
 1964    0.0   0.0   0.0   0.0 139.0 205.5 359.0 216.5 102.0   0.0   2.5   0.0
 1965    0.0   0.0   0.0   7.0 116.5 133.0 279.5 246.0  71.5  14.5   0.0   0.0
 1966    0.0   0.0   0.0   1.0  36.0 191.5 401.5 195.0  66.5  13.5   0.0   0.0
 1967    0.0   0.0   8.0  13.5  72.0 172.0 246.5 146.0  51.5  26.5   0.0   0.0
 1968    0.0   0.0   0.0   0.0  13.0 282.0 321.5 317.5  81.5  38.0   0.0   0.0
 1969    0.0   0.0   0.0   0.0  95.0 123.5 345.0 296.5  93.0  32.0   0.0   0.0
 1970    0.0   0.0   0.0  30.0 131.0 218.0 358.0 276.0 145.5   8.0   0.0   0.0
 1971    0.0   0.0   0.0  22.5  36.0 374.5 292.0 233.0 220.0  29.0   0.0   0.0
 1972    0.0   0.0   0.0   0.0 109.0 201.5 322.5 313.5 159.5   2.5   0.0   0.0
 1973    0.0   0.0   0.0   0.0   5.0 236.0 348.5 319.0  98.5  31.0   0.0   0.0
 1974    0.0   0.0   0.0  12.5  50.5 109.0 448.0 155.0  31.0   2.0   0.0   0.0
 1975    0.0   0.0   0.0   0.0  92.0 243.0 409.0 357.5  67.5  33.5   0.0   0.0
 1976    0.0   0.0   0.0  15.0  17.0 200.5 360.5 262.0  78.0  14.5   0.0   0.0
 1977    0.0   0.0   0.0  44.5 167.0 259.5 471.0 209.0  90.0   0.0   0.0   0.0
 1978    0.0   0.0   3.0   0.0  95.0 226.0 303.5 263.0 199.0   2.5   0.0   0.0
 1979    0.0   0.0   0.0   0.0  62.0 201.5 287.0 288.5 110.5  20.5   0.0   0.0
 1980    0.0   0.0   0.0  26.5  81.5 186.0 438.5 381.5 132.5   3.0   0.0   0.0
 1981    0.0   0.0   0.0  32.5  39.0 245.0 321.0 244.5  87.5   4.0   0.0   0.0
 1982    0.0   0.0   0.0   0.0 104.0 105.5 349.5 257.0 102.5  12.5   0.0   0.0
 1983    0.0   0.0   0.0   1.5  24.0 276.0 503.5 571.0 213.5  17.0   0.0   0.0
 1984    0.0   0.0   0.0   7.5  40.0 235.5 297.5 339.5 108.5   7.0   0.0   0.0
 1985    0.0   0.0   0.0  45.0  76.0 151.0 342.5 190.5 178.0   0.0   0.0   0.0
 1986    0.0   0.0   9.5  33.5  55.5 258.0 413.0 158.0 131.5   0.5   0.0   0.0
 1987    0.0   0.0   0.0  28.5 137.5 309.0 437.0 284.0  58.0   0.5   2.0   0.0
 1988    0.0   0.0   0.0   0.0 103.5 357.5 472.5 488.0 122.0   0.5   0.0   0.0
 1989    0.0   0.0   1.5  20.0  46.0 137.0 338.0 221.0  51.0  13.0   0.0   0.0
 1990    0.0   0.0   2.5  29.0   5.0 191.5 267.0 242.0 163.5  12.0   0.5   0.0
 1991    0.0   0.0   5.5  11.0 154.5 266.0 317.0 252.5 117.5   7.5   0.0   0.0
 1992    0.0   0.0   0.0   0.0  45.5 121.5 159.0  95.5  51.5   3.5   0.0   0.0
 1993    0.0   0.0   0.0   0.0  22.0 145.5 229.0 242.5  14.0   9.0   0.0   0.0
 1994    0.0   0.0   0.0  13.0  30.0 205.0 181.5 149.5  74.0  13.0   0.0   0.0
 1995    0.0   0.0   0.0   0.0   2.5 174.0 295.0 360.5  44.0   5.5   0.0   0.0
 1996    0.0   0.0   0.0   1.0  30.5 174.0 195.0 193.0  63.5   6.5   0.0   0.0
 1997    0.0   0.0   0.0   0.0  10.5 150.5 261.0 161.5  77.5  49.5   0.0   0.0
 1998    0.0   0.0   2.0   0.0  79.0 145.0 299.5 262.5 140.0   3.0   0.0   0.0
 1999    0.0   0.0   0.0   0.0  26.5 169.5 388.5 178.0  56.0   6.0   0.0   0.0
 2000    0.0   0.0   2.5   0.0  60.5 122.5 221.0 260.0 139.5  12.0   0.0   0.0
 *****************************************************************************************
 MEANS   0.0   0.0   0.7  11.1  66.2 214.3 339.5 273.0 105.9  15.9   0.1   0.0
 
 THESE ARE THE HEAT STRESS VARIABLES 1951-2000 FOR STATION #7678
             # OF DAYS MAXT >86                           HEAT INDEX
 YEAR   MAY  JUNE  JULY   AUG  SEPT  TOTAL     MAY    JUNE   JULY   AUG    SEPT  TOTAL
 1951   0.0   1.0  10.0   9.0   1.0   21.0      0.0    2.0   23.0   34.0    1.0   60.0
 1952   4.0  21.0  19.0   9.0   4.0   57.0     10.0  102.0  102.0   21.0   15.0  250.0
 1953   4.0  17.0  19.0  14.0   8.0   62.0     17.0  101.0  134.0   85.0   57.0  394.0
 1954   0.0  18.0  25.0  12.0   7.0   62.0      0.0  106.0  182.0   38.0   35.0  361.0
 1955   2.0   3.0  27.0  25.0  11.0   68.0      5.0    9.0  196.0  188.0   66.0  464.0
 1956   4.0  19.0  17.0  14.0   7.0   61.0     16.0  114.0   99.0   64.0   21.0  314.0
 1957   0.0   7.0  22.0  11.0   1.0   41.0      0.0   19.0  125.0   60.0    5.0  209.0
 1958   1.0   4.0   3.0  17.0   1.0   26.0      3.0   14.0    4.0   73.0    2.0   96.0
 1959   1.0   8.0  15.0  21.0   4.0   49.0      1.0   25.0   48.0   94.0   19.0  187.0
 1960   0.0   0.0  12.0  14.0   7.0   33.0      0.0    0.0   41.0   50.0   62.0  153.0
 1961   1.0   8.0   9.0  11.0   4.0   33.0      1.0   38.0   32.0   33.0   13.0  117.0
 1962   5.0   8.0  10.0  11.0   4.0   38.0      8.0   19.0   26.0   44.0   15.0  112.0
 1963   3.0  15.0  14.0   9.0   4.0   45.0      8.0   93.0   50.0   38.0    7.0  196.0
 1964   2.0   6.0  17.0  10.0   4.0   39.0      3.0   32.0   91.0   70.0   17.0  213.0
 1965   2.0   1.0   7.0  11.0   1.0   22.0      4.0    1.0   49.0   67.0    3.0  124.0
 1966   4.0   6.0  18.0   7.0   1.0   36.0      7.0   20.0  129.0   21.0    3.0  180.0
 1967   7.0   1.0  13.0   2.0   0.0   23.0     23.0    3.0   49.0    4.0    0.0   79.0
 1968   0.0  17.0  15.0  17.0   4.0   53.0      0.0   58.0   56.0  105.0   10.0  229.0
 1969   2.0   4.0  15.0  14.0   1.0   36.0      4.0   16.0   62.0   45.0    2.0  129.0
 1970   3.0  10.0  22.0  14.0   6.0   55.0      7.0   39.0  128.0   49.0   18.0  241.0
 1971   0.0  22.0  12.0  15.0  12.0   61.0      0.0  127.0   30.0   67.0   54.0  278.0
 1972   6.0  10.0  19.0  14.0   5.0   54.0     13.0   44.0   80.0   94.0   19.0  250.0
 1973   0.0   9.0  16.0  15.0   1.0   41.0      0.0   30.0   72.0   53.0    4.0  159.0
 1974   0.0   3.0  25.0   4.0   0.0   32.0      0.0   12.0  172.0   14.0    0.0  198.0
 1975   6.0  14.0  24.0  16.0   2.0   62.0     19.0   42.0  159.0  123.0    8.0  351.0
 1976   0.0   6.0  16.0  17.0   7.0   46.0      0.0   18.0   82.0   74.0   17.0  191.0
 1977   7.0  14.0  27.0   8.0   0.0   56.0     15.0   76.0  229.0   28.0    0.0  348.0
 1978   3.0   8.0  10.0  12.0   9.0   42.0     13.0   32.0   37.0   43.0   39.0  164.0
 1979   2.0   6.0  13.0  12.0   4.0   37.0      4.0   15.0   27.0   66.0   10.0  122.0
 1980   4.0   6.0  22.0  21.0   5.0   58.0     10.0   26.0  153.0  107.0   19.0  315.0
 1981   0.0   6.0  10.0   6.0   4.0   26.0      0.0   18.0   58.0   15.0   14.0  105.0
 1982   0.0   1.0  21.0   7.0   2.0   31.0      0.0    1.0   57.0   44.0    3.0  105.0
 1983   0.0  13.0  26.0  28.0   9.0   76.0      0.0   61.0  226.0  318.0   67.0  672.0
 1984   1.0   4.0  14.0  18.0   5.0   42.0      1.0   10.0   61.0  102.0   28.0  202.0
 1985   2.0   6.0  16.0   5.0  10.0   39.0      8.0   28.0   78.0   17.0   50.0  181.0
 1986   0.0   7.0  17.0   2.0   4.0   30.0      0.0   31.0   78.0    9.0    6.0  124.0
 1987   7.0  13.0  22.0  13.0   0.0   55.0     10.0   69.0  158.0   73.0    0.0  310.0
 1988   4.0  22.0  28.0  22.0   6.0   82.0     12.0  179.0  258.0  261.0   19.0  729.0
 1989   1.0   3.0  14.0   6.0   0.0   24.0      1.0    7.0   82.0   20.0    0.0  110.0
 1990   0.0   3.0  11.0   8.0   6.0   28.0      0.0   11.0   39.0   41.0   33.0  124.0
 1991   4.0   9.0  15.0  10.0   3.0   41.0     11.0   47.0  111.0   51.0    9.0  229.0
 1992   0.0   5.0   3.0   4.0   0.0   12.0      0.0    8.0    7.0   10.0    0.0   25.0
 1993   0.0   4.0   4.0   8.0   1.0   17.0      0.0    5.0   13.0   17.0    2.0   37.0
 1994   0.0  10.0   8.0   6.0   3.0   27.0      0.0   27.0   19.0   19.0    6.0   71.0
 1995   0.0   9.0  13.0  13.0   0.0   35.0      0.0   23.0   63.0   66.0    0.0  152.0
 1996   2.0   7.0   6.0   7.0   0.0   22.0      6.0   21.0   20.0   19.0    0.0   66.0
 1997   1.0   3.0  12.0   6.0   2.0   24.0      1.0    5.0   60.0   23.0    6.0   95.0
 1998   3.0   5.0   9.0   6.0   5.0   28.0      5.0   20.0   34.0   16.0   18.0   93.0
 1999   0.0   6.0  20.0   6.0   4.0   36.0      0.0   15.0  132.0   18.0   12.0  177.0
 2000   1.0   4.0   4.0   9.0  11.0   29.0      1.0    9.0   12.0   21.0   53.0   96.0
 *****************************************************************************************
 MEANS  2.0   8.5  15.7  11.8   4.1   42.2      5.2   37.8   87.1   62.0   18.0  210.1
