 
 THIS IS FOR STATION NUMBER 8688 1951-> 2000
                                 # OF PRECIPITATION EVENTS - % IN PARENS
 CL                   MAX   MEAN  0.01-  0.26-  0.51-  1.01-          # OF DAYS
 WK    TIME PERIOD    VAL   RAIN    0.25   0.51   1.00   2.00  >2.01 MISSING TOTAL
  1 3/1-->3/7        2.15   0.56  51(56) 25(27)  5( 5)  8( 8)  1( 1)    0       90
  2 3/8-->3/14       1.83   0.58  52(59) 18(20) 13(14)  5( 5)  0( 0)    0       88
  3 3/15-->3/21      1.04   0.39  47(61) 20(26)  8(10)  1( 1)  0( 0)    0       76
  4 3/22-->3/28      1.89   0.49  52(57) 24(26) 13(14)  1( 1)  0( 0)    0       90
  5 3/29-->4/4       2.52   0.63  59(58) 26(25) 10( 9)  5( 4)  1( 0)    0      101
  6 4/5-->4/11       1.80   0.61  41(48) 27(32)  8( 9)  8( 9)  0( 0)    0       84
  7 4/12-->4/18      3.34   0.86  47(45) 25(24) 24(23)  6( 5)  1( 0)    0      103
  8 4/19-->4/25      2.65   1.00  73(55) 26(19) 21(16)  7( 5)  4( 3)    0      131
  9 4/26-->5/2       1.83   0.73  57(52) 25(22) 22(20)  5( 4)  0( 0)    0      109
 10 5/3-->5/9        2.20   0.81  57(50) 18(16) 30(26)  6( 5)  1( 0)    0      112
 11 5/10-->5/16      3.40   0.90  54(48) 27(24) 19(17)  9( 8)  2( 1)    0      111
 12 5/17-->5/23      3.19   0.77  67(59) 22(19) 14(12)  7( 6)  2( 1)    0      112
 13 5/24-->5/30      2.33   1.27  58(44) 24(18) 27(20) 17(13)  3( 2)    0      129
 14 5/31-->6/6       2.12   0.77  58(54) 23(21) 17(15)  7( 6)  2( 1)    0      107
 15 6/7-->6/13       3.45   1.16  59(48) 23(18) 22(18) 17(13)  1( 0)    0      122
 16 6/14-->6/20      4.16   0.96  61(57) 13(12) 18(16) 12(11)  2( 1)    0      106
 17 6/21-->6/27      3.14   0.96  48(47) 22(21) 17(16) 10( 9)  4( 3)    0      101
 18 6/28-->7/4       2.22   1.09  37(39) 20(21) 16(17) 19(20)  2( 2)    0       94
 19 7/5-->7/11       3.05   1.07  45(43) 25(24) 17(16) 14(13)  2( 1)    0      103
 20 7/12-->7/18      3.50   0.91  48(49) 16(16) 20(20) 12(12)  1( 1)    0       97
 21 7/19-->7/25      2.70   0.96  58(52) 15(13) 25(22)  8( 7)  4( 3)    0      110
 22 7/26-->8/1       2.00   0.76  43(43) 31(31) 17(17)  6( 6)  1( 1)    1       98
 23 8/2-->8/8        4.28   0.90  56(55) 19(18) 16(15)  6( 5)  4( 3)    7      101
 24 8/9-->8/15       2.50   0.85  44(53) 14(16) 10(12) 10(12)  5( 6)    7       83
 25 8/16-->8/22      2.04   0.61  45(52) 20(23) 13(15)  6( 7)  1( 1)    7       85
 26 8/23-->8/29      6.58   0.95  43(47) 19(20) 20(21)  5( 5)  4( 4)    7       91
 27 8/30-->9/5       4.19   0.80  37(48) 18(23)  9(11)  9(11)  4( 5)    2       77
 28 9/6-->9/12       4.05   0.68  39(46) 24(28) 12(14)  6( 7)  2( 2)    0       83
 29 9/13-->9/19      3.28   1.06  46(42) 29(26) 17(15) 12(11)  4( 3)    0      108
 30 9/20-->9/26      3.29   0.96  39(40) 24(25) 19(19) 11(11)  3( 3)    0       96
 31 9/27-->10/3      1.80   0.55  35(47) 16(21) 17(23)  5( 6)  0( 0)    1       73
 32 10/4-->10/10     2.44   0.71  55(60) 12(13) 13(14)  8( 8)  3( 3)    0       91
 33 10/11-->10/17    2.72   0.56  39(55) 14(20) 10(14)  5( 7)  2( 2)    0       70
 34 10/18-->10/24    2.34   0.68  42(48) 24(27) 14(16)  4( 4)  3( 3)    0       87
 35 10/25-->10/31    1.40   0.51  41(50) 22(26) 18(21)  1( 1)  0( 0)    0       82
 36 11/1-->11/7      1.81   0.59  48(57) 14(16) 13(15)  8( 9)  0( 0)    7       83
 37 11/8-->11/14     1.80   0.44  39(56) 14(20) 13(18)  3( 4)  0( 0)    7       69
 38 11/15-->11/21    2.74   0.64  36(52) 10(14) 15(21)  5( 7)  3( 4)    7       69
 39 11/22-->11/28    1.12   0.38  52(64) 17(20) 10(12)  2( 2)  0( 0)    7       81
 40 11/29-->12/5     2.06   0.39  37(56) 18(27) 10(15)  0( 0)  1( 1)    2       66
 41 12/6-->12/12     1.86   0.39  49(60) 22(27)  8( 9)  2( 2)  0( 0)    0       81
 42 12/13-->12/19    3.17   0.30  48(75) 10(15)  5( 7)  0( 0)  1( 1)    0       64
 43 12/20-->12/26    1.56   0.33  56(77)  6( 8)  6( 8)  4( 5)  0( 0)    2       72
 44 12/27-->1/2      1.10   0.39  42(59) 13(18) 15(21)  1( 1)  0( 0)    0       71
 45 1/3-->1/9        0.95   0.25  38(69) 10(18)  7(12)  0( 0)  0( 0)    2       55
 46 1/10-->1/16      1.95   0.26  50(79)  9(14)  3( 4)  1( 1)  0( 0)    0       63
 47 1/17-->1/23      0.82   0.34  43(58) 19(26) 11(15)  0( 0)  0( 0)    0       73
 48 1/24-->1/30      1.23   0.23  55(76) 14(19)  2( 2)  1( 1)  0( 0)    0       72
 49 1/31-->2/6       0.99   0.20  48(78) 11(18)  2( 3)  0( 0)  0( 0)    0       61
 50 2/7-->2/13       1.10   0.18  39(78)  7(14)  3( 6)  1( 2)  0( 0)    0       50
 51 2/14-->2/20      1.28   0.31  48(69) 15(21)  5( 7)  1( 1)  0( 0)    0       69
 52 2/21-->2/27      1.91   0.41  39(53) 24(32)  9(12)  1( 1)  0( 0)    0       73
 53 2/28-->2/29      0.37   0.02   4(66)  2(33)  0( 0)  0( 0)  0( 0)    0        6
 ANNUAL TOTALS       6.58   2504(54)985(21)708(15)308( 6) 74( 1)   66     4579
 
 THESE ARE THE MONTHLY AVERAGES FOR 1951-->2000 FOR STATION NUMBER 8688
   JAN  FEB  MAR  APR  MAY  JUN  JUL  AUG  SPT  OCT  NOV  DEC  ANNUAL
   1.22 1.10 2.33 3.26 4.18 4.17 4.19 3.66 3.61 2.63 2.14 1.58 34.08  <-- PRECIP
  
   22.3 28.4 39.1 53.1 64.4 73.6 77.7 75.5 67.4 56.0 40.8 27.7  56.6  <-- TEMP
 
 TWELVE SIGNIFICANT RAINFALL EVENTS  
 MONTH  DAY  YEAR   AMOUNT
   8     25  1951     6.58
   8     30  1965     4.19
   8      5  1970     4.28
   6     20  1990     4.16
   9     10  1992     4.05
   8     28  1998     3.62
   7     18  1982     3.50
   6     10  1967     3.45
   5     10  1996     3.40
   9     21  1965     3.29
   4     12  1981     3.34
   9     18  1978     3.28
 
 GROWING DEGREE DAYS FOR 4 BASE TEMPS FOR STATION NUMBER  8688
               MARCH                       APRIL  
     ****************************  ******************* ******** 
 YEAR  40-86  48-86  50-86  52-86   40-86  48-86  50-86  52-86  
     ****************************  ******************* ******** 
 1951     65     22     15      9    314    187    161    135
 1952    101     49     40     33    438    285    253    224
 1953    177     82     65     50    286    156    130    107
 1954    124     47     36     27    506    324    285    250
 1955    170     93     77     62    555    362    321    283
 1956    150     74     61     50    376    242    213    186
 1957    147     62     46     34    425    261    225    193
 1958     94     33     22     14    392    237    203    170
 1959    137     65     53     46    384    226    195    167
 1960     33     11      7      3    445    285    249    216
 1961    132     57     45     35    272    145    121    101
 1962     97     49     40     33    387    238    207    181
 1963    227    134    118    103    466    305    269    233
 1964    128     66     54     42    420    263    229    198
 1965     21      6      4      2    357    207    177    151
 1966    242    132    108     86    330    191    163    139
 1967    227    144    126    108    433    263    229    197
 1968    322    195    170    148    442    278    246    215
 1969    104     55     47     40    442    277    239    203
 1970     96     34     23     14    458    302    268    236
 1971    125     58     50     44    495    336    303    270
 1972    164     89     78     68    386    231    199    171
 1973    266    126     99     75    373    218    186    159
 1974    209    109     92     78    518    340    302    265
 1975     89     46     37     29    335    194    164    141
 1976    228    119     98     80    504    332    293    257
 1977    280    155    133    112    600    412    369    327
 1978    108     56     46     37    404    246    216    187
 1979    138     77     65     54    307    170    143    118
 1980    128     53     41     31    420    261    226    198
 1981    260    140    118    100    571    378    335    296
 1982    139     54     40     31    341    215    187    161
 1983    186    105     88     72    268    140    120    103
 1984     62     17     10      5    329    188    159    133
 1985    235    118     96     77    561    383    346    311
 1986    267    164    145    127    537    366    329    294
 1987    233    128    110     95    531    356    320    286
 1988    230    130    109     90    416    270    240    211
 1989    206    122    104     89    435    271    236    204
 1990    257    142    120     99    415    259    226    197
 1991    259    147    123    104    476    302    266    230
 1992    230    118     96     76    384    232    201    175
 1993     93     42     32     24    333    186    158    134
 1994    204    109     91     76    461    308    276    245
 1995    235    141    122    104    347    205    175    147
 1996    128     59     45     35    404    253    221    193
 1997    224    118     96     78    329    196    170    146
 1998    188    115    100     90    389    220    189    160
 1999    143     70     55     43    381    219    189    160
 2000    263    153    131    112    367    223    196    172
     ****************************  ******************* ******** 
 MEAN  171.7   90.0   74.8   61.8  415.2  259.1  226.7  197.0
 STDV   71.4   45.7   40.6   35.8   80.3   65.3   61.0   56.5
 
               MAY                         JUNE   
     ****************************  ******************* ******** 
 YEAR  40-86  48-86  50-86  52-86   40-86  48-86  50-86  52-86  
     ****************************  ******************* ******** 
 1951    731    511    459    411    804    570    513    458
 1952    681    456    409    365   1043    803    744    685
 1953    669    447    400    356   1021    781    721    661
 1954    575    379    337    298    996    758    700    643
 1955    756    521    469    422    847    609    552    497
 1956    786    568    519    472   1016    781    723    667
 1957    672    446    396    350    924    686    628    572
 1958    720    505    460    417    817    577    517    460
 1959    781    551    499    449    969    729    669    611
 1960    651    435    385    338    857    618    561    506
 1961    602    403    360    319    929    691    634    582
 1962    892    648    591    535    919    679    620    564
 1963    675    455    405    360    991    753    695    638
 1964    849    608    551    497    945    708    650    593
 1965    830    598    545    493    901    661    602    547
 1966    588    393    351    314    910    673    616    559
 1967    576    388    347    308    933    693    635    579
 1968    616    409    367    328    987    747    687    629
 1969    731    510    460    413    840    606    550    499
 1970    839    605    550    498    950    710    650    592
 1971    644    442    397    356   1075    835    775    715
 1972    751    527    476    426    909    674    617    561
 1973    638    417    366    318    986    746    686    626
 1974    692    469    421    375    857    618    559    501
 1975    809    571    519    469    965    725    665    606
 1976    650    441    394    352    946    706    646    586
 1977    930    692    634    578    998    760    701    642
 1978    690    472    423    376    967    727    668    611
 1979    735    516    468    422    970    730    671    613
 1980    803    573    518    464    945    705    646    588
 1981    652    441    396    354   1008    768    708    648
 1982    825    587    529    473    829    592    536    483
 1983    599    387    344    303    983    744    687    631
 1984    624    415    372    331   1001    761    702    643
 1985    800    559    504    453    878    640    583    526
 1986    741    508    454    403   1008    769    711    653
 1987    886    650    596    545   1028    788    729    670
 1988    829    591    539    490   1001    761    702    645
 1989    668    458    412    367    900    661    604    547
 1990    596    378    332    289    963    723    664    606
 1991    853    622    568    516   1030    790    730    670
 1992    706    493    447    402    906    667    608    550
 1993    728    497    444    393    887    653    596    540
 1994    714    490    442    397    995    755    696    637
 1995    623    390    339    295    966    726    666    606
 1996    607    387    339    295    947    707    648    589
 1997    566    363    320    281    953    713    653    594
 1998    851    606    546    489    897    658    600    546
 1999    659    429    381    335    894    654    597    541
 2000    874    630    572    515    797    562    507    454
     ****************************  ******************* ******** 
 MEAN  719.5  497.0  447.3  400.3  942.0  703.3  644.8  587.6
 STDV   98.0   86.8   82.7   78.3   66.0   65.0   64.2   62.8
 
               JULY                        AUGUST 
     ****************************  ******************* ******** 
 YEAR  40-86  48-86  50-86  52-86   40-86  48-86  50-86  52-86  
     ****************************  ******************* ******** 
 1951   1006    758    697    636    964    716    654    593
 1952   1086    838    776    714    976    728    667    607
 1953   1090    842    780    718   1042    794    732    670
 1954   1113    865    803    741   1023    775    713    651
 1955   1174    926    864    802   1095    847    785    723
 1956   1037    789    727    665   1046    799    739    680
 1957   1129    881    819    757   1033    785    723    661
 1958    990    742    680    618   1014    769    708    648
 1959   1022    774    713    652   1111    863    801    739
 1960   1020    772    710    648   1058    810    748    686
 1961   1036    788    726    664   1032    784    722    660
 1962   1000    752    690    629   1016    768    706    644
 1963   1053    805    743    682    965    718    657    596
 1964   1089    841    779    718    949    704    645    588
 1965   1023    775    713    651    955    709    649    589
 1966   1108    860    798    736    951    705    645    586
 1967    977    729    670    613    899    656    600    545
 1968   1064    816    754    693   1036    788    727    667
 1969   1110    862    800    738   1048    800    738    676
 1970   1070    822    760    698   1040    792    730    668
 1971   1014    766    706    646   1003    755    693    632
 1972   1067    819    758    697   1035    787    725    664
 1973   1097    849    787    725   1072    824    762    700
 1974   1122    874    812    750    965    717    655    594
 1975   1079    831    770    710   1071    823    761    699
 1976   1097    849    787    726    985    737    675    614
 1977   1134    886    824    762    992    744    683    622
 1978   1073    825    763    701   1036    788    726    665
 1979   1062    814    752    690   1038    790    728    667
 1980   1149    901    839    777   1120    872    810    748
 1981   1080    832    770    708   1035    787    725    663
 1982   1090    842    780    718    992    744    682    622
 1983   1141    893    831    769   1156    908    846    784
 1984   1023    775    713    651   1012    770    711    654
 1985   1067    819    757    695    958    710    648    586
 1986   1143    895    833    771    920    678    618    558
 1987   1140    892    830    768   1020    772    710    648
 1988   1111    863    801    739   1110    862    802    742
 1989   1101    853    791    729   1025    777    716    655
 1990   1055    807    745    683   1036    788    726    664
 1991   1087    839    777    715   1049    801    739    677
 1992    992    744    682    620    872    624    565    509
 1993   1061    813    751    689   1059    811    749    687
 1994   1039    791    729    667    980    732    670    610
 1995   1098    850    788    726   1169    921    859    797
 1996   1043    795    733    671   1032    784    722    660
 1997   1069    821    759    697   1001    753    691    629
 1998   1113    865    803    741   1091    843    781    719
 1999   1094    846    784    722    914    666    604    542
 2000    987    739    677    616   1030    782    720    659
     ****************************  ******************* ******** 
 MEAN 1072.7  824.7  762.9  701.3 1020.8  773.4  712.0  651.1
 STDV   47.4   47.4   47.2   46.9   61.1   60.5   60.0   59.1
 
               SEPTEMBER                   OCTOBER
     ****************************  ******************* ******** 
 YEAR  40-86  48-86  50-86  52-86   40-86  48-86  50-86  52-86  
     ****************************  ******************* ******** 
 1951    690    472    422    376    496    314    280    249
 1952    775    557    509    463     74     50     44     38
 1953    787    572    525    481    589    419    383    347
 1954    841    608    555    503    497    327    291    256
 1955    823    597    547    500    482    313    279    247
 1956    774    556    507    460    686    479    431    389
 1957    704    489    440    396    366    230    201    173
 1958    778    549    500    451    542    363    324    285
 1959    774    551    499    452    156     82     67     52
 1960    816    585    533    484    361    251    227    204
 1961    734    516    468    422    436    286    251    218
 1962    689    481    436    392    490    323    284    250
 1963    790    560    507    458    786    559    507    457
 1964    763    546    495    447    131     89     80     71
 1965    731    510    458    412    402    260    230    201
 1966    698    480    432    389    472    316    282    251
 1967    695    492    448    406    208    139    123    110
 1968    766    530    479    431    456    313    280    248
 1969    809    581    529    478    399    262    232    205
 1970    806    578    525    472    293    197    175    155
 1971    868    639    586    535    698    483    435    388
 1972    859    632    578    524    291    194    173    153
 1973    810    575    517    462    661    452    406    362
 1974    663    455    408    364      8      4      3      2
 1975    674    463    415    370    585    399    360    323
 1976    776    549    496    447    304    207    187    168
 1977    826    588    532    477    445    265    226    190
 1978    903    670    614    561    436    263    227    192
 1979    818    593    542    494    201    133    119    105
 1980    847    620    565    514    405    264    234    207
 1981    786    561    508    456    331    216    190    168
 1982    754    531    481    432    393    262    234    209
 1983    621    455    416    379      0      0      0      0
 1984    717    513    468    423      0      0      0      0
 1985    792    574    522    475    484    292    252    215
 1986    874    641    584    528    506    310    268    230
 1987    767    529    476    430    144     95     85     75
 1988    844    611    557    507    318    187    158    130
 1989    695    484    436    390    516    337    299    264
 1990    842    614    562    512    353    224    197    172
 1991    792    581    531    483    291    186    162    140
 1992    700    489    441    395    265    166    147    130
 1993    633    416    367    320    445    276    239    203
 1994    803    571    517    463    537    337    293    253
 1995    700    480    430    384    480    297    258    224
 1996    730    503    454    409    506    326    285    246
 1997    815    579    524    470    444    310    279    249
 1998    924    686    627    570    492    297    256    217
 1999    647    456    414    375    261    180    162    145
 2000    744    537    491    448    119     78     70     62
     ****************************  ******************* ******** 
 MEAN  769.6  548.3  497.7  449.6  385.0  252.4  223.8  196.7
 STDV   69.9   60.7   57.8   54.7  182.1  124.6  112.2  100.6
 
 DAILY RECORD HIGHS AND LOWS OCCURRING DURING 1951-2000 FOR STATION NUMBER 8688
     JAN     FEB    MARCH   APRIL    MAY     JUNE    JULY    AUG     SEPT    OCT     NOV     DEC
 DY MX  MN  MX  MN  MX  MN  MX  MN  MX  MN  MX  MN  MX  MN  MX  MN  MX  MN  MX  MN  MX  MN  MX  MN
  1  52 -11  64 -15  75 -16  80  24  91  31  91  40 105  49 103  55 100  40  90  30  76  21  63   7
  2  58 -17  60 -25  73  -2  87  20  90  32  90  40  96  48 101  54  99  45  94  27  79  14  68  -4
  3  56 -13  63 -26  78   2  85  13  88  32  94  42  96  50 104  52  99  40  92  29  78   9  67  -4
  4  59 -15  53 -21  76  -6  80  16  91  30  94  44  99  47 101  49  97  41  89  29  77   4  71  -3
  5  57 -17  57 -17  67 -13  79  26  89  33 100  43  98  48  98  50  96  42  88  31  69  13  65   4
  6  56 -15  53 -15  72 -11  84  10  86  31  98  46 100  49  95  50  97  42  94  21  73  15  67  -5
  7  53 -14  60 -10  74  -2  80  19  87  32  95  49  99  51  99  49  97  40  85  24  75   2  58 -10
  8  53 -15  61 -11  77  -4  81  19  90  36  96  48  97  53 103  51  96  41  86  25  73  -2  62  -1
  9  49 -13  57 -23  75   0  83  17  92  31  95  45  99  51  99  49  99  45  83  23  78  11  57 -14
 10  55 -22  61 -11  74   2  83  20  88  27  96  44 100  52 100  52  93  40  88  24  73  16  58  -7
 11  54 -14  62 -13  79   4  84  22  90  35  96  41 101  52  99  49  95  39  87  23  76   6  62  -9
 12  58 -23  69 -15  79   1  86  22  94  37  98  48 100  51 101  47  96  39  88  26  72  12  64 -13
 13  60 -10  64 -11  73   5  77  23  90  36  98  43 100  51  94  42  94  35  90  27  74   3  62 -14
 14  60 -20  68  -1  75   3  81  25  89  38 100  46 102  48 102  51  91  39  87  28  76   4  61  -9
 15  61 -19  63  -5  76   9  85  24  88  36  95  48 102  53 106  50  96  38  88  26  73   1  58 -16
 16  59 -20  63 -16  73   5  87  24  88  34  95  44  99  55 105  50  92  37  87  28  74   6  59 -16
 17  57 -18  66 -18  76  10  87  23  91  37  94  46 100  51 105  53  93  37  87  26  72  -3  53  -7
 18  60 -19  65 -10  72   8  87  25  92  42  97  47 100  56 104  47  95  37  87  21  75   8  58 -18
 19  62 -18  63  -9  76   5  84  24  90  41  98  48  99  54 104  51  93  35  87  19  73  15  59 -24
 20  52 -22  63  -6  72  10  90  27  91  37 103  48 102  53 102  45  90  31  87  22  67  14  57 -12
 21  65 -22  62  -8  75   0  88  29  90  39 101  46 102  52 100  45  88  34  85  21  67   2  59 -20
 22  62 -11  67  -4  79  14  91  26  92  33  99  45 103  50  98  51  91  32  85  20  65   8  58 -18
 23  60 -20  64  -5  78   8  88  25  91  34  97  51 100  53  96  42  86  28  85  22  68   7  60 -23
 24  61 -15  68  -8  81   2  85  22  89  41  99  50  98  53  95  47  90  33  82  21  65   7  59 -18
 25  63 -14  62 -10  77   5  89  31  92  39 103  48  97  56  98  43  90  39  81  22  62   3  55 -19
 26  55 -10  68  -8  84   4  87  31  94  38  95  50 100  52  98  47  91  33  85  20  69  -4  56 -17
 27  55 -17  71  -4  79  12  88  30  91  37  99  50 102  50 100  48  90  36  78  20  71   5  57 -11
 28  50 -15  62 -13  82  10  87  33  91  40  97  50 105  54  98  42 100  32  75  20  63  -1  69 -11
 29  56 -21 *** ***  89   9  91  26  91  35  98  51 104  51  98  42  95  28  75  16  70  -5  64  -5
 30  58 -14 *** ***  85   9  90  31  95  43  99  52 102  48 100  52  93  31  80  19  69  -2  61 -11
 31  70 -22 *** ***  82  13 *** ***  91  41 *** *** 105  49 100  43 *** ***  84  20 *** ***  63 -14
 
 DAILY MAXIMUM PRECIPITATION OCCURRING DURING 1951-2000 FOR STATION NUMBER 8688
     JAN   FEB   MARCH APRIL MAY   JUNE  JULY  AUG   SEPT  OCT   NOV   DEC
 
  1  0.64  0.34  0.51  1.63  1.83  2.12  0.85  1.34  2.37  0.68  1.81  0.97
  2  0.85  0.45  1.07  1.69  1.05  2.08  1.52  0.52  1.20  1.05  1.49  2.06
  3  0.46  0.21  1.23  1.47  0.85  1.02  1.73  2.20  0.83  0.77  0.88  0.97
  4  0.95  0.56  1.44  0.40  1.86  0.43  2.00  1.64  2.50  1.15  0.96  0.33
  5  0.70  0.45  2.15  0.54  0.69  1.71  3.05  4.28  2.17  2.44  0.45  0.95
  6  0.64  0.99  1.40  1.50  0.84  1.45  1.31  2.60  1.03  0.75  0.46  0.53
  7  0.53  0.30  1.12  0.93  1.31  1.45  1.31  1.31  1.17  1.08  0.80  0.96
  8  0.20  0.32  1.38  0.68  2.20  1.77  1.20  1.98  1.67  1.37  0.55  1.86
  9  0.23  1.10  0.77  1.80  1.98  1.82  2.58  2.48  2.21  0.96  0.52  0.38
 10  0.48  0.81  1.02  1.80  3.40  3.45  1.78  1.60  4.05  2.03  1.72  0.57
 11  0.21  0.33  1.83  1.71  1.45  1.85  1.73  1.92  0.49  1.09  0.86  1.16
 12  1.95  0.53  1.60  3.34  1.43  1.80  1.20  2.50  0.52  0.43  0.91  0.39
 13  0.68  0.42  0.94  0.87  1.38  1.86  1.35  1.08  1.85  2.72  1.80  0.46
 14  0.35  0.37  0.91  1.39  2.01  1.80  1.76  2.10  2.47  2.30  1.13  0.53
 15  0.38  0.50  1.04  0.88  0.52  1.55  1.43  2.13  1.42  1.25  1.04  3.17
 16  0.77  0.72  0.45  1.10  0.68  1.64  1.26  1.26  0.91  1.21  2.35  0.86
 17  0.48  0.47  0.55  0.88  1.77  1.75  1.20  1.58  2.16  0.81  1.49  0.23
 18  0.82  0.48  0.98  1.43  2.04  0.60  3.50  1.33  3.28  2.15  2.74  0.41
 19  0.62  0.82  0.88  0.68  0.90  1.01  1.71  0.65  1.30  2.34  0.78  0.51
 20  0.51  1.28  0.65  2.28  0.61  4.16  2.25  0.75  2.30  1.69  0.82  1.56
 21  0.38  1.91  0.84  2.40  3.19  3.14  1.81  1.25  3.29  0.51  2.24  0.70
 22  0.74  0.92  0.68  1.10  0.62  1.68  2.07  2.04  1.59  0.96  1.03  0.28
 23  0.50  0.62  0.80  1.65  1.21  1.61  1.52  2.44  2.00  1.05  1.12  0.70
 24  0.59  0.51  0.78  2.65  1.87  2.13  2.70  1.01  0.84  1.21  0.21  1.28
 25  0.46  0.41  1.89  1.69  1.47  2.36  0.68  6.58  1.40  0.85  0.64  0.72
 26  0.28  0.35  0.78  0.57  2.33  1.22  0.96  2.30  1.27  1.40  0.60  0.21
 27  1.23  0.91  0.64  1.11  1.32  1.25  0.93  0.91  1.02  0.85  0.64  1.10
 28  0.32  0.37  0.96  0.96  2.04  1.66  2.00  3.62  1.50  0.63  0.67  0.70
 29  0.43******  0.94  0.98  1.87  1.95  0.97  0.82  1.80  0.55  0.44  0.57
 30  0.32******  1.28  0.90  1.34  2.22  1.65  4.19  1.13  0.84  0.75  0.92
 31  0.43******  2.52******  0.72******  1.09  1.30******  0.96******  0.28
 
 RECORD LARGEST AND SMALLEST DAILY RANGES (MAX-MIN)     DURING 1951-2000 FOR STATION NUMBER 8688
     JAN     FEB    MARCH   APRIL    MAY     JUNE    JULY    AUG     SEPT    OCT     NOV     DEC
 DY MX  MN  MX  MN  MX  MN  MX  MN  MX  MN  MX  MN  MX  MN  MX  MN  MX  MN  MX  MN  MX  MN  MX  MN
  1 33   2  38   4  47   4  40   5  40  11  34   8  32  12  32   9  35  11  43   4  40   3  33   3
  2 28   3  39   3  38   4  42   5  43  10  36   7  31  13  30   8  34   8  40   7  38   4  33   2
  3 35   5  35   5  33   3  44   5  37  11  37   6  32  12  35  10  37   4  40   7  35   4  33   6
  4 36   6  42   3  40   5  48   5  40   3  36   9  33   8  31  12  39  11  38   3  39   4  31   5
  5 39   3  36   3  37   5  47   4  35   8  34  11  33   7  33  10  35  12  38   5  34   4  35   1
  6 34   2  36   4  42   3  42   7  37   9  33  12  32  11  33   9  39   9  38   6  35   2  37   2
  7 32   4  35   4  41   5  44   9  37   5  35  10  36   9  34   9  36  11  41   5  38   6  35   3
  8 36   2  30   3  42   5  37   7  43   3  35   9  32  12  34   7  37   7  39   9  35   3  27   4
  9 31   3  31   5  40   5  42   5  42   6  36  14  35  13  31  12  38   3  36   5  40   5  33   5
 10 39   5  46   4  35   1  40   6  39  12  35   8  34  13  36  13  39   7  44  10  38   4  34   5
 11 39   3  39   5  46   5  39   2  39   9  35   9  33   7  34   9  39   8  42   4  40   2  33   4
 12 33   2  42   4  40   4  36   3  40   6  32   8  30  12  31   8  43  12  43  12  46   5  28   3
 13 32   2  42   3  36   6  41   7  41  10  33   7  32  12  32  12  34   9  36  10  40   4  39   4
 14 33   4  31   2  37   4  40   6  41  10  36  13  36   7  37   6  41   7  42   8  38   6  30   1
 15 48   4  37   3  42   5  38   9  37  12  32  11  31  10  32  12  39  10  40   7  40   4  34   4
 16 43   3  38   4  38   6  37  12  39   7  31  13  31  12  33  10  40   8  38   8  35   6  33   4
 17 31   4  34   4  36   5  47   8  34   8  33  13  32  11  32  11  36   5  35   8  33   4  35   1
 18 56   4  38   3  38   3  34   9  47   4  35  12  31  14  33  13  38   9  48   7  43   5  33   5
 19 47   3  35   3  35   4  36   6  36   8  34  12  34  11  32   9  37   3  40   5  37   4  32   2
 20 38   2  36   6  32   4  39   7  36  12  37  11  34  10  35  12  40   8  39   3  36   7  26   2
 21 38   2  38   1  36   5  36   6  38  10  31  10  35   6  35   9  39   8  39   4  33   5  41   4
 22 40   2  36   6  46   4  43   7  38  10  37   9  32  11  36  12  47  10  39   3  36   3  37   2
 23 37   3  35   2  38   3  44   8  40  11  35  12  31  11  38  10  41   6  37   5  33   5  33   4
 24 45   3  36   6  46   7  36  10  35   8  32  14  31  10  37   8  41   4  45   2  37   3  41   3
 25 46   2  34   7  45   5  37   9  32   4  35  14  34  12  35  10  40   8  40   5  30   5  35   3
 26 40   6  35   5  45   3  38   5  33   7  35  14  35   7  36   9  46   6  41   5  40   3  35   2
 27 30   5  35   2  42   2  38   9  34   7  30  11  33   8  37   7  38   6  40   5  34   2  31   5
 28 41   4  36   5  37   5  42   6  33   5  37  11  34  10  39  11  49   3  34   6  35   3  37   3
 29 34   2  **  **  38   5  39   9  34  10  34  10  34  14  32   8  43  12  39   7  33   4  39   3
 30 38   8  **  **  44   5  44   7  34  10  30  13  30  10  36   8  39   9  38   6  38   4  33   4
 31 39   9  **  **  45   5  **  **  37  13  **  **  35   4  42  11  **  **  43   4  **  **  33   3
 
 DAILY  MEAN  HIGHS AND LOWS OCCURRING DURING 1951-2000 FOR STATION NUMBER 8688
     JAN     FEB    MARCH   APRIL    MAY     JUNE    JULY    AUG     SEPT    OCT     NOV     DEC
 DY MX  MN  MX  MN  MX  MN  MX  MN  MX  MN  MX  MN  MX  MN  MX  MN  MX  MN  MX  MN  MX  MN  MX  MN
  1 31  15  32  15  44  23  57  36  70  45  78  56  86  63  86  62  83  59  74  48  57  39  40  24
  2 32  17  30  14  43  24  57  36  71  46  77  55  86  64  87  64  84  60  74  48  55  37  43  26
  3 32  14  31  13  43  25  57  36  70  46  78  54  85  64  86  64  83  59  72  47  54  35  42  24
  4 30  12  32  13  44  24  56  34  70  48  79  56  86  64  85  64  81  58  71  46  52  34  41  24
  5 30  12  33  14  41  24  57  35  72  50  81  58  85  63  84  63  82  57  70  46  51  33  41  25
  6 30  13  31  15  43  23  60  35  71  48  82  60  86  63  84  63  81  58  68  46  50  32  38  21
  7 28  10  32  14  42  22  61  36  70  47  82  59  87  64  85  63  82  58  68  43  52  32  37  21
  8 28  10  32  15  43  23  58  37  71  49  82  60  87  65  85  63  81  58  69  45  52  33  36  21
  9 29  11  33  16  45  24  58  35  71  48  82  59  87  64  85  63  81  58  67  45  53  33  35  19
 10 27  10  35  18  45  25  58  36  72  48  82  60  87  63  85  62  80  55  67  42  52  31  36  19
 11 29  11  34  17  45  28  61  38  73  50  83  60  87  64  84  61  80  55  68  44  51  31  34  19
 12 31  14  34  17  46  28  59  38  73  50  83  61  87  66  84  61  81  55  69  44  49  30  34  17
 13 33  14  37  18  46  27  61  38  74  50  84  60  88  66  85  62  79  55  69  45  51  32  34  17
 14 32  14  37  19  48  28  62  40  74  51  83  61  87  65  84  63  78  54  69  46  51  32  34  18
 15 29  12  36  19  47  27  63  40  74  51  82  61  87  65  85  63  76  53  69  45  52  32  35  19
 16 31  11  36  18  48  27  65  41  75  52  82  60  88  64  85  63  75  52  69  44  51  31  34  17
 17 31  12  37  19  48  28  66  41  76  52  83  60  88  65  86  63  76  54  67  44  50  32  33  17
 18 30  13  39  23  48  29  66  43  76  53  84  62  89  66  85  63  78  54  64  41  49  31  33  16
 19 31  12  39  22  48  30  66  43  76  53  85  62  88  67  85  63  76  55  63  39  49  30  34  18
 20 29  12  41  21  49  30  66  44  77  53  85  62  88  66  84  61  75  53  64  40  47  30  31  17
 21 31  14  39  22  48  28  66  43  77  53  83  61  87  65  84  62  73  51  65  41  46  27  32  15
 22 33  16  40  21  51  29  66  42  76  54  84  62  86  65  85  61  73  50  66  42  47  28  32  16
 23 32  14  39  23  52  29  66  43  76  53  84  61  87  65  83  61  71  48  63  42  46  28  32  18
 24 31  13  40  21  52  29  66  44  75  53  85  62  86  64  83  61  72  48  62  40  45  26  33  15
 25 32  12  40  22  52  30  68  44  76  54  86  62  87  65  84  60  73  50  61  40  45  28  31  15
 26 29  12  42  23  52  31  70  46  75  54  86  63  87  65  85  62  74  49  62  39  45  27  32  16
 27 28  11  42  23  54  32  70  46  76  54  86  63  88  65  85  63  73  49  61  40  42  26  34  17
 28 30  11  42  24  56  35  67  44  76  55  87  64  87  64  85  62  74  49  60  38  38  22  34  18
 29 30  12  **  **  54  34  68  45  77  55  87  64  87  64  85  62  74  49  61  37  39  22  34  17
 30 29  11  **  **  54  33  69  45  78  56  86  64  86  63  85  62  74  49  60  39  41  23  32  15
 31 32  11  **  **  56  35  **  **  79  56  **  **  86  64  83  61  **  **  59  40  **  **  32  16
  
  # OF DAYS EACH YEAR WHERE MIN >=32 F  1951-2000 FOR STATION # 8688
   51  52  53  54  55  56  57  58  59  60  61  62  63  64  65  66  67  68  69  70
  215 218 231 228 231 225 231 229 230 231 230 218 241 228 237 230 234 233 226 230
 
   71  72  73  74  75  76  77  78  79  80  81  82  83  84  85  86  87  88  89  90
  242 230 268 248 235 230 250 232 234 236 246 238 245 242 241 244 254 229 230 245
 
   91  92  93  94  95  96  97  98  99 100
  237 245 235 246 235 227 230 267 227 228
  
 MEAN=236
 
 LENGTH OF SEASON FOR STATION NUMBER 8688   BASE TEMP=32
 LAST SPRING OCCURENCE FIRST FALL OCCURENCE  LENGTH OF  SEASON
   YEAR MONTH DAY DOY         MONTH DAY DOY
   1951   4    23 113           9    28 271          158
   1952   4    15 106          10     3 277          171
   1953   4    27 117          10    28 301          184
   1954   5     7 127          10    18 291          164
   1955   4     7  97          10    24 297          200
   1956   4    30 121          11     8 313          192
   1957   4    15 105          10    20 293          188
   1958   4    29 119          10     1 274          155
   1959   4    21 111          10     9 282          171
   1960   4    18 109          10    20 294          185
   1961   4    29 119           9    28 271          152
   1962   4    16 106          10    24 297          191
   1963   5     1 121          10    29 302          181
   1964   4     9 100          10     6 280          180
   1965   4    19 109          10    24 297          188
   1966   5    10 130          10    17 290          160
   1967   5     7 127           9    29 272          145
   1968   4    25 116          10     4 278          162
   1969   4    29 119          10    14 287          168
   1970   5     2 122          10    10 283          161
   1971   4    14 104          11     4 308          204
   1972   4    25 116           9    30 274          158
   1973   4    13 103          10    30 303          200
   1974   4     9  99          10     2 275          176
   1975   4    13 103          10    30 303          200
   1976   4    12 103          10     6 280          177
   1977   4    29 119          10    13 286          167
   1978   5     1 121          10     8 281          160
   1979   4     9  99          10    13 286          187
   1980   4    16 107          10    12 286          179
   1981   4     6  96          10    19 292          196
   1982   4    21 111          10    21 294          183
   1983   4    20 110           9    23 266          156
   1984   4     1  92           9    29 273          181
   1985   4     9  99          10     1 274          175
   1986   4    22 112          10     6 279          167
   1987   4     5  95          10     3 276          181
   1988   4    24 115          10     5 279          164
   1989   5     7 127          10     4 277          150
   1990   4    18 108          10    19 292          184
   1991   4    10 100           9    20 263          163
   1992   4    22 113          10    17 291          178
   1993   4    17 107          10    10 283          176
   1994   4     7  97          10    25 298          201
   1995   4     5  95           9    22 265          170
   1996   4    16 107          10    19 293          186
   1997   4    17 107          10    21 294          187
   1998   3    24  83          11     5 309          226
   1999   4    19 109          10    14 287          178
   2000   4    13 104          10     7 281          177
             MEAN=109              MEAN=285     MEAN=176
 
 LENGTH OF SEASON FOR STATION NUMBER 8688   BASE TEMP=30
 LAST SPRING OCCURENCE FIRST FALL OCCURENCE  LENGTH OF  SEASON
   YEAR MONTH DAY DOY         MONTH DAY DOY
   1951   4    23 113          10     8 281          168
   1952   4    11 102          10     6 280          178
   1953   4    27 117          10    28 301          184
   1954   5     4 124          10    30 303          179
   1955   4     7  97          10    24 297          200
   1956   4    24 115          11     8 313          198
   1957   4    14 104          10    20 293          189
   1958   4    29 119          10     1 274          155
   1959   4    21 111          10    12 285          174
   1960   4    10 101          10    20 294          193
   1961   4    16 106          10    26 299          193
   1962   4    16 106          10    24 297          191
   1963   4    24 114          11     1 305          191
   1964   4     9 100          10     6 280          180
   1965   4     2  92          10    24 297          205
   1966   5    10 130          10    17 290          160
   1967   4    24 114           9    29 272          158
   1968   4     6  97          10    25 299          202
   1969   4     6  96          10    14 287          191
   1970   4     4  94          10    16 289          195
   1971   4     7  97          11     4 308          211
   1972   4     8  99          10    15 289          190
   1973   4    13 103          11     3 307          204
   1974   4     8  98          10     2 275          177
   1975   4    12 102          11    13 317          215
   1976   4    12 103          10     8 282          179
   1977   4    29 119          10    16 289          170
   1978   3    27  86          11     7 311          225
   1979   4     6  96          10    13 286          190
   1980   4    15 106          10    12 286          180
   1981   4     6  96          10    19 292          196
   1982   4    21 111          10    21 294          183
   1983   4    20 110           9    23 266          156
   1984   4     1  92           9    29 273          181
   1985   4     9  99          11     4 308          209
   1986   4    22 112          11     2 306          194
   1987   4     4  94          10     3 276          182
   1988   4    24 115          10    12 286          171
   1989   4    13 103          10     4 277          174
   1990   4    18 108          10    19 292          184
   1991   3    30  89          10     7 280          191
   1992   4    12 103          10    17 291          188
   1993   4    17 107          10    10 283          176
   1994   4     7  97          11     1 305          208
   1995   4     5  95          10    22 295          200
   1996   4     9 100          10    31 305          205
   1997   4    17 107          10    22 295          188
   1998   3    24  83          11     5 309          226
   1999   3    27  86          10    18 291          205
   2000   4    13 104          10     7 281          177
             MEAN=103              MEAN=291     MEAN=188
 
 LENGTH OF SEASON FOR STATION NUMBER 8688   BASE TEMP=28
 LAST SPRING OCCURENCE FIRST FALL OCCURENCE  LENGTH OF  SEASON
   YEAR MONTH DAY DOY         MONTH DAY DOY
   1951   4    17 107          10    31 304          197
   1952   4    11 102          10     6 280          178
   1953   4    20 110          10    29 302          192
   1954   4     4  94          10    30 303          209
   1955   3    29  88          10    31 304          216
   1956   4    24 115          11     9 314          199
   1957   4    14 104          10    27 300          196
   1958   4    29 119          11     6 310          191
   1959   4    11 101          10    12 285          184
   1960   4    10 101          10    20 294          193
   1961   4    16 106          10    26 299          193
   1962   4    16 106          10    24 297          191
   1963   3    22  81          11     2 306          225
   1964   4     9 100          10     9 283          183
   1965   3    31  90          10    24 297          207
   1966   5    10 130          10    30 303          173
   1967   4    24 114          10    11 284          170
   1968   3    24  84          10    25 299          215
   1969   3    31  90          10    23 296          206
   1970   4     2  92          10    16 289          197
   1971   4     6  96          11     4 308          212
   1972   4     8  99          10    15 289          190
   1973   4    13 103          11     5 309          206
   1974   4     8  98          10     2 275          177
   1975   4     6  96          11    14 318          222
   1976   4    12 103          10    17 291          188
   1977   4     6  96          11    11 315          219
   1978   3    27  86          11     7 311          225
   1979   4     6  96          10    13 286          190
   1980   4    12 103          10    28 302          199
   1981   4     6  96          10    19 292          196
   1982   4    11 101          10    22 295          194
   1983   4    19 109           9    23 266          157
   1984   4     1  92           9    29 273          181
   1985   4     9  99          11     4 308          209
   1986   4    22 112          11     9 313          201
   1987   4     4  94          10    11 284          190
   1988   4    19 110          10    26 300          190
   1989   4    13 103          11     2 306          203
   1990   4    17 107          10    22 295          188
   1991   3    30  89          10    19 292          203
   1992   4    12 103          10    17 291          188
   1993   4     5  95          10    31 304          209
   1994   4     7  97          11    16 320          223
   1995   4     5  95          11     3 307          212
   1996   4     9 100          10    31 305          205
   1997   4    17 107          10    22 295          188
   1998   3    24  83          11     5 309          226
   1999   3    27  86          10    18 291          205
   2000   4    13 104          10     7 281          177
             MEAN= 99              MEAN=297     MEAN=197
 
 LENGTH OF SEASON FOR STATION NUMBER 8688   BASE TEMP=26
 LAST SPRING OCCURENCE FIRST FALL OCCURENCE  LENGTH OF  SEASON
   YEAR MONTH DAY DOY         MONTH DAY DOY
   1951   4    17 107          11     1 305          198
   1952   4    10 101          10     6 280          179
   1953   4    18 108          11     5 309          201
   1954   4     4  94          10    30 303          209
   1955   3    28  87          11     3 307          220
   1956   4    24 115          11     9 314          199
   1957   4    13 103          10    27 300          197
   1958   4    29 119          11     6 310          191
   1959   4    11 101          11     5 309          208
   1960   4    10 101          10    20 294          193
   1961   4    16 106          11     3 307          201
   1962   4    15 105          10    25 298          193
   1963   3    22  81          11     2 306          225
   1964   4     4  95          10    10 284          189
   1965   3    31  90          11    13 317          227
   1966   4     9  99          11     2 306          207
   1967   4    24 114          10    11 284          170
   1968   3    24  84          10    29 303          219
   1969   3    31  90          10    23 296          206
   1970   4     2  92          11     3 307          215
   1971   4     6  96          11     4 308          212
   1972   4     8  99          10    19 293          194
   1973   4    11 101          11     5 309          208
   1974   3    25  84          11    14 318          234
   1975   4     5  95          11    14 318          223
   1976   4    12 103          10    17 291          188
   1977   4     6  96          11    11 315          219
   1978   3    27  86          11     7 311          225
   1979   4     6  96          11     2 306          210
   1980   4    12 103          10    28 302          199
   1981   4     6  96          10    23 296          200
   1982   4    11 101          10    22 295          194
   1983   4    19 109          11    17 321          212
   1984   3    30  90          11     2 307          217
   1985   4     9  99          11     7 311          212
   1986   4    22 112          11    10 314          202
   1987   4     4  94          10    11 284          190
   1988   3    27  87          10    26 300          213
   1989   4    13 103          11     2 306          203
   1990   4    12 102          11     7 311          209
   1991   3    30  89          10    19 292          203
   1992   4     2  93          10    19 293          200
   1993   4     2  92          10    31 304          212
   1994   4     7  97          11    19 323          226
   1995   4     4  94          11     3 307          213
   1996   4     9 100          11     1 306          206
   1997   4    14 104          10    22 295          191
   1998   3    24  83          11     5 309          226
   1999   3    27  86          10    18 291          205
   2000   4    13 104          10     7 281          177
             MEAN= 97              MEAN=303     MEAN=205
 
 LENGTH OF SEASON FOR STATION NUMBER 8688   BASE TEMP=24
 LAST SPRING OCCURENCE FIRST FALL OCCURENCE  LENGTH OF  SEASON
   YEAR MONTH DAY DOY         MONTH DAY DOY
   1951   4    17 107          11     1 305          198
   1952   3    27  87          10     6 280          193
   1953   3    16  75          11     5 309          234
   1954   4     3  93          10    30 303          210
   1955   3    28  87          11     3 307          220
   1956   4    24 115          11     9 314          199
   1957   4    13 103          10    27 300          197
   1958   3    23  82          11    26 330          248
   1959   3    21  80          11     6 310          230
   1960   4    10 101          10    20 294          193
   1961   4    16 106          11     8 312          206
   1962   4    15 105          10    26 299          194
   1963   3    22  81          11     2 306          225
   1964   3    30  90          10    20 294          204
   1965   3    30  89          11    14 318          229
   1966   3    28  87          11     2 306          219
   1967   3    19  78          10    28 301          223
   1968   3    23  83          11    12 317          234
   1969   3    31  90          10    28 301          211
   1970   4     2  92          11    16 320          228
   1971   4     6  96          11     4 308          212
   1972   4     8  99          10    19 293          194
   1973   4    11 101          11     5 309          208
   1974   3    25  84          11    14 318          234
   1975   4     4  94          11    14 318          224
   1976   3    22  82          10    22 296          214
   1977   3    22  81          11    12 316          235
   1978   3    25  84          11    19 323          239
   1979   4     6  96          11     7 311          215
   1980   3    14  74          10    29 303          229
   1981   3    19  78          10    23 296          218
   1982   4     9  99          11     5 309          210
   1983   4    19 109          11    25 329          220
   1984   3    23  83          11     2 307          224
   1985   4     9  99          11     7 311          212
   1986   3    27  86          11    10 314          228
   1987   4     4  94          10    11 284          190
   1988   3    19  79          10    30 304          225
   1989   4    10 100          11    16 320          220
   1990   4    12 102          11     8 312          210
   1991   3    30  89          10    19 292          203
   1992   4     2  93          11    15 320          227
   1993   4     2  92          10    31 304          212
   1994   4     3  93          11    22 326          233
   1995   4     4  94          11     3 307          213
   1996   4     8  99          11     1 306          207
   1997   4     9  99          10    27 300          201
   1998   3    15  74          11    21 325          251
   1999   3    27  86          10    24 297          211
   2000   4    12 103          10     9 283          180
             MEAN= 91              MEAN=307     MEAN=215
 
 THESE ARE THE MONTHLY AVG. MAX TEMPS 1951-2000 FOR STATION #8688
 YEAR    JAN   FEB  MARCH APRIL  MAY  JUNE  JULY AUGUST SEPT   OCT   NOV   DEC   ANN
  
 1951   31.3  36.5  40.5  58.1  75.4  77.4  84.1  82.9  74.4  65.8  43.9  33.5  58.7
 1952   34.8  40.3  43.4  65.4  73.3  88.0  88.5  83.5  81.0  65.6  53.8  37.2  62.9
 1953   34.2  41.7  48.4  57.1  73.1  87.3  89.2  89.6  82.6  74.7  54.9  41.0  64.5
 1954   34.2  49.2  45.4  66.9  69.6  86.1  90.0  84.0  82.0  65.2  52.8  37.9  63.6
 1955   31.1  35.5  48.6  69.9  76.5  79.5  92.6  91.5  82.0  66.6  45.0  34.2  62.7
 1956   32.5  36.4  48.7  63.1  78.8  89.8  86.9  86.2  80.5  75.8  50.2  39.2  64.0
 1957   28.3  41.8  48.4  62.0  72.3  82.1  90.1  86.5  75.5  63.0  46.6  42.4  61.6
 1958   32.1  28.1  44.8  63.1  76.7  78.0  81.7  84.7  77.3  69.4  55.2  32.9  60.3
 1959   26.5  34.6  47.4  62.0  75.7  84.0  84.8  87.3  76.3  59.5  42.0  41.4  60.1
 1960   31.6  30.1  33.2  63.8  71.4  78.9  85.4  86.6  80.4  67.0  53.6  36.6  59.9
 1961   34.6  41.6  48.0  56.5  71.4  85.5  85.2  85.4  75.5  67.5  48.6  31.9  61.0
 1962   25.8  32.2  41.5  62.2  80.5  82.3  83.5  85.7  75.5  66.9  50.7  34.9  60.1
 1963   21.1  31.8  52.6  66.6  73.2  88.3  86.4  82.8  78.7  78.7  54.3  25.2  61.6
 1964   40.2  39.4  46.5  64.4  79.4  83.5  88.7  85.2  77.4  66.5  56.0  33.3  63.4
 1965   31.3  36.3  35.6  60.9  78.7  82.1  85.4  83.5  74.6  66.5  52.3  45.2  61.0
 1966   25.8  36.9  53.7  59.9  71.3  82.3  91.5  84.5  76.1  67.9  52.6  35.4  61.5
 1967   38.1  33.7  51.9  64.1  71.4  82.4  85.2  82.0  76.3  64.3  46.7  38.2  61.2
 1968   33.1  35.7  58.7  65.7  72.3  86.1  87.5  86.1  77.3  67.5  47.5  34.0  62.6
 1969   27.4  35.2  44.0  65.3  75.3  80.5  86.5  86.9  78.4  63.8  51.8  33.6  60.7
 1970   24.6  40.3  45.1  65.3  78.8  82.8  88.7  85.2  77.9  65.8  48.1  38.2  61.7
 1971   28.1  33.7  45.8  68.6  73.4  89.5  84.3  85.8  81.7  73.7  51.0  39.2  62.9
 1972   30.9  33.2  49.3  62.3  76.0  83.1  86.6  85.5  80.0  63.4  43.1  30.9  60.4
 1973   34.0  39.2  55.5  59.8  70.9  84.5  87.2  86.6  75.6  72.7  51.6  32.8  62.5
 1974   31.5  38.8  51.9  68.1  72.5  79.9  90.8  81.6  73.7  67.6  48.7  36.6  61.8
 1975   33.8  33.6  41.2  58.7  78.0  83.9  89.8  86.3  73.3  71.6  56.2  39.5  62.2
 1976   33.9  48.8  52.8  67.7  72.6  84.3  88.6  84.8  79.3  61.5  44.8  32.7  62.7
 1977   19.6  40.4  55.5  71.2  82.2  86.3  92.2  83.2  78.1  64.3  48.6  31.5  62.8
 1978   22.5  26.2  42.8  64.1  72.3  84.5  85.4  86.2  83.6  64.2  49.8  32.9  59.6
 1979   17.4  25.4  46.3  57.6  76.0  85.2  86.2  84.9  81.9  68.5  48.0  43.3  60.0
 1980   32.5  31.2  46.1  64.2  78.6  83.5  91.5  88.9  80.9  63.9  51.9  36.9  62.5
 1981   37.4  41.8  55.1  70.2  72.5  84.6  85.1  84.2  78.2  66.0  52.5  35.4  63.6
 1982   23.0  33.2  46.1  59.1  76.8  78.7  86.6  83.1  76.2  68.0  50.0  42.4  60.3
 1983   34.7  41.3  48.8  55.4  70.6  86.2  93.5  96.1  80.7  65.7  51.2  20.8  62.1
 1984   30.8  44.7  40.2  59.4  71.7  85.3  86.6  88.4  77.6  67.1  51.9  42.0  62.1
 1985   25.9  31.7  53.9  69.5  78.2  81.3  87.8  82.3  78.3  65.0  41.9  26.1  60.2
 1986   35.7  29.7  54.4  70.0  74.1  85.6  88.7  80.7  78.9  65.8  44.9  36.8  62.1
 1987   34.6  48.3  54.0  69.7  82.0  87.2  90.9  85.5  77.0  62.4  52.8  37.4  65.2
 1988   30.5  31.9  53.0  65.9  81.0  89.6  93.1  92.4  80.7  59.9  50.4  39.5  64.0
 1989   42.7  27.3  48.8  63.9  73.2  81.0  87.5  84.6  74.3  67.1  50.4  26.5  60.6
 1990   42.7  42.2  52.9  62.6  69.1  81.8  84.6  83.8  79.7  65.8  56.1  33.2  62.9
 1991   27.5  42.1  55.1  66.0  77.2  86.2  89.2  85.8  78.5  64.5  42.1  38.8  62.8
 1992   38.7  42.7  52.4  61.9  75.3  82.5  81.2  79.1  73.4  64.7  41.6  34.5  60.7
 1993   30.7  29.4  42.7  58.9  73.8  79.6  83.2  83.8  70.8  63.3  45.9  36.1  58.2
 1994   23.1  32.2  52.2  66.9  75.0  84.9  84.9  83.8  78.5  66.7  51.9  39.4  61.6
 1995   26.9  37.2  51.5  61.2  69.8  82.9  87.9  89.5  74.2  65.3  43.9  33.6  60.3
 1996   30.0  35.1  45.0  63.8  68.9  82.3  85.3  84.1  75.3  66.4  39.9  32.6  59.1
 1997   28.5  36.6  53.1  58.8  69.5  83.0  86.8  82.9  78.3  65.6  43.5  34.1  60.1
 1998   33.7  44.5  46.3  62.0  78.0  80.1  86.9  85.7  82.4  64.9  52.0  41.1  63.1
 1999   26.9  43.3  47.2  62.2  72.1  80.5  89.0  81.2  76.3  65.9  58.7  37.2  61.7
 2000   32.3  42.0  55.9  62.6  78.6  78.1  82.0  84.3  79.6  68.5  44.2  21.3  60.8
 MEANS  30.8  36.9  48.4  63.5  74.7  83.5  87.3  85.3  77.9  66.6  49.3  35.4  61.6
 
 THESE ARE THE MONTHLY AVG. MIN TEMPS 1951-2000 FOR STATION #8688
 YEAR    JAN   FEB  MARCH APRIL  MAY  JUNE  JULY AUGUST SEPT   OCT   NOV   DEC   ANN
  
 1951   11.8  17.1  21.3  37.0  51.5  56.4  62.1  60.5  51.3  44.6  23.9  14.6  37.7
 1952   15.5  25.8  26.8  40.3  50.8  65.7  65.3  60.5  51.9  33.7  30.2  23.5  40.8
 1953   18.8  22.2  29.5  36.1  50.7  63.8  65.4  62.5  52.3  45.2  31.8  21.4  41.6
 1954   12.7  27.9  24.8  43.5  46.1  64.0  66.5  63.4  55.5  43.9  32.2  23.0  42.0
 1955   14.8  16.7  26.1  46.3  52.4  57.3  69.9  65.3  54.9  42.9  23.3  14.0  40.3
 1956   12.6  18.8  25.7  36.5  52.5  63.2  63.3  63.6  51.8  47.8  30.1  21.8  40.7
 1957    8.7  25.3  28.3  42.1  50.8  60.3  67.7  62.7  51.3  40.1  30.7  24.7  41.1
 1958   17.6   7.9  28.3  40.1  49.6  57.0  62.2  63.0  54.7  43.4  32.9  13.7  39.2
 1959    7.3  17.7  28.0  40.2  54.7  61.7  62.1  67.3  56.0  41.0  22.1  27.9  40.5
 1960   16.7  13.8  13.7  42.6  50.0  58.3  62.2  63.7  56.9  41.6  33.2  17.5  39.2
 1961   12.9  22.6  31.4  35.0  46.7  58.5  62.8  62.5  53.9  44.7  32.4  15.3  39.9
 1962    7.1  17.0  23.5  37.9  57.7  59.9  62.0  61.8  50.6  45.9  30.7  16.2  39.2
 1963    4.2  11.4  32.3  42.5  50.0  61.6  63.5  60.7  54.4  51.9  34.5   6.5  39.5
 1964   19.9  19.4  24.7  40.7  56.0  60.9  65.5  58.6  53.8  38.1  33.4  16.3  40.6
 1965   11.8  14.5  18.5  40.4  54.9  58.4  62.2  60.2  54.1  44.0  32.1  27.7  39.9
 1966    6.6  17.1  29.9  37.6  45.3  59.4  66.0  58.3  50.7  40.6  31.9  19.3  38.6
 1967   16.2  12.9  30.3  42.1  45.6  60.1  59.7  56.3  49.6  40.8  28.2  22.5  38.7
 1968   14.5  14.6  32.1  41.0  47.5  62.3  63.8  63.8  53.9  43.9  30.7  17.8  40.5
 1969   11.4  21.8  22.8  42.2  51.8  56.6  67.4  62.5  55.6  42.3  29.1  18.7  40.2
 1970    6.0  17.1  26.6  42.3  55.4  61.5  64.7  63.5  56.3  45.0  31.0  20.6  40.8
 1971    7.2  18.5  27.0  40.4  47.7  66.3  62.3  60.8  58.2  50.9  33.1  26.0  41.5
 1972   11.4  14.0  28.1  39.4  53.2  58.9  64.8  64.5  57.8  41.8  31.4  16.4  40.1
 1973   18.8  22.8  38.7  41.3  49.9  62.6  66.4  64.8  58.7  49.5  33.6  18.0  43.8
 1974   14.7  21.5  31.3  44.3  52.1  57.9  67.0  61.4  50.0  44.1  33.0  22.7  41.7
 1975   17.7  18.9  23.3  37.7  54.6  62.4  64.8  65.9  51.6  44.4  37.7  24.5  42.0
 1976   12.5  27.0  32.3  43.5  48.8  59.8  65.7  60.4  52.9  37.9  21.9  10.5  39.4
 1977    0.0  19.4  35.8  46.4  58.7  62.6  67.6  61.7  57.0  43.2  31.0  16.4  41.6
 1978    5.3   6.7  24.5  41.4  51.9  61.4  65.4  62.5  58.5  41.7  32.2  17.5  39.1
 1979    2.0   6.6  29.4  39.0  51.5  60.7  64.1  64.3  53.3  44.3  31.3  23.3  39.1
 1980   18.2  14.8  27.6  40.4  53.6  60.6  68.9  67.0  56.4  39.7  32.3  19.8  41.6
 1981   16.2  20.1  31.8  46.7  49.3  63.4  66.6  63.3  54.4  41.3  34.0  18.1  42.1
 1982    1.6  16.0  27.0  36.1  56.4  56.7  65.5  62.4  54.0  44.0  31.4  27.3  39.9
 1983   20.8  25.0  32.8  37.0  47.7  62.1  68.0  68.7  54.6  46.1  35.9   6.2  42.1
 1984   13.3  26.8  24.2  40.1  48.3  62.5  62.1  60.5  52.7  46.2  31.5  22.3  40.9
 1985    6.3  15.1  34.0  45.1  53.7  58.4  63.8  60.6  56.6  45.1  28.1   6.0  39.4
 1986   17.7  16.2  33.2  43.6  53.5  63.5  68.5  59.0  59.7  45.2  26.9  24.2  42.6
 1987   19.3  26.6  33.3  43.9  55.8  64.4  68.5  63.7  54.2  38.0  36.5  25.7  44.1
 1988   12.7  12.5  28.6  39.3  53.1  62.2  66.0  66.9  56.1  37.7  32.1  20.8  40.7
 1989   25.4   9.1  28.4  40.9  49.3  59.4  66.8  62.6  51.6  43.8  28.1   7.0  39.4
 1990   24.8  23.0  34.2  40.5  49.1  62.9  65.5  64.5  57.7  42.9  35.5  16.6  43.1
 1991   10.1  24.3  32.3  44.6  58.2  64.6  65.4  64.1  54.6  43.1  24.6  23.2  42.4
 1992   22.8  27.6  32.1  39.9  50.0  58.7  63.2  57.6  53.1  42.3  31.2  20.6  41.6
 1993   16.7  16.9  27.3  39.0  53.2  59.8  66.0  65.5  51.5  42.6  30.1  22.3  40.9
 1994    7.5  15.2  29.7  41.3  50.9  63.3  63.8  60.9  55.7  46.9  35.1  25.8  41.4
 1995   15.0  19.2  31.5  38.2  50.4  63.2  66.5  70.0  51.9  44.4  24.4  19.9  41.2
 1996   11.7  18.3  23.2  37.6  50.6  62.6  63.4  63.7  53.5  44.4  26.4  18.7  39.5
 1997   10.0  23.1  30.7  37.4  46.7  61.5  65.4  62.7  56.4  44.6  30.6  24.2  41.1
 1998   20.5  32.5  30.9  42.8  57.5  61.0  67.2  66.0  60.4  46.4  36.2  24.3  45.5
 1999   13.7  25.8  22.3  41.5  50.4  59.8  66.0  58.1  46.7  36.7  30.1  17.5  39.0
 2000   10.2  23.9  30.7  37.9  58.1  55.6  62.0  63.0  51.6  42.9  25.7   2.5  38.7
 MEANS  13.0  19.0  28.4  40.7  51.7  60.9  65.0  62.8  54.2  43.3  30.7  19.0  40.7
 
 THESE ARE THE MONTHLY AVG. MEAN TEMPS 1951-2000 FOR STATION #8688
 YEAR    JAN   FEB  MARCH APRIL  MAY  JUNE  JULY AUGUST SEPT   OCT   NOV   DEC   ANN
  
 1951   21.5  26.8  30.9  47.6  63.5  66.9  73.1  71.7  62.9  55.2  33.9  24.1  48.2
 1952   25.2  33.1  35.1  52.8  62.0  76.8  76.9  72.0  66.4  49.7  42.0  30.4  51.9
 1953   26.5  32.0  39.0  46.6  61.9  75.5  77.3  76.0  67.4  60.0  43.4  31.2  53.1
 1954   23.5  38.6  35.1  55.2  57.8  75.1  78.3  73.7  68.8  54.6  42.5  30.5  52.8
 1955   23.0  26.1  37.3  58.1  64.4  68.4  81.2  78.4  68.4  54.7  34.2  24.1  51.5
 1956   22.6  27.6  37.2  49.8  65.7  76.5  75.1  74.9  66.2  61.8  40.2  30.5  52.3
 1957   18.5  33.6  38.3  52.0  61.5  71.2  78.9  74.6  63.4  51.6  38.7  33.5  51.3
 1958   24.9  18.0  36.6  51.6  63.1  67.5  72.0  73.9  66.0  56.4  44.1  23.3  49.8
 1959   16.9  26.2  37.7  51.1  65.2  72.9  73.5  77.3  66.2  50.3  32.0  34.7  50.3
 1960   24.2  21.9  23.5  53.2  60.7  68.6  73.8  75.2  68.7  54.3  43.4  27.1  49.5
 1961   23.8  32.1  39.7  45.8  59.1  72.0  74.0  74.0  64.7  56.1  40.5  23.6  50.4
 1962   16.5  24.6  32.5  50.0  69.1  71.1  72.8  73.8  63.0  56.4  40.7  25.5  49.7
 1963   12.6  21.6  42.4  54.5  61.6  74.9  75.0  71.7  66.5  65.3  44.4  15.9  50.6
 1964   30.1  29.4  35.6  52.5  67.7  72.2  77.1  71.9  65.6  52.3  44.7  24.8  52.0
 1965   21.5  25.4  27.1  50.7  66.8  70.2  73.8  71.9  64.3  55.3  42.2  36.4  50.5
 1966   16.2  27.0  41.8  48.7  58.3  70.8  78.7  71.4  63.4  54.3  42.3  27.3  50.0
 1967   27.1  23.3  41.1  53.1  58.5  71.3  72.5  69.2  63.0  52.6  37.5  30.4  49.9
 1968   23.8  25.1  45.4  53.3  59.9  74.2  75.7  75.0  65.6  55.7  39.1  25.9  51.6
 1969   19.4  28.5  33.4  53.7  63.5  68.5  76.9  74.7  67.0  53.0  40.4  26.2  50.4
 1970   15.3  28.7  35.8  53.8  67.1  72.2  76.7  74.4  67.1  55.4  39.6  29.4  51.3
 1971   17.6  26.1  36.4  54.5  60.6  77.9  73.3  73.3  69.9  62.3  42.0  32.6  52.2
 1972   21.1  23.6  38.7  50.8  64.6  71.0  75.7  75.0  68.9  52.6  37.3  23.7  50.2
 1973   26.4  31.0  47.1  50.5  60.4  73.6  76.8  75.7  67.2  61.1  42.6  25.4  53.1
 1974   23.1  30.1  41.6  56.2  62.3  68.9  78.9  71.5  61.9  55.9  40.8  29.6  51.7
 1975   25.8  26.2  32.2  48.2  66.3  73.1  77.3  76.1  62.5  58.0  46.9  32.0  52.1
 1976   23.2  37.9  42.5  55.6  60.7  72.1  77.1  72.6  66.1  49.7  33.4  21.6  51.0
 1977    9.8  29.9  45.6  58.8  70.5  74.5  79.9  72.5  67.5  53.7  39.8  23.9  52.2
 1978   13.9  16.4  33.6  52.8  62.1  73.0  75.4  74.3  71.1  53.0  41.0  25.2  49.3
 1979    9.7  16.0  37.8  48.3  63.7  72.9  75.1  74.6  67.6  56.4  39.6  33.3  49.6
 1980   25.3  23.0  36.9  52.3  66.1  72.1  80.2  78.0  68.7  51.8  42.1  28.3  52.1
 1981   26.8  31.0  43.5  58.5  60.9  74.0  75.9  73.8  66.3  53.6  43.2  26.7  52.8
 1982   12.3  24.6  36.5  47.6  66.6  67.7  76.1  72.7  65.1  56.0  40.7  34.8  50.1
 1983   27.7  33.2  40.8  46.2  59.1  74.1  80.7  82.4  67.7  55.9  43.5  13.5  52.1
 1984   22.0  35.7  32.2  49.8  60.0  73.9  74.4  74.4  65.2  56.6  41.7  32.1  51.5
 1985   16.1  23.4  44.0  57.3  66.0  69.8  75.8  71.4  67.4  55.1  35.0  16.0  49.8
 1986   26.7  23.0  43.8  56.8  63.8  74.6  78.6  69.9  69.3  55.5  35.9  30.5  52.4
 1987   26.9  37.5  43.6  56.8  68.9  75.8  79.7  74.6  65.6  50.2  44.6  31.5  54.7
 1988   21.6  22.2  40.8  52.6  67.0  75.9  79.5  79.6  68.4  48.8  41.3  30.2  52.3
 1989   34.0  18.2  38.6  52.4  61.2  70.2  77.2  73.6  63.0  55.5  39.2  16.8  50.0
 1990   33.8  32.6  43.5  51.5  59.1  72.3  75.0  74.1  68.7  54.4  45.8  24.9  53.0
 1991   18.8  33.2  43.7  55.3  67.7  75.4  77.3  75.0  66.5  53.8  33.3  31.0  52.6
 1992   30.8  35.2  42.3  50.9  62.6  70.6  72.2  68.4  63.2  53.5  36.4  27.6  51.1
 1993   23.7  23.1  35.0  48.9  63.5  69.7  74.6  74.7  61.1  53.0  38.0  29.2  49.5
 1994   15.3  23.7  41.0  54.1  63.0  74.1  74.3  72.4  67.1  56.8  43.5  32.6  51.5
 1995   21.0  28.2  41.5  49.7  60.1  73.1  77.2  79.7  63.0  54.8  34.1  26.7  50.8
 1996   20.9  26.7  34.1  50.7  59.7  72.4  74.3  73.9  64.4  55.4  33.2  25.7  49.3
 1997   19.3  29.9  41.9  48.1  58.1  72.2  76.1  72.8  67.3  55.1  37.0  29.2  50.6
 1998   27.1  38.5  38.6  52.4  67.7  70.6  77.0  75.8  71.4  55.7  44.1  32.7  54.3
 1999   20.3  34.5  34.7  51.8  61.2  70.1  77.5  69.7  61.5  51.3  44.4  27.4  50.4
 2000   21.3  32.9  43.3  50.2  68.3  66.8  72.0  73.6  65.6  55.7  35.0  11.9  49.7
 MEANS  21.9  27.9  38.4  52.1  63.2  72.2  76.2  74.0  66.1  54.9  40.0  27.2  51.2
 
 THESE ARE THE MONTHLY PRECIP TOTALS AND NUMBER OF      MISSING DAYS 1951-2000 FOR STATION #8688
 YEAR    JAN   FEB  MARCH APRIL  MAY  JUNE  JULY AUGUST SEPT   OCT   NOV   DEC   ANN
  
 1951   0.68  2.62  3.85  3.61  7.61  5.45  4.93 11.07  1.64  3.66  3.75  1.52 50.39
           0     0     0     0     0     0     0     0     0     0     0     0     0
 1952   1.54  0.62  3.94  2.31  2.86  6.42  2.52  3.55  0.84  0.00  4.36  1.59 30.55
           0     0     0     0     0     0     0     0     0     0     0     2     2
 1953   0.86  2.84  4.27  2.15  2.42  2.37  1.87  0.57  0.80  0.25  0.76  2.71 21.87
           0     0     0     0     0     0     0     0     0     0     0     0     0
 1954   0.25  0.82  2.50  4.22  2.69  7.27  1.57  6.64  1.07  5.05  0.39  1.40 33.87
           0     0     0     0     0     0     0     0     0     0     0     0     0
 1955   2.16  1.28  1.18  5.46  2.89  2.92  1.55  1.37  4.15  1.56  0.32  0.51 25.35
           0     0     0     0     0     0     0     0     0     0     0     0     0
 1956   0.33  1.20  0.24  1.17  1.41  1.57  5.35  2.94  0.64  0.78  1.70  0.70 18.03
           0     0     0     0     0     0     0     0     0     0     0     0     0
 1957   0.84  1.29  3.41  4.64  3.13  2.87  3.18  2.09  2.63  3.65  2.91  3.15 33.79
           0     0     0     0     0     0     0     0     0     0     0     0     0
 1958   1.22  0.36  0.34  1.97  2.45  5.98  8.15  3.91  3.15  1.20  3.54  0.27 32.54
           0     0     0     0     0     0     0     0     0     0     0     0     0
 1959   1.58  1.31  3.88  2.99  5.62  4.17  5.99  2.50  5.75  5.50  1.15  3.15 43.59
           0     0     0     0     0     0     0     0     0     0     0     0     0
 1960   3.69  1.74  1.98  4.25  5.03  9.54  3.60  1.54  1.70  3.14  2.93  0.62 39.76
           0     0     0     0     0     0     0     0     0     0     0     0     0
 1961   0.34  0.90  5.05  1.45  1.23  0.34  7.65  2.46  7.88  3.34  5.12  1.44 37.20
           0     0     0     0     0     0     0     0     0     0     0     0     0
 1962   1.10  2.45  1.96  1.57  6.26  1.88  5.17  2.08  1.83  4.42  1.19  0.43 30.34
           2     0     0     0     0     0     0     0     0     0     0     0     2
 1963   0.79  0.37  3.20  4.43  3.49  0.41  6.76  3.27  1.10  0.38  2.65  0.67 27.52
           0     0     0     0     0     0     0     0     0     0     0     0     0
 1964   0.37  0.70  1.58  4.73  2.45  5.71  2.10  2.14  2.86  0.10  1.11  0.85 24.70
           0     0     0     0     0     0     0     0     0     0     0     0     0
 1965   3.33  0.74  2.53  7.96  2.86  3.70  5.80 10.48 11.39  1.12  0.00  2.49 52.40
           0     0     0     0     0     0     0     0     0     0    30     0    30
 1966   1.01  0.03  1.47  3.66  6.49  6.92  2.09  0.29  2.01  3.50  0.59  1.27 29.33
           0     0     0     0     0     0     0     0     0     0     0     0     0
 1967   1.17  0.60  1.90  6.99  1.68  6.48  3.00  1.55  3.29  7.08  1.71  0.90 36.35
           0     0     0     0     0     0     0     0     0     0     0     0     0
 1968   0.49  0.34  1.26  3.55  2.96  3.68  3.10  1.95  5.60  1.37  1.32  2.12 27.74
           0     0     0     0     0     0     0     0     0     0     0     0     0
 1969   2.59  0.87  1.20  2.59  3.13  6.60  5.40  3.65  1.87  5.40  0.12  1.37 34.79
           0     0     0     0     0     0     0     0     0     0     0     0     0
 1970   0.26  0.13  2.85  2.76  3.42  6.91  5.35  7.50  7.49  2.32  1.04  1.76 41.79
           0     0     0     0     0     0     0     0     0     0     0     0     0
 1971   1.26  1.81  0.61  1.40  2.33  2.49  7.24  1.10  4.89  2.29  2.49  5.57 33.48
           0     0     0     0     0     0     0     0     0     0     0     0     0
 1972   0.69  0.50  2.32  4.40  5.88  4.24  2.71  5.11  2.50  2.56  2.32  1.99 35.22
           0     0     0     0     0     0     0     0     0     0     0     0     0
 1973   1.89  1.21  3.74  7.24  9.04  3.25  5.39  1.56  7.48  2.10  1.12  2.83 46.85
           0     0     0     0     0     0     0     0     0     0     0     0     0
 1974   2.70  0.96  3.53  2.42  9.55  4.81  3.02  6.29  1.30  1.79  1.85  1.56 39.78
           0     0     0     0     0     0     0     0     0     0     0     0     0
 1975   0.92  1.32  2.04  3.04  2.97  3.91  0.45  0.00  2.49  0.25  2.67  0.58 20.64
           0     0     0     0     0     0     0    31     0     0     0     0    31
 1976   0.45  0.89  3.99  4.02  3.40  3.82  4.15  1.40  1.35  2.48  0.27  0.25 26.47
           0     0     0     0     0     0     0     0     0     0     0     0     0
 1977   0.52  0.20  4.19  1.38  2.40  3.47  3.61  7.59  5.19  4.41  2.01  0.79 35.76
           0     0     0     0     0     0     0     0     0     0     0     0     0
 1978   0.56  0.76  1.28  4.55  5.20  4.34  6.02  2.20  5.34  2.53  2.54  1.51 36.83
           0     0     0     0     0     0     0     0     0     0     0     0     0
 1979   2.51  0.75  3.03  3.27  2.24  2.81  4.47  4.51  0.04  3.98  1.64  1.02 30.27
           0     0     0     0     0     0     0     0     0     0     0     0     0
 1980   1.13  1.08  1.25  1.46  2.23  3.60  3.92  5.92  5.47  2.12  0.65  2.74 31.57
           0     0     0     0     0     0     0     0     0     0     0     0     0
 1981   0.00  1.43  0.26  7.05  2.13  4.80  4.07  2.39  3.63  4.02  2.01  1.17 32.96
           0     0     0     0     0     0     0     0     0     0     0     0     0
 1982   2.01  0.32  3.05  1.86  6.37  2.23 10.27  4.42  3.75  2.14  2.28  4.52 43.22
           0     0     0     0     0     0     0     0     0     0     0     0     0
 1983   0.39  1.27  1.92  3.34  3.24  3.87  0.98  1.90  5.49  1.96  6.36  1.89 32.61
           0     0     0     0     0     0     0     0     0     0     0     0     0
 1984   0.53  0.76  1.62  2.69  4.88  3.30  3.33  1.59  1.48  6.76  2.33  1.79 31.06
           0     0     0     0     0     0     0     0     0     0     0     0     0
 1985   0.86  1.38  2.73  0.56  2.70  1.94  3.61  2.76  4.84  5.28  5.36  2.03 34.05
           0     0     0     0     0     0     0     0     0     0     0     0     0
 1986   0.18  1.47  1.82  2.26  9.26  4.27  4.18  4.37  5.81  3.96  0.66  0.92 39.16
           0     0     0     0     0     0     0     0     0     0     0     0     0
 1987   0.32  0.02  1.85  1.53  1.95  4.31  2.01  4.73  3.24  0.29  2.87  2.30 25.42
           0     0     0     0     0     0     0     0     0     0     0     0     0
 1988   1.08  0.63  1.33  0.77  1.22  1.45  0.61  4.37  1.57  1.58  2.53  1.37 18.51
           0     0     0     0     0     0     0     0     0     0     0     0     0
 1989   0.86  0.73  1.35  1.89  2.69  3.69  2.54  4.01  7.99  1.53  0.03  0.52 27.83
           0     0     0     0     0     0     0     0     0     0     0     0     0
 1990   1.46  1.34  5.24  1.56  4.62  9.94  4.88  4.27  1.80  1.19  2.75  1.91 40.96
           0     0     0     0     0     0     0     0     0     1     0     0     1
 1991   0.95  0.17  3.36  1.29  2.46  1.75  0.48  4.46  2.71  2.54  5.27  1.63 27.07
           0     0     0     0     0     0     0     0     0     0     0     0     0
 1992   0.87  1.59  1.38  3.59  1.03  0.83 10.21  2.32  9.56  0.49  5.77  2.25 39.89
           0     0     0     0     0     0     0     0     0     0     0     0     0
 1993   1.78  0.85  3.89  3.28  4.81  9.76 11.33  8.55  4.63  0.52  1.26  0.67 51.33
           0     0     0     0     0     0     0     0     0     0     0     0     0
 1994   1.12  2.14  0.48  1.66  2.49  6.03  3.22  3.22  2.49  1.16  3.93  1.31 29.25
           0     0     0     0     0     0     0     0     0     0     0     0     0
 1995   1.95  0.78  1.33  6.97  7.17  5.50  3.38  1.98  2.51  1.28  2.61  0.59 36.05
           0     0     0     0     0     0     0     0     0     0     0     0     0
 1996   2.93  0.81  1.05  1.79 11.49  2.62  0.97  3.39  2.20  2.30  1.27  0.47 31.29
           0     0     0     0     0     0     0     0     0     0     0     0     0
 1997   1.39  4.08  1.34  1.81  7.50  2.98  4.87  4.23  2.46  4.44  1.05  2.10 38.25
           0     0     0     0     0     0     0     0     0     0     0     0     0
 1998   1.76  2.55  5.48  3.74  4.66  7.98  4.72  5.78  3.71  7.19  2.38  0.97 50.92
           0     0     0     0     0     0     0     0     0     0     0     0     0
 1999   2.28  0.73  1.57  6.65  3.44  3.26  3.77  4.95  2.93  1.63  0.61  1.20 33.02
           0     0     0     0     0     0     0     0     0     0     0     0     0
 2000   1.26  1.15  0.80  3.22  6.17  2.25  4.08  2.21  3.73  2.84  1.58  1.63 30.92
           0     0     0     0     0     0     0     0     0     0     0     0     0
 
 MEANS  1.22  1.10  2.33  3.26  4.11  4.21  4.19  3.66  3.61  2.63  2.14  1.58 34.05
 PRECIPITATION MEANS AND TOTALS ARE BASED ON DATA      AVAILABLE
 NO ATTEMPT WAS MADE TO ESTIMATE MISSING         PRECIPITATION DATA
 *****************************************************************************************
 *****************************************************************************************
 
 THESE ARE THE MONTHLY HEATING DEGREE DAYS 1951-2000 FOR STATION #8688
 YEAR    JAN    FEB   MARCH  APRIL   MAY    JUNE   JULY  AUGUST  SEPT   OCT   NOV   DEC
 
 1951  1348.0 1069.5 1056.5  543.5  118.5   45.0    4.0    4.5  108.0  343.0  933.5 1269.0
 1952  1235.0  926.5  928.0  386.0  162.0    3.5    0.0    8.5   67.5  480.5  690.5 1073.5
 1953  1193.0  925.0  806.5  556.0  172.5    1.5    0.5    0.0   67.5  216.0  648.5 1049.0
 1954  1287.5  740.0  927.0  319.0  250.5   35.0    0.0    0.0   34.5  366.0  675.5 1070.5
 1955  1303.0 1089.0  858.0  218.0   91.0   39.5    0.0    0.5   60.0  328.0  925.5 1269.0
 1956  1315.5 1084.0  862.0  464.5  103.5   15.0    0.5   12.0   80.0  133.5  744.5 1068.5
 1957  1442.0  880.5  827.0  408.0  144.0   11.5    0.0    0.0   98.5  416.5  790.0  975.0
 1958  1243.5 1316.5  881.5  409.0  115.5   27.5    2.0   16.5   68.5  288.5  628.5 1292.0
 1959  1491.0 1087.5  846.5  417.0  116.0    5.0    4.5    0.0   99.0  457.0  988.5  940.0
 1960  1266.0 1249.5 1287.0  378.5  166.0   19.5    0.0    0.0   60.5  342.5  648.5 1175.5
 1961  1278.5  920.5  784.5  577.0  213.0   13.5    0.0    0.0  138.5  291.5  734.0 1284.0
 1962  1504.0 1131.0 1007.0  462.0   48.5   22.5    2.0    0.0  127.0  309.0  729.5 1223.0
 1963  1623.5 1215.0  702.0  324.5  153.5    7.5    3.0   12.0   60.5   88.0  617.5 1522.5
 1964  1083.0 1032.0  911.0  380.5   54.0   15.0    0.0   23.5   98.0  395.0  610.5 1247.0
 1965  1347.0 1108.5 1176.0  435.5   71.5    3.5    0.0   19.5  103.5  315.0  684.0  885.5
 1966  1513.0 1064.0  720.0  490.0  239.5   18.0    0.0    9.5  109.0  339.5  682.0 1168.5
 1967  1173.5 1168.5  748.0  365.5  261.0    9.5   14.0   20.5  116.5  410.5  826.5 1073.5
 1968  1277.5 1156.5  607.5  351.0  186.0    9.0    2.0    4.0   51.0  338.5  777.0 1211.0
 1969  1413.0 1022.5  980.0  338.5  138.0   42.5    0.0    0.0   41.5  411.5  737.0 1204.0
 1970  1539.5 1015.5  904.0  374.0   79.5   12.5    1.5    0.0   69.5  314.5  763.0 1104.0
 1971  1468.0 1089.5  886.5  337.5  178.0    0.0    7.5    1.0   74.0  131.0  688.5 1004.0
 1972  1359.5 1201.0  815.5  428.0  129.0   18.5    4.5    3.5   60.5  394.0  832.0 1281.5
 1973  1196.5  953.0  555.0  434.0  152.5    0.0    0.0    0.0   51.0  165.0  672.0 1227.5
 1974  1298.5  976.0  725.5  289.0  148.0   19.5    0.0    3.5  146.0  286.0  725.0 1096.5
 1975  1216.5 1085.0 1016.5  503.5   68.0    5.0    2.5    0.0  146.0  249.0  542.5 1023.5
 1976  1295.5  786.0  696.0  306.0  166.0    2.0    0.0    1.0   69.0  498.0  949.0 1344.0
 1977  1711.0  982.5  600.0  243.5   35.5    3.5    0.0    3.0   30.5  350.0  756.5 1273.0
 1978  1583.5 1359.5  973.5  366.5  186.0    3.5    0.0    1.0   35.0  377.0  720.0 1233.5
 1979  1714.5 1372.0  842.0  502.0  127.0    1.0    1.5    5.0   47.5  294.0  761.5  982.5
 1980  1230.0 1218.0  872.5  405.0   78.5    8.5    0.0    0.0   57.5  414.0  687.0 1136.5
 1981  1184.5  953.0  667.5  232.0  176.0    0.0    9.0    0.0   61.5  357.0  653.0 1186.0
 1982  1634.0 1132.0  882.0  521.5   55.0   30.5    0.5    6.0  108.5  304.5  729.5  936.0
 1983  1155.0  891.5  749.0  564.0  194.5    9.0    0.0    0.0   90.0  306.5  644.0 1597.0
 1984  1331.5  849.0 1016.5  466.5  194.0    0.0    1.0    6.5  137.0  271.5  699.5 1018.5
 1985  1516.5 1164.5  652.5  286.5   52.5   17.5    0.0    1.5  119.0  309.5  899.0 1517.5
 1986  1186.5 1177.0  674.5  284.0   96.5    1.5    0.0   19.5   36.5  295.0  872.5 1068.5
 1987  1180.0  771.0  662.0  282.0   44.0    4.0    1.5   14.5   57.0  458.0  613.5 1037.5
 1988  1345.0 1240.5  750.0  372.5   40.5    5.0    0.0    5.5   28.0  506.0  712.0 1080.0
 1989   960.5 1310.0  824.0  400.0  179.0   21.5    0.0    1.5  116.5  315.0  772.5 1494.5
 1990   968.5  906.5  669.0  439.0  188.5   18.0    0.0    0.0   77.0  349.5  579.0 1242.5
 1991  1432.0  890.5  665.0  314.0  102.0    0.0    0.0    0.0  126.0  360.5  949.5 1053.5
 1992  1061.0  865.5  705.0  427.5  145.0   18.0    0.5   27.0  131.0  365.5  857.5 1160.5
 1993  1279.5 1172.0  930.5  482.0   95.0   51.5    0.0    3.0  155.5  385.0  809.5 1110.5
 1994  1540.0 1156.5  745.5  356.5  131.5    5.0    0.0    2.0   59.5  276.0  645.0 1005.0
 1995  1364.5 1029.5  728.5  459.5  165.5    4.0    2.5    0.0  130.0  328.0  926.0 1186.5
 1996  1368.5 1111.5  958.0  435.0  222.5   23.0    0.0    0.0  105.0  311.0  955.5 1219.5
 1997  1418.0  983.5  715.5  508.5  236.0    1.5    2.0    0.0   40.0  377.0  838.5 1111.0
 1998  1175.5  742.0  827.5  378.0   42.0   36.5    0.0    0.0   17.0  296.5  627.5 1001.5
 1999  1384.5  853.0  938.5  394.5  150.0   32.0    0.5    7.5  168.5  431.0  618.5 1166.5
 2000  1356.0  930.0  673.0  442.5   43.0   51.5    2.5    1.0  126.5  301.5  900.5 1646.5
 *****************************************************************************************
 MEANS 1365.5 1070.5  843.5  410.9  137.7   15.5    1.5    5.2   87.9  341.2  766.6 1196.9
 
 THESE ARE THE MONTHLY COOLING DEGREE DAYS 1951-2000 FOR STATION #8688
 YEAR    JAN   FEB  MARCH APRIL  MAY  JUNE  JULY AUGUST SEPT   OCT   NOV   DEC   ANN
 
 1951    0.0   0.0   0.0  20.5  71.5 102.5 255.5 212.0  44.0  39.5   0.0   0.0
 1952    0.0   0.0   0.0  21.0  70.5 358.5 368.5 225.5 111.0   5.0   0.0   0.0
 1953    0.0   0.0   0.0   4.5  75.5 317.0 381.5 341.5 141.0  59.5   0.0   0.0
 1954    0.0   0.0   0.0  24.5  28.5 336.5 411.0 269.0 147.5  43.0   0.0   0.0
 1955    0.0   0.0   0.0  10.5  73.0 141.5 503.5 415.5 162.5   9.5   0.0   0.0
 1956    0.0   0.0   0.0   8.5 124.0 359.5 314.0 318.5 114.5  35.0   0.0   0.0
 1957    0.0   0.0   0.0  19.0  37.0 197.0 431.0 298.5  50.5   0.0   0.0   0.0
 1958    0.0   0.0   0.0   7.5  58.0 103.0 217.5 291.5  99.0  21.5   0.5   0.0
 1959    0.0   0.0   0.0   0.0 122.5 241.0 266.5 380.5 133.5   0.0   0.0   0.0
 1960    0.0   0.0   0.0  24.5  32.0 127.0 271.5 315.5 170.0  10.0   0.0   0.0
 1961    0.0   0.0   0.0   0.0  29.0 223.0 278.5 277.5 129.0  15.5   0.0   0.0
 1962    0.0   0.0   0.0  13.0 176.0 205.0 243.0 272.0  68.5  42.5   0.0   0.0
 1963    0.0   0.0   2.5  11.0  48.0 306.0 312.0 221.0 106.5  98.0   0.0   0.0
 1964    0.0   0.0   0.0   6.5 137.5 231.5 374.5 237.5 117.0   0.5   0.5   0.0
 1965    0.0   0.0   0.0   5.0 127.5 160.5 272.0 232.0  84.0  13.0   0.0   0.0
 1966    0.0   0.0   0.0   2.0  32.5 193.5 426.0 207.5  60.5   7.5   0.0   0.0
 1967    0.0   0.0   7.5   8.0  58.5 198.0 245.0 149.5  55.5  25.0   0.0   0.0
 1968    0.0   0.0   0.0   1.5  27.0 285.0 333.0 313.5  68.0  50.0   0.0   0.0
 1969    0.0   0.0   0.0   0.0  92.0 148.0 369.5 300.0 101.0  40.5   0.0   0.0
 1970    0.0   0.0   0.0  37.5 144.5 228.0 365.0 290.5 132.0  17.0   0.0   0.0
 1971    0.0   0.0   0.0  21.5  40.5 386.5 265.5 258.5 222.5  46.5   0.0   0.0
 1972    0.0   0.0   0.0   2.5 116.5 198.0 337.5 312.5 178.5   9.5   0.0   0.0
 1973    0.0   0.0   0.0   0.0  10.0 257.0 365.0 332.0 115.5  44.5   0.0   0.0
 1974    0.0   0.0   0.0  25.0  64.0 136.5 431.0 205.0  52.0   2.5   0.0   0.0
 1975    0.0   0.0   0.0   0.5 109.0 248.5 383.0 344.0  70.0  32.5   0.0   0.0
 1976    0.0   0.0   0.0  23.5  32.0 214.5 376.0 236.5 103.0  23.5   0.0   0.0
 1977    0.0   0.0   0.0  57.0 205.0 287.5 462.0 235.0 106.5   0.0   0.0   0.0
 1978    0.0   0.0   1.5   0.0  96.5 242.5 321.5 290.0 216.5   3.5   0.0   0.0
 1979    0.0   0.0   0.0   0.0  88.0 239.5 315.0 303.5 124.5  27.0   0.0   0.0
 1980    0.0   0.0   0.0  24.0 113.5 220.0 472.0 402.0 168.0   5.0   0.0   0.0
 1981    0.0   0.0   0.0  35.5  47.5 270.0 345.5 271.5 101.0   4.0   0.0   0.0
 1982    0.0   0.0   0.0   0.0 105.0 111.5 343.5 245.5 112.0  24.5   0.0   0.0
 1983    0.0   0.0   0.0   0.5  13.0 282.5 488.0 539.0 169.5  24.5   0.0   0.0
 1984    0.0   0.0   0.0  10.0  38.5 267.0 291.5 299.0 141.5  11.5   0.0   0.0
 1985    0.0   0.0   0.0  56.0  82.5 162.5 335.0 200.5 192.5   2.0   0.0   0.0
 1986    0.0   0.0  16.5  37.5  60.5 289.0 420.5 170.5 164.5   1.5   0.0   0.0
 1987    0.0   0.0   0.0  36.5 165.0 328.5 457.5 312.0  75.0   0.0   2.5   0.0
 1988    0.0   0.0   0.0   0.0 104.0 333.0 450.0 459.0 130.5   3.0   0.0   0.0
 1989    0.0   0.0   6.0  22.5  62.5 178.0 377.0 268.5  55.0  20.0   0.0   0.0
 1990    0.0   0.0   3.5  34.5   6.0 238.5 310.5 283.5 187.5  19.5   3.0   0.0
 1991    0.0   0.0   5.0  23.5 185.5 311.5 380.0 308.5 172.0  13.0   0.0   0.0
 1992    0.0   0.0   0.0   4.5  72.0 186.0 223.5 132.0  78.5   9.0   0.0   0.0
 1993    0.0   0.0   0.0   0.0  48.0 193.0 298.5 303.5  39.0  11.5   0.0   0.0
 1994    0.0   0.0   0.0  29.0  68.0 279.0 289.0 230.0 122.0  22.0   0.0   0.0
 1995    0.0   0.0   0.0   0.0  13.5 245.5 382.0 456.0  71.5  12.0   0.0   0.0
 1996    0.0   0.0   0.0   6.5  59.0 246.5 289.0 276.0  86.0  12.5   0.0   0.0
 1997    0.0   0.0   0.0   0.5  21.5 218.5 346.0 242.0 110.5  70.0   0.0   0.0
 1998    0.0   0.0   8.0   0.0 127.0 203.5 373.5 336.0 210.0   7.0   0.0   0.0
 1999    0.0   0.0   0.0   0.0  32.5 186.0 388.0 152.0  63.5   6.5   0.0   0.0
 2000    0.0   0.0   0.0   0.0 146.5 107.0 220.0 268.5 145.0  12.5   0.0   0.0
 *****************************************************************************************
 MEANS   0.0   0.0   1.0  13.7  79.0 234.2 353.1 289.3 119.2  20.5   0.1   0.0
 
 THESE ARE THE HEAT STRESS VARIABLES 1951-2000 FOR STATION #8688
             # OF DAYS MAXT >86                           HEAT INDEX
 YEAR   MAY  JUNE  JULY   AUG  SEPT  TOTAL     MAY    JUNE   JULY   AUG    SEPT  TOTAL
 1951   0.0   3.0  13.0   8.0   2.0   26.0      0.0    7.0   40.0   36.0    3.0   86.0
 1952   3.0  21.0  21.0   8.0   9.0   62.0     13.0  123.0  115.0   32.0   37.0  320.0
 1953   4.0  17.0  21.0  18.0  10.0   70.0     24.0   89.0  132.0  149.0   79.0  473.0
 1954   1.0  20.0  25.0  12.0   8.0   66.0      1.0  110.0  145.0   42.0   48.0  346.0
 1955   1.0   3.0  28.0  23.0   9.0   64.0      3.0   10.0  209.0  190.0   61.0  473.0
 1956   8.0  23.0  16.0  16.0   8.0   71.0     30.0  156.0  103.0   71.0   30.0  390.0
 1957   0.0   7.0  23.0  15.0   1.0   46.0      0.0   22.0  153.0   81.0    4.0  260.0
 1958   2.0   5.0   1.0  17.0   2.0   27.0      6.0   17.0    1.0   71.0    5.0  100.0
 1959   4.0  11.0   9.0  19.0   6.0   49.0      7.0   34.0   30.0   89.0   20.0  180.0
 1960   1.0   1.0  12.0  18.0   8.0   40.0      1.0    1.0   53.0   65.0   87.0  207.0
 1961   1.0  13.0   8.0  12.0   6.0   40.0      3.0   61.0   35.0   41.0   24.0  164.0
 1962   9.0   8.0  10.0  13.0   3.0   43.0     20.0   27.0   32.0   61.0   13.0  153.0
 1963   3.0  18.0  18.0   8.0   5.0   52.0     11.0  115.0   61.0   37.0   12.0  236.0
 1964   5.0   9.0  21.0  14.0   6.0   55.0     18.0   43.0  120.0   80.0   24.0  285.0
 1965   5.0   5.0  13.0  11.0   1.0   35.0      7.0   12.0   47.0   64.0    3.0  133.0
 1966   3.0  10.0  25.0  12.0   2.0   52.0      4.0   31.0  186.0   43.0    7.0  271.0
 1967   6.0   3.0  15.0   5.0   0.0   29.0     24.0   10.0   58.0   10.0    0.0  102.0
 1968   3.0  19.0  20.0  17.0   1.0   60.0      5.0   77.0   83.0   97.0    2.0  264.0
 1969   3.0   8.0  19.0  16.0   0.0   46.0      5.0   31.0   69.0   54.0    0.0  159.0
 1970   4.0   7.0  20.0  14.0   4.0   49.0      9.0   31.0  136.0   50.0   12.0  238.0
 1971   2.0  23.0  14.0  15.0  12.0   66.0      3.0  122.0   37.0   59.0   61.0  282.0
 1972   7.0  11.0  19.0  15.0   6.0   58.0     24.0   41.0   82.0   98.0   27.0  272.0
 1973   0.0  11.0  17.0  19.0   2.0   49.0      0.0   42.0   86.0   70.0    9.0  207.0
 1974   1.0   6.0  23.0   8.0   0.0   38.0      1.0   19.0  168.0   22.0    0.0  210.0
 1975   5.0  14.0  25.0  13.0   3.0   60.0     16.0   56.0  152.0   95.0   13.0  332.0
 1976   0.0  10.0  19.0  13.0   7.0   49.0      0.0   32.0  107.0   50.0   17.0  206.0
 1977  12.0  14.0  25.0  10.0   0.0   61.0     31.0   71.0  206.0   29.0    0.0  337.0
 1978   3.0  12.0  13.0  14.0  14.0   56.0     13.0   44.0   46.0   56.0   57.0  216.0
 1979   4.0  12.0  19.0  14.0   8.0   57.0      9.0   37.0   53.0   71.0   18.0  188.0
 1980   7.0   8.0  24.0  23.0   9.0   71.0     19.0   33.0  195.0  113.0   31.0  391.0
 1981   0.0   8.0  13.0   8.0   5.0   34.0      0.0   24.0   63.0   22.0   11.0  120.0
 1982   0.0   2.0  16.0   8.0   5.0   31.0      0.0    3.0   55.0   44.0    9.0  111.0
 1983   0.0  16.0  29.0  28.0  10.0   83.0      0.0   80.0  243.0  316.0   56.0  695.0
 1984   1.0   9.0  16.0  22.0  10.0   58.0      2.0   31.0   85.0  111.0   53.0  282.0
 1985   2.0   6.0  19.0   8.0  10.0   45.0     10.0   34.0   86.0   31.0   70.0  231.0
 1986   0.0  11.0  23.0   5.0   4.0   43.0      0.0   58.0  105.0   12.0    8.0  183.0
 1987   9.0  15.0  25.0  14.0   1.0   64.0     20.0   92.0  182.0  105.0    2.0  401.0
 1988   7.0  20.0  28.0  21.0   5.0   81.0     18.0  154.0  228.0  237.0   16.0  653.0
 1989   2.0   6.0  16.0   7.0   0.0   31.0      6.0   13.0  102.0   33.0    0.0  154.0
 1990   0.0   6.0  12.0   8.0   9.0   35.0      0.0   15.0   60.0   45.0   38.0  158.0
 1991   6.0  16.0  18.0  15.0   9.0   64.0     15.0   63.0  136.0   68.0   31.0  313.0
 1992   2.0   8.0   5.0   4.0   0.0   19.0      2.0   24.0   11.0   16.0    0.0   53.0
 1993   0.0   4.0   9.0  12.0   2.0   27.0      0.0    9.0   25.0   33.0    4.0   71.0
 1994   3.0  11.0  14.0  10.0   7.0   45.0      3.0   57.0   49.0   46.0   18.0  173.0
 1995   0.0  11.0  20.0  24.0   1.0   56.0      0.0   51.0  112.0  124.0    1.0  288.0
 1996   3.0  12.0  13.0   8.0   2.0   38.0     12.0   52.0   41.0   37.0    2.0  144.0
 1997   1.0  10.0  17.0   8.0   4.0   40.0      3.0   27.0   99.0   32.0   10.0  171.0
 1998   6.0   8.0  14.0  13.0   8.0   49.0     17.0   39.0   71.0   40.0   37.0  204.0
 1999   0.0   8.0  19.0   3.0   5.0   35.0      0.0   20.0  136.0   11.0   24.0  191.0
 2000   4.0   4.0   4.0  10.0  11.0   33.0      9.0   16.0   10.0   24.0   66.0  125.0
 *****************************************************************************************
 MEANS  3.1  10.6  17.6  13.3   5.3   49.9      8.6   48.0   98.1   69.2   23.5  247.4
