 
 THIS IS FOR STATION NUMBER 3290 1951-> 1998
                                 # OF PRECIPITATION EVENTS - % IN PARENS
 CL                   MAX   MEAN  0.01-  0.26-  0.51-  1.01-          # OF DAYS
 WK    TIME PERIOD    VAL   RAIN    0.25   0.51   1.00   2.00  >2.01 MISSING TOTAL
  1 3/1-->3/7        1.52   0.38  56(68) 14(17)  9(10)  3( 3)  0( 0)    9       82
  2 3/8-->3/14       1.50   0.40  45(60) 20(26)  8(10)  2( 2)  0( 0)    7       75
  3 3/15-->3/21      1.77   0.43  58(72)  8(10)  9(11)  5( 6)  0( 0)    7       80
  4 3/22-->3/28      1.80   0.62  45(55) 14(17) 13(16)  9(11)  0( 0)    7       81
  5 3/29-->4/4       1.53   0.56  63(67) 12(12) 12(12)  7( 7)  0( 0)    7       94
  6 4/5-->4/11       3.25   0.52  49(60) 20(24)  8( 9)  3( 3)  1( 1)    7       81
  7 4/12-->4/18      1.63   0.76  62(55) 23(20) 18(16)  8( 7)  0( 0)    7      111
  8 4/19-->4/25      2.03   0.71  55(56) 21(21) 12(12)  9( 9)  1( 1)    7       98
  9 4/26-->5/2       2.46   0.97  55(50) 16(14) 27(24)  9( 8)  2( 1)    6      109
 10 5/3-->5/9        1.93   0.95  70(57) 15(12) 25(20) 11( 9)  0( 0)    0      121
 11 5/10-->5/16      2.45   0.80  62(56) 22(20) 17(15)  8( 7)  1( 0)    0      110
 12 5/17-->5/23      3.18   1.25  62(48) 22(17) 28(21) 11( 8)  6( 4)    1      129
 13 5/24-->5/30      4.98   1.35  62(46) 30(22) 28(21)  8( 6)  4( 3)    1      132
 14 5/31-->6/6       2.55   0.96  52(49) 25(23) 15(14)  9( 8)  5( 4)    6      106
 15 6/7-->6/13       2.85   1.04  66(54) 17(14) 24(19) 13(10)  1( 0)    7      121
 16 6/14-->6/20      2.50   1.09  49(47) 18(17) 19(18) 14(13)  4( 3)    7      104
 17 6/21-->6/27      4.96   1.28  50(45) 21(18) 22(19) 13(11)  5( 4)    8      111
 18 6/28-->7/4       3.40   0.96  37(44) 14(16) 21(25)  6( 7)  6( 7)    7       84
 19 7/5-->7/11       2.60   1.04  50(45) 24(21) 22(20) 10( 9)  4( 3)    7      110
 20 7/12-->7/18      2.53   0.96  52(53) 15(15) 15(15) 11(11)  5( 5)    7       98
 21 7/19-->7/25      4.68   1.00  50(54) 12(13) 15(16)  9( 9)  5( 5)    7       91
 22 7/26-->8/1       6.48   0.76  46(56) 16(19) 13(15)  5( 6)  2( 2)    7       82
 23 8/2-->8/8        2.20   1.04  41(41) 20(20) 21(21) 16(16)  2( 2)    7      100
 24 8/9-->8/15       2.86   0.89  53(54) 20(20) 13(13)  9( 9)  3( 3)    7       98
 25 8/16-->8/22      1.92   0.85  35(42) 18(21) 17(20) 13(15)  0( 0)    7       83
 26 8/23-->8/29      4.26   0.98  47(50) 24(25)  8( 8)  8( 8)  6( 6)    7       93
 27 8/30-->9/5       6.00   0.98  38(43) 21(23) 18(20)  7( 7)  4( 4)    7       88
 28 9/6-->9/12       3.86   0.83  32(44) 15(20) 12(16)  9(12)  4( 5)    7       72
 29 9/13-->9/19      2.08   0.84  48(50) 17(17) 19(20) 10(10)  1( 1)    9       95
 30 9/20-->9/26      3.92   0.85  49(55)  9(10) 19(21)  8( 8)  4( 4)    8       89
 31 9/27-->10/3      1.91   0.49  48(61) 15(19) 10(12)  5( 6)  0( 0)    7       78
 32 10/4-->10/10     2.07   0.56  38(52) 17(23) 10(13)  7( 9)  1( 1)    7       73
 33 10/11-->10/17    2.40   0.48  29(54)  9(16)  8(15)  4( 7)  3( 5)    8       53
 34 10/18-->10/24    1.92   0.43  40(60) 13(19)  8(12)  5( 7)  0( 0)    7       66
 35 10/25-->10/31    1.95   0.52  35(52) 13(19) 12(17)  7(10)  0( 0)    8       67
 36 11/1-->11/7      1.85   0.41  47(69)  7(10) 10(14)  4( 5)  0( 0)    7       68
 37 11/8-->11/14     1.52   0.31  39(65) 10(16) 10(16)  1( 1)  0( 0)    7       60
 38 11/15-->11/21    1.29   0.40  36(58) 12(19)  9(14)  5( 8)  0( 0)    7       62
 39 11/22-->11/28    0.97   0.18  39(73)  9(16)  5( 9)  0( 0)  0( 0)    7       53
 40 11/29-->12/5     2.65   0.32  42(68) 12(19)  4( 6)  2( 3)  1( 1)    8       61
 41 12/6-->12/12     0.86   0.22  51(78)  8(12)  6( 9)  0( 0)  0( 0)    9       65
 42 12/13-->12/19    2.50   0.25  43(74)  9(15)  4( 6)  1( 1)  1( 1)    8       58
 43 12/20-->12/26    0.63   0.16  37(75)  9(18)  3( 6)  0( 0)  0( 0)    9       49
 44 12/27-->1/2      1.38   0.26  50(75)  8(12)  7(10)  1( 1)  0( 0)    7       66
 45 1/3-->1/9        0.80   0.13  34(80)  5(11)  3( 7)  0( 0)  0( 0)    7       42
 46 1/10-->1/16      0.85   0.14  42(84)  5(10)  3( 6)  0( 0)  0( 0)    8       50
 47 1/17-->1/23      0.85   0.18  52(81)  9(14)  3( 4)  0( 0)  0( 0)    8       64
 48 1/24-->1/30      0.95   0.15  43(82)  6(11)  3( 5)  0( 0)  0( 0)    7       52
 49 1/31-->2/6       1.15   0.23  34(66) 11(21)  5( 9)  1( 1)  0( 0)   13       51
 50 2/7-->2/13       1.04   0.16  33(76)  5(11)  4( 9)  1( 2)  0( 0)   14       43
 51 2/14-->2/20      2.10   0.23  51(82)  6( 9)  4( 6)  0( 0)  1( 1)   14       62
 52 2/21-->2/27      1.10   0.19  46(79) 10(17)  1( 1)  1( 1)  0( 0)   14       58
 53 2/28-->2/29      0.25   0.02   9(90)  1(10)  0( 0)  0( 0)  0( 0)    2       10
 ANNUAL TOTALS       6.48   2457(57)752(17)639(15)308( 7) 83( 1)  381     4239
 
 THESE ARE THE MONTHLY AVERAGES FOR 1951-->1998 FOR STATION NUMBER 3290
   JAN  FEB  MAR  APR  MAY  JUN  JUL  AUG  SPT  OCT  NOV  DEC  ANNUAL
   0.71 0.82 2.06 3.07 4.69 4.70 4.12 4.19 3.56 2.15 1.47 0.96 32.49  <-- PRECIP
  
   22.1 28.4 39.2 52.9 64.1 73.7 77.9 75.7 67.0 55.4 39.8 27.6  56.7  <-- TEMP
 
 TWELVE SIGNIFICANT RAINFALL EVENTS  
 MONTH  DAY  YEAR   AMOUNT
   7     26  1990     6.48
   9      2  1997     6.00
   6     21  1967     4.96
   5     26  1987     4.98
   7     22  1978     4.68
   5     26  1964     4.48
   8     25  1975     4.26
   9     26  1973     3.92
   9      9  1989     3.86
   8     23  1954     3.74
   9      7  1965     3.76
   6     29  1965     3.40
 
 GROWING DEGREE DAYS FOR 4 BASE TEMPS FOR STATION NUMBER  3290
               MARCH                       APRIL  
     ****************************  *************************** 
 YEAR  40-86  48-86  50-86  52-86   40-86  48-86  50-86  52-86  
     ****************************  *************************** 
 1951     95     49     42     36    278    156    130    109
 1952    111     56     46     38    386    242    214    187
 1953    218    118     97     80    317    181    155    131
 1954    120     48     37     26    520    334    294    256
 1955    216    131    113     95    596    419    382    347
 1956    216    120    102     85    417    280    251    224
 1957    135     62     50     42    397    250    220    193
 1958     84     30     21     14    418    257    225    195
 1959    162     80     65     55    371    229    199    173
 1960     23      6      3      1    452    302    268    237
 1961    149     64     49     37    325    190    164    140
 1962    109     54     44     36    415    264    231    202
 1963    257    146    128    114    480    309    271    237
 1964    147     74     60     49    427    259    227    200
 1965     31      7      6      5    425    276    246    217
 1966    284    170    148    126    305    171    144    120
 1967    302    200    179    159    476    300    264    230
 1968    375    242    215    188    492    305    269    235
 1969    106     58     49     41    431    274    243    212
 1970    109     44     34     26    492    333    301    270
 1971    156     91     78     65    513    332    295    260
 1972    277    161    140    121    435    281    249    219
 1973    230     99     73     52    416    262    231    203
 1974    279    164    144    125    508    348    312    277
 1975    115     59     48     39    385    239    206    176
 1976    229    132    115     99    538    359    322    286
 1977    320    194    167    142    591    406    363    324
 1978    166    107     94     81    392    246    217    191
 1979    171     81     66     53    359    223    194    166
 1980    147     75     61     50    430    286    255    224
 1981    292    171    148    127    622    429    388    349
 1982    176     85     68     53    398    259    230    203
 1983    164     91     77     63    267    152    131    113
 1984     66     13      8      3    322    173    148    125
 1985    257    150    127    106    504    333    296    261
 1986    276    175    153    133    455    296    264    232
 1987    227    134    116     98    461    307    275    244
 1988    258    170    150    132    390    252    222    195
 1989    209    133    118    104    477    329    296    263
 1990    216    114     97     80    409    261    229    199
 1991    271    169    146    123    464    296    261    229
 1992    271    149    128    108    331    200    175    154
 1993    123     55     44     37    286    169    145    124
 1994    258    152    133    115    429    288    259    232
 1995    219    133    115     98    302    183    158    136
 1996    157     83     69     56    351    225    198    174
 1997    228    131    109     89    294    180    157    134
 1998    119     61     52     45    370    222    193    166
     ****************************  *************************** 
 MEAN  190.3  106.3   90.4   76.3  419.4  268.3  237.1  208.1
 STDV   79.3   55.0   49.6   44.1   84.5   67.0   62.6   57.9
 
               MAY                         JUNE   
     ****************************  *************************** 
 YEAR  40-86  48-86  50-86  52-86   40-86  48-86  50-86  52-86  
     ****************************  *************************** 
 1951    702    486    434    382    793    558    501    448
 1952    666    454    406    363   1061    823    764    705
 1953    669    465    420    378   1035    796    738    680
 1954    579    376    333    292   1039    801    742    684
 1955    789    558    506    459    873    634    577    525
 1956    799    577    527    478   1027    792    734    676
 1957    630    411    364    320    907    668    611    554
 1958    755    539    488    439    845    608    553    498
 1959    718    490    437    387    956    716    656    598
 1960    657    450    403    361    863    624    565    509
 1961    626    407    361    317    896    656    597    540
 1962    903    656    596    538    915    675    616    558
 1963    711    490    435    386   1018    778    718    658
 1964    839    599    544    492    932    696    638    582
 1965    816    581    526    473    898    658    598    538
 1966    658    460    418    378    897    657    598    542
 1967    601    401    360    319    878    640    583    528
 1968    587    381    338    297    966    726    668    611
 1969    757    530    481    432    830    597    543    490
 1970    862    631    574    518    962    722    662    603
 1971    639    423    375    330   1052    812    752    692
 1972    712    488    437    389    943    707    651    595
 1973    671    462    415    371    966    727    669    614
 1974    735    510    460    415    876    642    588    534
 1975    785    568    519    474    922    686    631    577
 1976    635    441    395    352    932    698    642    587
 1977    902    661    602    545    987    748    689    633
 1978    664    460    415    370    909    680    627    576
 1979    687    488    442    398    912    678    622    569
 1980    730    517    472    432    946    706    649    592
 1981    656    449    405    363    981    742    683    625
 1982    752    518    463    410    817    586    533    481
 1983    608    405    363    326    915    688    633    578
 1984    614    404    358    314    990    750    690    631
 1985    755    519    470    427    821    595    543    493
 1986    716    486    436    387   1007    767    707    647
 1987    803    562    508    455   1006    766    707    648
 1988    852    610    556    505   1032    793    734    675
 1989    679    485    442    399    862    625    568    512
 1990    583    376    331    287    964    728    669    611
 1991    818    593    540    488   1017    777    717    657
 1992    700    483    435    391    859    619    561    504
 1993    648    423    374    330    885    646    587    529
 1994    746    528    480    433    968    728    668    608
 1995    525    316    276    239    906    667    610    554
 1996    596    376    327    282    923    690    633    577
 1997    531    350    314    279    959    719    660    601
 1998    810    574    519    465    850    616    560    505
     ****************************  *************************** 
 MEAN  706.0  488.1  439.4  393.2  933.6  696.4  638.8  582.3
 STDV   93.3   82.0   77.9   73.6   67.9   66.4   65.2   63.5
 
               JULY                        AUGUST 
     ****************************  *************************** 
 YEAR  40-86  48-86  50-86  52-86   40-86  48-86  50-86  52-86  
     ****************************  *************************** 
 1951   1015    767    706    645   1014    766    705    645
 1952   1058    810    748    688    994    746    685    624
 1953   1076    828    766    704   1047    799    737    677
 1954   1155    907    845    783   1056    808    746    684
 1955   1178    930    868    806   1089    844    783    722
 1956   1052    804    742    680   1061    814    754    695
 1957   1163    915    853    791   1058    810    748    687
 1958    988    740    678    616   1018    772    712    653
 1959    977    730    669    609   1133    885    823    761
 1960   1008    760    699    639   1039    791    729    667
 1961   1068    820    758    696   1020    772    710    648
 1962   1054    806    744    682   1030    782    720    658
 1963   1108    860    798    736   1019    771    709    647
 1964   1125    877    815    753    920    674    614    555
 1965   1065    817    755    693    978    730    669    608
 1966   1111    863    801    739    928    682    621    562
 1967    985    737    676    617    950    708    651    594
 1968   1080    832    770    709   1030    782    720    658
 1969   1127    879    817    755   1062    814    752    690
 1970   1078    830    768    706   1084    836    774    712
 1971   1019    773    712    651   1019    771    710    650
 1972   1059    815    754    693   1003    755    694    634
 1973   1057    809    747    685   1088    840    778    716
 1974   1125    877    816    755    941    696    637    581
 1975   1068    822    761    701   1100    852    790    728
 1976   1062    814    753    693   1007    762    703    645
 1977   1136    888    826    765   1001    753    691    629
 1978   1016    768    707    647   1019    777    717    658
 1979   1040    792    730    668   1008    760    698    637
 1980   1130    882    820    758   1094    846    784    722
 1981   1094    846    784    722    989    741    680    621
 1982   1093    845    783    721    992    744    683    623
 1983   1124    876    814    752   1129    881    819    757
 1984   1066    818    756    694   1058    810    749    688
 1985   1035    788    727    666    901    653    591    531
 1986   1099    851    789    727    882    641    584    527
 1987   1104    856    794    732    947    700    639    578
 1988   1036    788    726    665   1067    828    770    713
 1989   1075    827    765    703   1000    756    696    636
 1990   1025    777    716    655   1014    766    704    644
 1991   1052    804    742    681   1002    754    692    630
 1992    963    715    653    591    868    622    564    510
 1993   1050    802    740    678   1040    792    730    668
 1994    971    723    663    603    967    719    657    598
 1995   1071    823    761    699   1116    868    806    744
 1996    988    740    678    617    992    744    682    620
 1997   1067    819    757    695    972    724    662    600
 1998   1103    855    793    731   1063    815    753    691
     ****************************  *************************** 
 MEAN 1066.9  819.1  757.4  696.0 1017.1  770.2  709.1  648.7
 STDV   51.6   51.5   51.3   50.8   61.0   60.5   59.8   58.7
 
               SEPTEMBER                   OCTOBER
     ****************************  *************************** 
 YEAR  40-86  48-86  50-86  52-86   40-86  48-86  50-86  52-86  
     ****************************  *************************** 
 1951    597    406    366    326      0      0      0      0
 1952    789    572    524    478     67     43     39     35
 1953    787    581    535    491    540    387    353    320
 1954    847    614    559    507    516    340    301    264
 1955    850    629    578    529    303    209    187    166
 1956    777    558    509    465    645    441    398    359
 1957    660    448    402    359    358    208    177    148
 1958    809    580    528    478    508    361    327    294
 1959    739    528    480    436    163     96     82     68
 1960    794    577    528    481    365    257    233    210
 1961    669    461    413    370    514    332    293    255
 1962    709    486    437    390    487    321    286    252
 1963    814    581    525    469    791    557    501    449
 1964    744    517    466    415    290    183    161    141
 1965    621    412    367    323    429    293    262    232
 1966    682    454    404    360    311    212    190    169
 1967    694    477    425    376    440    285    250    217
 1968    739    501    447    399    529    357    318    281
 1969    806    571    513    460    261    182    166    150
 1970    773    547    493    443    416    261    227    194
 1971    850    628    577    528    622    411    366    324
 1972    811    589    537    485    311    215    195    175
 1973    750    520    467    415    586    405    366    327
 1974    681    480    435    393      9      5      4      3
 1975    664    459    414    371    342    250    229    209
 1976    769    563    515    467    125     92     85     78
 1977    804    573    522    474    135     77     65     54
 1978    877    648    594    542     92     60     53     46
 1979    815    600    550    505    171    125    114    104
 1980    813    598    547    498     41     29     27     25
 1981    812    591    538    490    289    180    155    134
 1982    753    537    487    439    362    241    217    194
 1983    615    462    425    390      0      0      0      0
 1984    683    485    437    393      0      0      0      0
 1985    712    507    460    414      0      0      0      0
 1986    833    602    546    490    193    116    100     85
 1987    719    497    449    405     43     32     30     28
 1988    768    560    513    467     61     42     38     34
 1989    692    493    448    404     94     64     57     52
 1990    830    607    557    509    170    116    104     92
 1991    574    434    401    370      0      0      0      0
 1992    703    498    454    410    269    177    160    144
 1993    603    394    347    304    193    135    124    113
 1994    771    559    509    464    445    302    270    238
 1995    520    372    338    306      0      0      0      0
 1996    673    470    426    383    493    329    292    256
 1997    794    568    520    474    478    329    297    270
 1998    922    685    627    571    523    346    307    270
     ****************************  *************************** 
 MEAN  744.2  531.1  482.3  436.0  291.5  196.1  175.3  155.6
 STDV   85.5   71.4   67.8   64.3  212.2  145.1  130.1  116.1
 
 DAILY RECORD HIGHS AND LOWS OCCURRING DURING 1951-1998 FOR STATION NUMBER 3290
     JAN     FEB    MARCH   APRIL    MAY     JUNE    JULY    AUG     SEPT    OCT     NOV     DEC
 DY MX  MN  MX  MN  MX  MN  MX  MN  MX  MN  MX  MN  MX  MN  MX  MN  MX  MN  MX  MN  MX  MN  MX  MN
  1  56 -16  68 -24  73 -16  92  19  90  28  90  39  99  47 104  52  98  41  96  25  80  17  68   1
  2  62  -9  59 -22  81  -4  91  14  93  26  92  41 100  47 101  51  96  46  95  28  80  10  68  -1
  3  58 -12  69 -23  80   0  85   3  88  26  96  35 100  47 100  48  95  34  93  27  77   8  64   0
  4  53 -20  57 -18  71 -16  78  18  90  34  97  38 100  49 103  40 100  39  95  30  75   0  65   4
  5  64 -20  59 -16  73 -24  85  20  93  31  97  44 102  41  98  44  96  41  93  27  73   3  66   4
  6  56 -14  61 -15  76 -15  91  11  91  33  98  40 102  52  95  51  97  40  92  20  80  11  65  -6
  7  49 -18  53 -12  76  -4  90  19  96  28  96  41 100  51  99  42  99  39  93  19  75  -5  55  -7
  8  56 -14  67 -11  79  -5  86  22  90  28  96  43  99  51 100  45 101  38  86  23  76   0  64 -11
  9  48 -18  60 -22  78  -5  88  20  91  29 104  44 100  51  99  48 102  40  85  26  75   3  59  -6
 10  52 -21  61 -11  80  -7  86  17  91  33 100  45 100  50  98  51 100  35  91  25  72  11  63  -7
 11  65 -17  72 -21  80  -2  86  24  91  29  99  44 101  52  97  48  95  37  87  15  74  -7  64  -4
 12  64 -28  66 -16  82 -15  95  18  97  31  98  42 103  50 102  46  92  37  92  21  73   0  61 -12
 13  60 -15  75 -15  75 -15  85  18  96  29  99  44 107  45  99  46  96  35  90  21  71  -3  57 -13
 14  66 -14  70 -12  73  -5  86  23  93  31  96  47 103  48  98  50  95  38  88  25  73   1  60 -12
 15  54 -17  64  -7  76  10  83  24  95  31 100  44 101  50  99  49  96  34  86  24  74   7  57 -15
 16  57 -23  66 -21  79  11  89  24  87  38  97  43 100  48 104  50  97  37  87  23  74   5  59 -17
 17  64 -20  68 -23  75  10  86  23  93  33  98  45 101  54 104  53  97  33  84  14  73   3  60 -11
 18  65 -20  67 -22  77   3  90  23  93  38 104  43 102  54 103  49  98  32  84  22  74   4  66 -18
 19  54 -15  66 -14  80   3  95  23  92  37 101  42 102  54 101  48  94  27  83  12  69  10  61 -25
 20  55 -23  71  -6  77   6  93  24  93  36 101  47 104  52  99  46  95  30  86  19  70   2  57 -21
 21  63 -15  70 -10  75   2  90  22  91  37 101  45 108  51  99  48  93  30  86  18  68   2  57 -17
 22  58  -9  71 -13  72  10  90  21  91  34 102  45 107  54  98  47  92  27  86  18  73   9  59 -25
 23  63 -18  70 -19  84   8  99  23  90  38 100  47 102  49  98  44  88  24  85  18  64   5  65 -26
 24  69 -18  69 -13  85   5  87  18  97  38  99  48  95  49 100  50  87  29  86  25  63   7  58 -17
 25  65  -7  71  -1  80   7  95  30  98  42 101  46 102  52 100  45  90  32  80  23  67   6  54 -20
 26  53 -15  75  -5  83   1  91  30  93  37  99  47 105  52 103  44  94  29  82  20  72   2  56 -13
 27  52 -18  70 -10  85  10  97  29  91  35 100  46 105  53 102  46  94  30  84  11  68   1  64 -13
 28  58 -15  77 -11  84  10  97  29  98  38  99  42 104  48 101  37 103  25  79  13  70  -6  65  -3
 29  56 -22 *** ***  89   7  87  22  94  39 100  50 103  49 101  41  91  22  75  20  64  -2  67 -18
 30  61 -16 *** ***  92   7  93  28 102  41  96  49 103  45  96  45  92  31  82  20  71 -13  62 -13
 31  57 -22 *** ***  84  16 *** ***  95  41 *** *** 104  48  96  42 *** ***  82  14 *** ***  59 -23
 
 DAILY MAXIMUM PRECIPITATION OCCURRING DURING 1951-1998 FOR STATION NUMBER 3290
     JAN   FEB   MARCH APRIL MAY   JUNE  JULY  AUG   SEPT  OCT   NOV   DEC
 
  1  0.47  1.15  1.52  0.40  2.46  1.65  1.04  1.32  0.45  0.59  1.85  0.72
  2  0.76  0.37  0.73  1.30  1.32  2.33  1.56  1.60  6.00  0.42  1.05  0.53
  3  0.80  0.41  1.06  1.53  1.58  1.52  2.12  1.90  1.32  1.01  0.80  0.44
  4  0.32  0.66  1.11  1.39  0.88  2.01  2.00  1.26  1.96  0.64  1.78  0.84
  5  0.44  0.37  0.56  0.85  1.36  2.55  2.52  1.27  2.06  1.23  0.74  0.48
  6  0.50  0.16  0.81  0.50  1.39  1.05  2.60  1.46  1.32  0.69  0.24  0.86
  7  0.12  0.15  0.55  3.25  1.69  1.62  1.04  2.20  3.76  1.57  0.18  0.70
  8  0.10  0.12  0.70  1.42  1.93  1.49  1.01  2.09  1.47  2.07  0.50  0.28
  9  0.17  0.39  0.48  1.45  1.92  1.30  2.16  2.86  3.86  1.23  1.52  0.37
 10  0.50  0.80  0.60  0.80  1.42  1.77  1.62  2.30  0.55  1.49  0.40  0.40
 11  0.29  1.04  1.50  0.93  2.45  1.33  1.65  1.37  1.56  2.05  0.86  0.60
 12  0.31  0.25  1.05  1.49  1.09  1.68  2.53  1.91  2.37  1.34  0.68  0.73
 13  0.49  0.62  0.73  0.91  0.65  2.85  2.24  1.48  1.68  0.70  0.96  0.12
 14  0.07  0.87  0.87  1.00  1.26  2.10  0.94  1.64  1.86  0.18  0.08  1.00
 15  0.85  0.68  1.06  0.96  1.02  2.50  2.06  1.14  0.84  0.79  0.41  0.46
 16  0.65  0.45  0.17  1.63  1.19  1.45  1.59  1.74  1.19  1.28  1.29  0.54
 17  0.67  0.22  0.53  1.21  1.24  0.82  2.50  1.84  2.08  2.40  1.25  2.50
 18  0.50  0.52  1.65  0.91  2.89  1.64  1.28  0.98  1.84  0.97  0.29  0.83
 19  0.40  0.55  1.77  0.86  2.09  1.71  2.75  0.96  1.71  0.84  1.10  0.59
 20  0.25  2.10  0.45  1.39  2.11  2.07  2.13  1.92  2.44  1.53  0.70  0.44
 21  0.40  0.48  0.50  1.44  2.54  4.96  0.97  1.76  2.10  0.45  0.74  0.47
 22  0.85  0.86  0.93  1.17  3.18  1.85  4.68  1.60  2.06  1.92  0.06  0.49
 23  0.28  0.35  0.90  1.28  1.11  1.64  2.74  3.74  1.44  1.18  0.51  0.63
 24  0.95  0.12  1.30  1.79  0.54  2.68  2.42  1.54  0.77  0.43  0.31  0.57
 25  0.28  1.10  1.28  2.03  1.65  2.63  1.79  4.26  1.08  0.81  0.42  0.33
 26  0.36  0.43  1.80  2.08  4.98  1.50  6.48  3.21  3.92  1.35  0.50  0.12
 27  0.45  0.30  1.12  1.64  1.41  1.32  0.66  1.48  0.79  0.86  0.97  0.58
 28  0.07  0.25  1.21  1.22  3.21  2.58  1.31  1.74  1.91  0.43  0.64  1.38
 29  0.73******  0.55  1.71  3.29  3.40  0.73  2.16  0.89  1.95  2.65  0.55
 30  0.50******  0.55  1.57  1.65  1.84  3.20  2.17  1.22  1.16  1.48  0.57
 31  0.43******  1.49******  2.10******  1.85  2.17******  1.02******  0.39
 
 RECORD LARGEST AND SMALLEST DAILY RANGES (MAX-MIN) DURING 1951-1998 FOR STATION NUMBER 3290
     JAN     FEB    MARCH   APRIL    MAY     JUNE    JULY    AUG     SEPT    OCT     NOV     DEC
 DY MX  MN  MX  MN  MX  MN  MX  MN  MX  MN  MX  MN  MX  MN  MX  MN  MX  MN  MX  MN  MX  MN  MX  MN
  1 34   3  58   6  54   5  49   5  38   8  38   7  42   9  38   6  44  11  50   8  45   4  40   4
  2 32   2  44   5  43   3  46   4  42   2  42   5  33  10  31  15  46  13  46   6  45   4  36   4
  3 45   4  41   5  44   5  51   4  48   7  39   4  37  10  32  12  38   8  44   2  44   5  40   6
  4 37   3  35   5  39   4  48   5  42   6  38  11  35   7  38  12  40   9  46   8  41   4  41   5
  5 40   8  48   6  42   6  51   4  41   8  39  10  40  10  37   7  46  10  51  11  40   2  34   3
  6 35   2  37   6  42   4  52   9  46   8  34  11  37  11  31   5  43   8  42   6  43   6  36   3
  7 40   5  41   4  47   3  54   6  44   3  38  13  33   9  37   4  46   7  48   9  40   7  35   3
  8 44   6  41   3  42   1  41   4  43   5  39   9  32  15  42  13  50   8  46   7  46   2  46   5
  9 38   6  44   6  43   4  47   4  41   6  44   3  37  15  31   5  46   6  48   6  37   9  37   4
 10 39   2  40   5  49   2  47   8  45   7  36  10  37  11  38  14  47  10  49   3  44   4  41   4
 11 38   7  42   5  43   5  44   4  45   9  40  10  36  10  37  13  44   7  47   9  37   3  43   5
 12 46   4  47   4  44   2  50   6  40   6  36   6  34   8  34   9  43  11  47   8  48   3  36   3
 13 35   7  51   2  40   6  45   6  42   3  41   6  37   6  33   8  37   6  42   6  38   4  44   3
 14 40   3  40   5  49   5  47   5  39   8  32   6  36   9  38  11  37   5  43  12  35   2  49   4
 15 39   3  63   2  46   7  41   5  42   4  36   5  33  11  36   8  40   9  41   7  44   4  37   4
 16 38   6  44   5  41   3  42   6  48   6  42   9  38   9  35  11  47   8  43   5  46   5  40   6
 17 42   4  44   4  40   5  44   7  44   8  41  14  34  12  36   6  41   7  46   6  40   3  42   1
 18 54   2  46   4  41   1  43   2  47   9  40  14  34  15  36   6  41   6  50   4  43   4  39   1
 19 43   4  42   1  43   3  47   6  43   8  36  13  35  14  34  13  51   6  46   5  49   0  39   6
 20 48   7  46   4  39   4  43   5  43  13  36  10  37   9  35  11  46   3  51   2  45   2  35   2
 21 38   6  52   5  41   6  43   5  39   8  43  11  40   7  32   1  41   8  49   5  40   3  44   4
 22 42   3  45   3  41   6  42   8  39   8  45  11  32   8  36   5  48   4  42   7  46   4  35   5
 23 44   6  39   7  55   3  37  10  42   5  37   9  36  11  37  11  43   9  44   6  36   2  39   3
 24 47   5  48   3  54   7  40  16  37   7  36   8  37  11  38  12  45   9  52   8  42   4  42   3
 25 41   4  39   3  56   2  41   8  49   7  40   8  38  14  38   9  42   9  51   7  36   4  41   6
 26 40   4  44   4  45   6  48   2  34   9  39   4  36   8  44   7  45   8  48   6  44   4  39   5
 27 40   5  37   4  48   6  42   6  40   5  35   6  34   9  34  10  47   9  44   8  43   4  36   4
 28 54   6  37   5  47   6  45   6  46   5  39  15  39  13  42   9  44  10  40  10  42   2  44   4
 29 45   7  **  **  41   5  41   4  34   6  37  14  41  11  44   4  49   8  50   7  33   3  51   5
 30 38   5  **  **  49   6  49   5  39   9  40   7  40  14  41  10  53   7  38   5  38   5  39   3
 31 44   4  **  **  45   7  **  **  37   7  **  **  38   8  39  10  **  **  48   3  **  **  34   3
 
 DAILY  MEAN  HIGHS AND LOWS OCCURRING DURING 1951-1998 FOR STATION NUMBER 3290
     JAN     FEB    MARCH   APRIL    MAY     JUNE    JULY    AUG     SEPT    OCT     NOV     DEC
 DY MX  MN  MX  MN  MX  MN  MX  MN  MX  MN  MX  MN  MX  MN  MX  MN  MX  MN  MX  MN  MX  MN  MX  MN
  1 31  13  35  12  44  21  59  34  67  43  77  53  85  63  86  63  83  59  75  46  57  35  43  24
  2 32  14  32  12  45  24  58  35  70  44  78  54  86  64  86  64  83  60  75  46  55  34  42  24
  3 33  12  33  11  43  22  58  33  70  46  79  54  87  64  87  64  83  58  73  47  52  32  44  23
  4 30  11  34  14  41  21  57  32  71  47  80  56  87  64  87  62  81  58  71  45  52  31  42  21
  5 31  11  34  13  42  22  58  32  73  47  82  56  87  62  85  63  82  57  71  44  53  30  42  23
  6 30  10  32  13  43  21  61  33  72  48  82  58  87  62  85  63  82  58  69  44  52  31  39  20
  7 28   8  33  12  42  20  63  36  72  47  83  59  88  64  85  62  83  58  69  42  52  30  36  19
  8 30   9  35  14  43  22  61  37  73  47  82  58  88  65  87  63  83  57  70  43  53  30  36  18
  9 29   9  34  13  46  23  59  35  72  47  81  58  87  63  86  63  81  56  68  41  52  30  36  17
 10 29   8  37  16  48  25  60  36  72  47  81  58  87  64  86  62  81  54  69  41  54  29  38  17
 11 30  10  36  15  48  28  62  37  73  47  82  60  88  65  84  60  80  54  69  42  51  30  37  17
 12 31  12  36  15  49  27  60  38  74  47  82  60  89  66  84  60  79  54  70  43  50  29  36  16
 13 33  11  37  16  47  27  60  36  74  48  84  60  88  65  85  61  78  54  69  43  52  29  36  16
 14 34  13  39  19  49  26  62  37  74  50  84  62  88  65  85  62  76  53  71  43  50  29  35  16
 15 32  11  37  18  48  25  64  38  75  49  83  60  87  63  85  62  76  52  69  42  51  30  35  16
 16 31   9  37  15  49  27  65  40  75  51  83  60  87  64  86  63  75  51  69  41  51  29  35  14
 17 32  11  41  16  50  28  66  40  76  52  85  60  88  66  86  63  75  52  67  41  50  28  35  16
 18 31  12  41  20  48  29  66  40  76  53  85  62  89  66  86  63  78  52  64  39  48  29  35  15
 19 32  11  40  19  50  28  66  43  76  52  86  62  89  66  86  62  77  52  64  37  48  27  35  16
 20 31  11  41  19  50  29  67  42  77  51  85  62  88  66  85  62  75  51  64  39  48  27  32  15
 21 32  11  41  19  50  26  66  42  76  53  85  61  87  65  84  61  73  50  65  40  47  26  32  13
 22 34  12  42  19  52  28  66  41  76  54  85  60  86  65  85  61  74  48  65  40  49  26  34  15
 23 33  12  41  20  53  29  68  42  76  53  84  61  86  64  84  61  72  46  64  40  45  26  34  16
 24 33  11  40  19  52  29  68  42  76  52  84  61  87  64  84  61  72  47  64  38  45  24  34  14
 25 33  13  40  20  51  28  71  44  77  53  86  62  88  63  85  61  73  46  63  37  45  25  34  15
 26 29  12  44  21  53  30  70  45  76  55  86  62  87  64  86  62  76  47  63  36  45  25  35  15
 27 29   9  44  24  58  32  69  44  75  53  86  63  88  64  86  63  75  47  62  37  41  23  35  16
 28 32  10  43  22  59  33  67  42  77  53  87  64  87  64  85  61  76  48  61  36  38  19  36  17
 29 33  11  **  **  53  34  67  44  77  55  89  65  88  63  86  62  74  48  60  35  40  21  34  15
 30 33  11  **  **  56  33  68  45  79  55  87  64  88  63  85  61  75  46  60  38  41  21  32  13
 31 34  11  **  **  57  34  **  **  78  54  **  **  87  64  83  60  **  **  57  36  **  **  32  13
  
  # OF DAYS EACH YEAR WHERE MIN >=32 F  1951-1998 FOR STATION # 3290
   51  52  53  54  55  56  57  58  59  60  61  62  63  64  65  66  67  68  69  70
  216 205 221 247 225 221 227 222 208 211 227 236 241 230 227 227 237 242 222 226
 
   71  72  73  74  75  76  77  78  79  80  81  82  83  84  85  86  87  88  89  90
  240 230 249 237 219 213 231 215 217 219 239 216 217 210 225 226 229 200 209 222
 
   91  92  93  94  95  96  97  98
  216 230 217 220 217 205 209 247
  
 MEAN=224
 
 LENGTH OF SEASON FOR STATION NUMBER 3290   BASE TEMP=32
 LAST SPRING OCCURENCE FIRST FALL OCCURENCE  LENGTH OF SEASON
   YEAR MONTH DAY DOY         MONTH DAY DOY
   1951   5     7 127           9    28 271          144
   1952   5    13 134          10     6 280          146
   1953   4    27 117           9    22 265          148
   1954   5     9 129          10    30 303          174
   1955   4     7  97          10     8 281          184
   1956   4    30 121           9    30 274          153
   1957   4    14 104          10    18 291          187
   1958   4    29 119          10     1 274          155
   1959   5    15 135          10     9 282          147
   1960   4    18 109          10    16 290          181
   1961   4    28 118          10     1 274          156
   1962   4    15 105          10    25 298          193
   1963   5     3 123          10    29 302          179
   1964   4     9 100          10     5 279          179
   1965   4    28 118           9    24 267          149
   1966   5     9 129          10    16 289          160
   1967   5     3 123          10    11 284          161
   1968   4    25 116          10    25 299          183
   1969   4     6  96          10    14 287          191
   1970   4    23 113          10     9 282          169
   1971   4     6  96          10    31 304          208
   1972   4    25 116           9    30 274          158
   1973   5    15 135           9    18 261          126
   1974   4    17 107           9    29 272          165
   1975   4    20 110           9    25 268          158
   1976   5     8 129          10     6 280          151
   1977   4    26 116          10     9 282          166
   1978   5     3 123          10     7 280          157
   1979   4    28 118          10     5 278          160
   1980   5     9 130          10     3 277          147
   1981   5    11 131          10     2 275          144
   1982   4    22 112          10    14 287          175
   1983   5    15 135           9    21 264          129
   1984   4    19 110           9    26 270          160
   1985   4     9  99          10     1 274          175
   1986   4    22 112          10    13 286          174
   1987   4    12 102          10     3 276          174
   1988   4    28 119          10     4 278          159
   1989   5     7 127           9    24 267          140
   1990   5    13 133          10    10 283          150
   1991   4    10 100           9    19 262          162
   1992   4    27 118          10    11 285          167
   1993   4     9  99          10    10 283          184
   1994   5     1 121          10    24 297          176
   1995   4    22 112           9    22 265          153
   1996   4    24 115          10    23 297          182
   1997   5    14 134          10    14 287          153
   1998   4    18 108          11     6 310          202
             MEAN=116              MEAN=281     MEAN=164
 
 LENGTH OF SEASON FOR STATION NUMBER 3290   BASE TEMP=30
 LAST SPRING OCCURENCE FIRST FALL OCCURENCE  LENGTH OF SEASON
   YEAR MONTH DAY DOY         MONTH DAY DOY
   1951   4    23 113           9    28 271          158
   1952   4    16 107          10     6 280          173
   1953   4    20 110          10     7 280          170
   1954   4     8  98          10    30 303          205
   1955   4     7  97          10    15 288          191
   1956   4    30 121          10    26 300          179
   1957   4    14 104          10    18 291          187
   1958   4    29 119          10     1 274          155
   1959   4    22 112          10     9 282          170
   1960   4    18 109          10    20 294          185
   1961   4     7  97          10    20 293          196
   1962   4    15 105          10    25 298          193
   1963   4    23 113          11     1 305          192
   1964   4     8  99          10     9 283          184
   1965   3    30  89           9    24 267          178
   1966   5     1 121          10    16 289          168
   1967   5     3 123          10    27 300          177
   1968   4    24 115          11     3 308          193
   1969   4     5  95          10    14 287          192
   1970   4     4  94          10    14 287          193
   1971   4     6  96          10    31 304          208
   1972   4     8  99          10     7 281          182
   1973   4    12 102          10    29 302          200
   1974   4    16 106          10     1 274          168
   1975   4    20 110          10     1 274          164
   1976   5     8 129          10     6 280          151
   1977   4    26 116          10     9 282          166
   1978   5     2 122          10     7 280          158
   1979   4    28 118          10     5 278          160
   1980   5     9 130          10     3 277          147
   1981   5    11 131          10    19 292          161
   1982   4    22 112          10    16 289          177
   1983   4    24 114           9    21 264          150
   1984   4     6  97           9    26 270          173
   1985   4     9  99          10     1 274          175
   1986   4    22 112          10    13 286          174
   1987   4    12 102          10     3 276          174
   1988   4    24 115          10     5 279          164
   1989   5     7 127          10     7 280          153
   1990   5    13 133          10    10 283          150
   1991   4    10 100           9    19 262          162
   1992   4    27 118          10    11 285          167
   1993   4     6  96          10    10 283          187
   1994   4     7  97          10    25 298          201
   1995   4    13 103           9    22 265          162
   1996   4    24 115          10    30 304          189
   1997   5    13 133          10    14 287          154
   1998   4    18 108          11     6 310          202
             MEAN=110              MEAN=285     MEAN=175
 
 LENGTH OF SEASON FOR STATION NUMBER 3290   BASE TEMP=28
 LAST SPRING OCCURENCE FIRST FALL OCCURENCE  LENGTH OF SEASON
   YEAR MONTH DAY DOY         MONTH DAY DOY
   1951   4    19 109           9    28 271          162
   1952   4    15 106          10     6 280          174
   1953   4    20 110          10    27 300          190
   1954   4     3  93          10    31 304          211
   1955   4     7  97          10    15 288          191
   1956   4    30 121          11     8 313          192
   1957   4    14 104          10    25 298          194
   1958   4    29 119          10    26 299          180
   1959   4    22 112          10    14 287          175
   1960   4    10 101          10    20 294          193
   1961   4     7  97          11     2 306          209
   1962   4    15 105          10    25 298          193
   1963   3    21  80          11     1 305          225
   1964   4     8  99          10    20 294          195
   1965   3    30  89          10    24 297          208
   1966   5     1 121          10    16 289          168
   1967   4    24 114          10    28 301          187
   1968   4     5  96          11     8 313          217
   1969   3    31  90          10    14 287          197
   1970   4     4  94          10    29 302          208
   1971   4     6  96          11     6 310          214
   1972   4     8  99          10    19 293          194
   1973   4    11 101          10    29 302          201
   1974   4    15 105          10     2 275          170
   1975   4    20 110          10    16 289          179
   1976   5     7 128          10     6 280          152
   1977   4     6  96          10    12 285          189
   1978   5     2 122          10     7 280          158
   1979   4     6  96          10    10 283          187
   1980   5     8 129          10     3 277          148
   1981   4    15 105          10    19 292          187
   1982   4    22 112          10    21 294          182
   1983   4    18 108           9    23 266          158
   1984   4     5  96           9    29 273          177
   1985   4     9  99          10     1 274          175
   1986   4    22 112          10    14 287          175
   1987   4    12 102          10     3 276          174
   1988   4    19 110          10     5 279          169
   1989   4    20 110          10     7 280          170
   1990   4    13 103          10    10 283          180
   1991   3    30  89           9    19 262          173
   1992   4    23 114          10    17 291          177
   1993   4     5  95          10    10 283          188
   1994   4     7  97          10    25 298          201
   1995   4     5  95           9    22 265          170
   1996   4     9 100          10    31 305          205
   1997   4    18 108          10    27 300          192
   1998   3    24  83          11     6 310          227
             MEAN=103              MEAN=289     MEAN=186
 
 LENGTH OF SEASON FOR STATION NUMBER 3290   BASE TEMP=26
 LAST SPRING OCCURENCE FIRST FALL OCCURENCE  LENGTH OF SEASON
   YEAR MONTH DAY DOY         MONTH DAY DOY
   1951   4    17 107           9    28 271          164
   1952   4    15 106          10     6 280          174
   1953   4    20 110          10    27 300          190
   1954   4     3  93          10    31 304          211
   1955   3    28  87          10    31 304          217
   1956   4    24 115          11     8 313          198
   1957   4    14 104          10    25 298          194
   1958   4    29 119          10    26 299          180
   1959   4    22 112          11     5 309          197
   1960   4    10 101          10    20 294          193
   1961   4     7  97          11     2 306          209
   1962   4    13 103          10    25 298          195
   1963   3    21  80          11     1 305          225
   1964   3    30  90          11    19 324          234
   1965   3    30  89          11     9 313          224
   1966   4    21 111          11     1 305          194
   1967   3    21  80          10    28 301          221
   1968   4     5  96          11     8 313          217
   1969   3    30  89          10    14 287          198
   1970   4     4  94          11     1 305          211
   1971   4     5  95          11     6 310          215
   1972   4     8  99          10    19 293          194
   1973   4    11 101          10    29 302          201
   1974   4     8  98          10     7 280          182
   1975   4    20 110          10    25 298          188
   1976   5     3 124          10     6 280          156
   1977   4     6  96          10    16 289          193
   1978   5     2 122          11     7 311          189
   1979   4     6  96          10    13 286          190
   1980   4    13 104          10    19 293          189
   1981   3    23  82          10    22 295          213
   1982   4    21 111          10    21 294          183
   1983   4    18 108           9    23 266          158
   1984   4     1  92           9    29 273          181
   1985   4     3  93          10     1 274          181
   1986   4    22 112          10    14 287          175
   1987   4     5  95          10    11 284          189
   1988   4    15 106          10    24 298          192
   1989   4    19 109          10    20 293          184
   1990   4    13 103          10    10 283          180
   1991   3    30  89          10     6 279          190
   1992   4    23 114          10    17 291          177
   1993   4     5  95          10    29 302          207
   1994   4     7  97          10    26 299          202
   1995   4     5  95           9    23 266          171
   1996   4     6  97          11     1 306          209
   1997   4    18 108          10    27 300          192
   1998   3    22  81          11     6 310          229
             MEAN=100              MEAN=295     MEAN=194
 
 LENGTH OF SEASON FOR STATION NUMBER 3290   BASE TEMP=24
 LAST SPRING OCCURENCE FIRST FALL OCCURENCE  LENGTH OF SEASON
   YEAR MONTH DAY DOY         MONTH DAY DOY
   1951   4     3  93          10    31 304          211
   1952   4    10 101          10     6 280          179
   1953   4    20 110          10    27 300          190
   1954   4     3  93          10    31 304          211
   1955   3    28  87          10    31 304          217
   1956   4    24 115          11     8 313          198
   1957   4    14 104          10    27 300          196
   1958   4    29 119          10    30 303          184
   1959   4    13 103          11     5 309          206
   1960   3    27  87          10    20 294          207
   1961   4     7  97          11     3 307          210
   1962   4    13 103          10    25 298          195
   1963   3    14  73          11    13 317          244
   1964   3    30  90          11    19 324          234
   1965   3    30  89          11     9 313          224
   1966   4    21 111          11     1 305          194
   1967   3    21  80          10    28 301          221
   1968   4     5  96          11     8 313          217
   1969   3    30  89          10    27 300          211
   1970   4     4  94          11    14 318          224
   1971   4     1  91          11     7 311          220
   1972   4     4  95          10    19 293          198
   1973   4    11 101          11     5 309          208
   1974   4     4  94          10    15 288          194
   1975   4     3  93          10    29 302          209
   1976   4     1  92          10     8 282          190
   1977   4     6  96          11    12 316          220
   1978   4    21 111          11    14 318          207
   1979   4     6  96          10    13 286          190
   1980   4    13 104          10    26 300          196
   1981   3    23  82          10    23 296          214
   1982   4     9  99          10    21 294          195
   1983   4    18 108           9    23 266          158
   1984   4     1  92           9    29 273          181
   1985   4     2  92          11     2 306          214
   1986   3    21  80          11     5 309          229
   1987   4     4  94          10    11 284          190
   1988   3    19  79          10    28 302          223
   1989   4    19 109          10    20 293          184
   1990   4    12 102          10    28 301          199
   1991   3    30  89          10     6 279          190
   1992   4    23 114          11     6 311          197
   1993   4     2  92          10    31 304          212
   1994   4     7  97          10    26 299          202
   1995   4     5  95          11     3 307          212
   1996   4     6  97          11     1 306          209
   1997   4    18 108          10    27 300          192
   1998   3    22  81          11    20 324          243
             MEAN= 96              MEAN=301     MEAN=205
 
 THESE ARE THE MONTHLY AVG. MAX TEMPS 1951-1998 FOR STATION #3290
 YEAR    JAN   FEB  MARCH APRIL  MAY  JUNE  JULY AUGUST SEPT   OCT   NOV   DEC   ANN
  
 1951   31.5  38.3  41.3  55.6  73.7  76.6  84.7  86.0  72.7  63.5  45.2  31.5  58.4
 1952   34.2  44.3  43.1  62.1  74.0  90.4  89.5  82.9  80.7  66.7  52.2  35.3  62.9
 1953   34.5  43.4  51.8  59.5  74.0  89.9  90.1  88.9  83.2  73.1  54.4  40.8  65.3
 1954   32.1  49.8  44.9  67.6  68.6  85.9  93.3  83.5  81.1  67.0  60.0  43.6  64.8
 1955   35.3  33.8  51.5  74.6  79.8  81.5  95.7  95.0  85.1  70.8  45.2  34.0  65.2
 1956   31.1  38.0  53.0  66.0  80.1  90.7  88.8  88.7  82.7  74.2  47.6  41.4  65.2
 1957   26.6  41.9  47.7  61.0  70.7  81.6  93.1  89.8  73.5  61.1  45.8  45.2  61.5
 1958   33.4  29.0  43.6  64.9  77.7  80.6  82.7  86.5  79.8  71.6  56.5  38.0  62.0
 1959   28.6  34.7  49.7  62.5  73.5  84.0  84.5  89.2  76.6  62.9  44.2  46.1  61.4
 1960   29.2  29.2  31.5  66.0  73.7  79.8  86.1  86.9  81.0  70.7  54.2  40.0  60.7
 1961   37.7  42.6  47.9  59.4  71.0  81.5  87.6  84.7  73.5  68.0  47.6  28.0  60.8
 1962   28.0  32.9  41.1  64.2  80.8  81.3  85.6  85.4  73.9  67.2  51.0  36.6  60.7
 1963   21.7  37.6  53.5  67.2  74.7  86.5  88.4  84.9  77.9  78.3  56.3  27.8  62.9
 1964   40.7  42.9  46.9  64.3  79.0  82.2  90.0  82.2  74.7  67.2  53.4  34.6  63.2
 1965   34.7  34.3  34.6  65.6  78.3  80.3  84.5  84.0  71.0  69.5  53.5  45.7  61.3
 1966   27.1  40.2  55.4  58.6  75.5  81.9  89.5  82.7  73.9  69.0  51.8  36.4  61.8
 1967   35.4  40.9  56.9  66.3  71.3  79.7  85.0  84.7  75.3  63.8  49.4  38.4  62.2
 1968   32.1  37.2  61.3  66.6  70.7  86.5  88.0  85.1  75.8  67.8  45.8  31.7  62.4
 1969   26.7  34.9  42.5  65.7  75.5  80.6  87.5  85.9  78.2  61.7  51.9  33.1  60.4
 1970   26.5  45.5  46.0  67.9  79.7  84.2  89.3  87.5  76.7  61.8  47.0  39.4  62.6
 1971   28.6  33.1  47.1  68.0  71.4  88.4  84.7  85.2  81.8  70.6  49.6  37.2  62.1
 1972   31.6  39.0  56.5  66.1  74.8  86.5  86.0  85.7  79.3  64.0  44.0  31.0  62.0
 1973   34.0  38.5  53.4  63.7  74.7  87.0  85.6  87.9  74.8  71.7  50.7  32.1  62.8
 1974   30.2  43.5  56.9  69.0  75.3  84.7  96.8  83.9  76.9  70.5  52.0  38.9  64.9
 1975   33.6  31.6  43.6  61.7  79.2  83.2  90.5  91.3  74.8  74.9  53.5  40.5  63.2
 1976   39.2  51.2  52.6  70.1  73.6  85.6  90.1  90.1  82.1  63.9  49.1  40.8  65.7
 1977   26.0  46.8  58.5  71.6  80.6  88.3  93.7  84.4  78.6  65.8  50.3  36.1  65.1
 1978   23.2  25.3  46.9  63.5  73.8  85.9  87.5  86.8  83.1  69.0  48.1  33.5  60.5
 1979   19.3  26.7  49.7  61.4  75.9  84.4  85.0  84.8  82.3  70.0  48.8  45.5  61.1
 1980   34.2  32.2  47.3  66.8  78.0  85.7  93.3  89.9  82.0  67.5  56.7  39.7  64.4
 1981   41.9  44.5  57.9  74.7  73.6  87.4  87.5  83.9  80.9  64.3  54.5  34.5  65.5
 1982   24.0  35.9  48.8  63.0  74.6  79.5  89.4  82.5  75.3  68.6  49.6  41.3  61.0
 1983   35.1  41.1  48.0  56.0  72.6  82.9  93.3  95.1  84.2  66.5  50.1  18.8  62.0
 1984   32.2  46.8  41.5  58.6  70.4  83.9  87.7  89.4  76.3  65.0  51.7  38.7  61.9
 1985   28.0  31.9  55.9  67.1  77.8  82.2  87.5  79.7  73.7  64.1  39.8  27.2  59.6
 1986   42.5  32.5  55.9  65.5  74.7  86.1  87.1  79.2  78.5  64.4  45.1  36.5  62.3
 1987   38.6  50.0  53.1  67.7  77.9  86.8  88.1  80.7  76.1  61.2  53.8  38.5  64.4
 1988   31.9  36.0  55.6  64.8  81.6  89.9  85.2  90.5  81.2  63.3  52.2  41.3  64.5
 1989   43.9  26.0  49.6  68.6  76.7  80.9  86.8  85.0  75.4  68.1  50.5  27.6  61.6
 1990   43.4  41.9  52.1  62.7  69.1  83.5  84.4  84.1  83.2  67.7  55.2  31.7  63.2
 1991   24.6  45.5  55.7  66.3  76.6  85.3  87.2  85.5  79.6  67.2  38.2  39.8  62.6
 1992   39.5  45.7  55.4  60.1  75.7  80.3  81.2  79.3  76.0  66.7  40.7  35.5  61.3
 1993   27.7  28.3  45.0  57.6  71.4  80.7  82.4  84.2  70.6  62.9  44.5  38.3  57.8
 1994   29.4  33.5  56.1  66.0  76.9  83.1  83.5  83.5  79.3  68.6  51.5  37.6  62.4
 1995   30.1  43.1  49.2  59.1  66.8  81.9  90.0  88.8  76.0  67.0  43.8  35.9  61.0
 1996   28.6  39.5  46.4  62.1  68.0  82.9  82.8  82.3  74.6  67.1  39.9  31.9  58.8
 1997   28.9  37.6  53.7  57.1  69.5  85.5  87.1  83.5  80.1  66.8  45.2  35.5  60.9
 1998   32.5  43.9  40.0  62.1  77.6  79.7  86.5  85.7  85.5  68.3  53.8  43.1  63.2
 MEANS  31.9  38.4  49.5  64.3  74.8  83.9  87.8  85.8  78.1  67.3  49.5  36.6  62.3
 
 THESE ARE THE MONTHLY AVG. MIN TEMPS 1951-1998 FOR STATION #3290
 YEAR    JAN   FEB  MARCH APRIL  MAY  JUNE  JULY AUGUST SEPT   OCT   NOV   DEC   ANN
  
 1951   10.3  18.4  21.5  36.2  50.8  56.3  63.0  61.7  50.0  43.0  22.4  11.1  37.1
 1952   13.0  24.7  24.6  37.7  48.3  65.8  63.8  61.9  52.3  31.4  27.0  19.4  39.2
 1953   17.0  23.8  29.8  35.1  49.4  63.9  64.4  62.6  50.6  42.7  31.8  23.3  41.2
 1954   10.8  30.4  27.0  45.2  47.6  67.4  69.0  66.4  56.9  44.6  32.5  21.4  43.3
 1955   14.8  13.3  25.3  44.1  51.4  57.8  70.0  64.5  55.8  40.9  21.9  16.0  39.7
 1956   15.1  17.1  26.5  34.9  53.2  63.9  63.3  64.2  51.1  46.4  29.0  22.4  40.6
 1957    9.8  21.4  27.2  40.0  49.6  59.5  69.3  63.5  50.5  40.2  29.9  25.2  40.5
 1958   18.2  11.6  28.9  39.3  51.2  56.8  61.9  62.5  54.7  40.5  27.5  11.9  38.8
 1959    4.4   8.7  27.1  37.4  52.8  61.7  60.3  67.8  53.1  38.4  20.5  23.9  38.0
 1960   10.8   9.3  10.8  40.2  47.7  58.4  61.3  62.5  53.8  40.1  27.4  17.0  36.6
 1961   12.2  22.1  31.5  36.9  49.0  59.1  64.2  62.5  51.2  43.5  28.4  10.3  39.2
 1962    8.2  18.0  23.1  38.2  58.1  60.3  64.1  62.8  53.4  47.1  33.2  19.5  40.5
 1963    4.1  17.1  33.9  43.2  50.9  64.1  66.5  62.8  56.7  53.1  33.0   8.5  41.2
 1964   19.3  20.9  23.0  41.5  55.7  60.6  67.3  59.3  55.2  40.8  31.5  14.7  40.8
 1965   12.4  11.7  18.3  40.1  54.6  59.6  65.3  61.0  49.9  43.4  30.4  26.1  39.4
 1966    6.7  15.5  30.9  35.6  46.7  59.1  66.8  58.1  51.6  43.2  28.5  16.9  38.3
 1967   16.2  14.7  31.7  43.1  47.8  58.9  60.6  57.8  50.7  42.7  30.1  20.9  39.6
 1968   13.5  20.0  35.7  43.8  47.0  61.1  64.7  63.7  53.5  43.9  28.0  12.3  40.6
 1969    8.5  19.7  21.7  40.9  53.5  56.2  68.0  64.3  55.6  41.2  30.4  17.9  39.8
 1970    7.2  19.9  25.4  41.2  56.1  61.8  64.9  65.0  55.7  42.7  28.4  20.5  40.7
 1971    9.3  16.3  27.3  43.0  49.6  65.8  62.4  62.2  56.8  48.7  32.8  22.2  41.4
 1972   12.1  15.4  31.0  38.4  51.3  59.4  64.4  62.8  55.3  38.8  31.0  13.9  39.5
 1973   13.6  22.0  37.6  39.6  47.7  60.1  64.7  65.1  55.0  46.4  32.2  15.0  41.6
 1974   10.3  20.8  31.3  40.9  52.2  56.6  66.6  58.3  47.8  43.6  31.2  20.5  40.0
 1975   12.7  14.9  21.7  38.1  51.9  59.4  63.5  65.4  49.8  41.2  32.0  22.3  39.4
 1976   14.1  23.8  29.2  44.0  45.7  58.3  63.2  59.8  50.5  33.7  18.1  11.0  37.6
 1977   -0.6  17.9  34.1  45.1  57.7  61.4  67.6  61.6  55.0  40.9  29.1  15.3  40.4
 1978    2.0   4.1  20.9  40.1  48.4  57.5  61.5  61.6  57.5  38.9  29.3  15.1  36.4
 1979    0.6   4.6  28.1  37.9  48.0  58.1  63.8  62.7  52.7  39.4  27.2  21.3  37.0
 1980   16.2  14.6  24.9  38.1  48.6  60.4  67.4  65.4  53.6  36.5  28.6  19.7  39.5
 1981   14.9  17.8  28.3  45.4  47.8  60.8  66.9  60.8  53.2  40.9  32.5  16.6  40.5
 1982    3.5  14.1  25.7  36.6  53.8  55.3  65.2  63.4  54.6  41.1  28.5  21.7  38.6
 1983   19.4  23.9  30.1  35.2  46.3  59.4  66.7  67.1  52.7  41.2  30.5  -1.1  39.3
 1984    8.4  21.6  20.6  39.0  48.8  62.8  64.1  63.4  50.5  41.7  27.6  18.4  38.9
 1985    8.5  12.1  30.8  42.8  51.1  54.3  62.1  58.9  54.5  41.8  22.1   6.3  37.1
 1986   16.4  14.9  31.5  41.6  51.6  63.5  66.1  57.8  57.4  42.4  23.2  21.2  40.6
 1987   16.1  25.0  31.4  38.8  54.8  63.6  67.0  61.9  51.9  33.0  33.7  23.8  41.7
 1988    9.0   9.6  25.6  36.4  54.3  64.1  63.9  63.9  51.5  33.0  28.5  18.0  38.1
 1989   20.6   3.5  25.6  38.1  47.5  57.7  66.0  60.7  49.9  39.3  22.7   5.2  36.4
 1990   20.8  17.6  31.5  37.7  47.8  62.6  64.2  63.4  55.6  38.4  31.7  13.0  40.4
 1991    3.4  21.9  29.9  43.5  56.8  65.0  63.8  61.6  51.3  36.5  21.2  23.2  39.8
 1992   21.7  25.2  32.5  36.3  49.5  57.4  61.4  57.2  50.8  39.9  28.1  18.9  39.9
 1993    8.2  13.5  27.4  36.3  50.4  59.3  65.9  65.2  49.2  39.8  25.1  19.8  38.4
 1994    9.4  10.4  27.5  37.6  51.5  63.1  59.8  60.3  52.4  42.8  31.5  19.9  38.9
 1995   12.5  18.8  28.5  35.2  46.6  60.5  64.6  67.4  49.1  39.8  22.6  19.9  38.8
 1996    6.9  15.2  18.6  34.4  50.7  60.5  61.9  62.0  50.0  41.3  25.0  14.0  36.7
 1997    6.8  20.2  27.1  33.8  43.1  60.1  64.9  61.0  53.7  41.2  26.0  21.9  38.3
 1998   17.3  28.5  24.4  39.6  55.4  58.6  66.9  65.2  58.6  44.5  33.1  20.4  42.7
 MEANS  11.4  17.2  27.2  39.3  50.6  60.4  64.7  62.5  53.0  41.2  28.3  17.4  39.4
 
 THESE ARE THE MONTHLY AVG. MEAN TEMPS 1951-1998 FOR STATION #3290
 YEAR    JAN   FEB  MARCH APRIL  MAY  JUNE  JULY AUGUST SEPT   OCT   NOV   DEC   ANN
  
 1951   20.9  28.3  31.4  45.9  62.3  66.5  73.8  73.8  61.4  53.2  33.8  21.3  47.7
 1952   23.6  34.5  33.9  49.9  61.1  78.1  76.6  72.4  66.5  49.1  39.6  27.4  51.1
 1953   25.8  33.6  40.8  47.3  61.7  76.9  77.2  75.8  66.9  57.9  43.1  32.0  53.3
 1954   21.5  40.1  36.0  56.4  58.1  76.7  81.1  74.9  69.0  55.8  46.3  32.5  54.0
 1955   25.0  23.5  38.4  59.3  65.6  69.6  82.9  79.8  70.5  55.8  33.6  25.0  52.4
 1956   23.1  27.6  39.7  50.4  66.6  77.3  76.0  76.5  66.9  60.3  38.3  31.9  52.9
 1957   18.2  31.6  37.4  50.5  60.1  70.6  81.2  76.7  62.0  50.7  37.8  35.2  51.0
 1958   25.8  20.3  36.3  52.1  64.4  68.7  72.3  74.5  67.3  56.0  42.0  24.9  50.4
 1959   16.5  21.7  38.4  50.0  63.1  72.8  72.4  78.5  64.9  50.6  32.3  35.0  49.7
 1960   20.0  19.3  21.2  53.1  60.7  69.1  73.7  74.7  67.4  55.4  40.8  28.5  48.7
 1961   25.0  32.4  39.7  48.2  60.0  70.3  75.9  73.6  62.4  55.8  38.0  19.1  50.0
 1962   18.1  25.4  32.1  51.2  69.5  70.8  74.9  74.1  63.7  57.2  42.1  28.0  50.6
 1963   12.9  27.4  43.7  55.2  62.8  75.3  77.5  73.8  67.3  65.7  44.6  18.1  52.0
 1964   30.0  31.9  35.0  52.9  67.4  71.4  78.7  70.7  65.0  54.0  42.5  24.7  52.0
 1965   23.6  23.0  26.4  52.8  66.4  69.9  74.9  72.5  60.5  56.5  42.0  35.9  50.4
 1966   16.9  27.8  43.2  47.1  61.1  70.5  78.1  70.4  62.7  56.1  40.2  26.6  50.1
 1967   25.8  27.8  44.3  54.7  59.5  69.3  72.8  71.3  63.0  53.2  39.7  29.7  50.9
 1968   22.8  28.6  48.5  55.2  58.8  73.8  76.4  74.4  64.7  55.8  36.9  22.0  51.5
 1969   17.6  27.3  32.1  53.3  64.5  68.4  77.7  75.1  66.9  51.4  41.2  25.5  50.1
 1970   16.9  32.7  35.7  54.5  67.9  73.0  77.1  76.3  66.2  52.3  37.7  30.0  51.7
 1971   18.9  24.7  37.2  55.5  60.5  77.1  73.5  73.7  69.3  59.7  41.2  29.7  51.8
 1972   21.8  27.2  43.7  52.3  63.0  73.0  75.2  74.2  67.3  51.4  37.5  22.5  50.8
 1973   23.8  30.3  45.5  51.7  61.2  73.6  75.2  76.5  64.9  59.0  41.5  23.6  52.2
 1974   20.2  32.1  44.1  55.0  63.7  70.7  81.7  71.1  62.4  57.0  41.6  29.7  52.5
 1975   23.1  23.3  32.6  49.9  65.5  71.3  77.0  78.3  62.3  58.1  42.8  31.4  51.3
 1976   26.6  37.5  40.9  57.0  59.7  71.9  76.6  75.0  66.3  48.8  33.6  25.9  51.7
 1977   12.7  32.3  46.3  58.3  69.2  74.8  80.7  73.0  66.8  53.3  39.7  25.7  52.7
 1978   12.6  14.7  33.9  51.8  61.1  71.7  74.5  74.2  70.3  54.0  38.7  24.3  48.5
 1979   10.0  15.7  38.9  49.7  61.9  71.2  74.4  73.7  67.5  54.7  38.0  33.4  49.1
 1980   25.2  23.4  36.1  52.5  63.3  73.0  80.3  77.7  67.8  52.0  42.7  29.7  52.0
 1981   28.4  31.1  43.1  60.0  60.7  74.1  77.2  72.4  67.1  52.6  43.5  25.5  53.0
 1982   13.8  25.0  37.3  49.8  64.2  67.4  77.3  73.0  64.9  54.9  39.0  31.5  49.8
 1983   27.2  32.5  39.0  45.6  59.4  71.1  80.0  81.1  68.4  53.8  40.3   8.9  50.6
 1984   20.3  34.2  31.1  48.8  59.6  73.3  75.9  76.4  63.4  53.4  39.7  28.6  50.4
 1985   18.2  22.0  43.3  55.0  64.5  68.3  74.8  69.3  64.1  53.0  31.0  16.8  48.3
 1986   29.4  23.7  43.7  53.5  63.2  74.8  76.6  68.5  68.0  53.4  34.2  28.8  51.5
 1987   27.4  37.5  42.2  53.3  66.3  75.2  77.6  71.3  64.0  47.1  43.8  31.2  53.1
 1988   20.5  22.8  40.6  50.6  68.0  77.0  74.5  77.2  66.3  48.1  40.4  29.6  51.3
 1989   32.3  14.8  37.6  53.4  62.1  69.3  76.4  72.9  62.7  53.7  36.6  16.4  49.0
 1990   32.1  29.8  41.8  50.2  58.4  73.0  74.3  73.7  69.4  53.1  43.5  22.3  51.8
 1991   14.0  33.7  42.8  54.9  66.7  75.2  75.5  73.5  65.4  51.8  29.7  31.5  51.2
 1992   30.6  35.4  44.0  48.2  62.6  68.8  71.3  68.2  63.4  53.3  34.4  27.2  50.6
 1993   17.9  20.9  36.2  47.0  60.9  70.0  74.1  74.7  59.9  51.3  34.8  29.1  48.1
 1994   19.4  22.0  41.8  51.8  64.2  73.1  71.7  71.9  65.9  55.7  41.5  28.8  50.6
 1995   21.3  31.0  38.8  47.2  56.7  71.2  77.3  78.1  62.6  53.4  33.2  27.9  49.9
 1996   17.8  27.3  32.5  48.3  59.3  71.7  72.4  72.2  62.3  54.2  32.4  23.0  47.8
 1997   17.9  28.9  40.4  45.5  56.3  72.8  76.0  72.3  66.9  54.0  35.6  28.7  49.6
 1998   24.9  36.2  32.2  50.9  66.5  69.2  76.7  75.5  72.1  56.4  43.5  31.8  53.0
 MEANS  21.6  27.8  38.4  51.8  62.7  72.1  76.3  74.1  65.6  54.3  38.9  27.0  50.9
 
 THESE ARE THE MONTHLY PRECIP TOTALS AND NUMBER OF MISSING DAYS 1951-1998 FOR STATION #3290
 YEAR    JAN   FEB  MARCH APRIL  MAY  JUNE  JULY AUGUST SEPT   OCT   NOV   DEC   ANN
  
 1951   0.49  1.97  3.41  5.87  6.69  6.67  4.81  6.96  3.07  2.52  1.09  1.01 44.56
           0     0     0     0     0     1     0     0     0     0     0     0     1
 1952   0.52  0.63  4.68  4.16  4.07  4.77  2.37 10.41  0.37  0.00  1.75  0.00 33.73
           0     0     0     0     0     0     0     0     3     0     0     4     7
 1953   0.35  0.00  3.02  3.66  2.22  5.28  2.75  2.00  0.66  0.58  1.60  0.80 22.92
           2    28     2     0     0     0     0     0     0     0     0     0    32
 1954   0.00  2.59  0.35  2.24  5.32  4.46  0.79 14.35  1.73  2.88  0.00  0.10 34.81
           0     0     0     0     0     0     0     0     0     0     0     0     0
 1955   0.88  1.23  0.68  2.32  3.25  3.69  0.96  1.15  3.56  0.32  0.04  0.19 18.27
           0     0     0     0     0     0     0     0     0     0     0     0     0
 1956   0.18  0.09  0.03  1.42  1.58  3.02  5.89  4.77  2.20  0.58  2.47  0.08 22.31
           0     0     0     0     0     0     0     0     0     1     0     0     1
 1957   0.13  0.17  3.32  3.82  4.24  0.00  0.00  0.00  0.00  0.00  0.00  0.00 11.68
           0     0     0     0     0    30    31    31    30    31    30    31   214
 1958   0.00  0.00  0.00  0.00  1.50  1.73 11.28  3.20  5.01  0.43  0.87  0.03 24.05
          31    28    31    30     0     0     0     0     0     0     0     0   120
 1959   1.16  1.04  2.99  2.23 10.09  2.21  1.67  7.95  4.49  3.84  1.14  1.72 40.53
           0     0     0     0     0     0     0     0     0     0     0     0     0
 1960   1.89  1.59  1.47  2.50  5.39  5.53  2.04  5.89  3.92  1.29  0.06  0.45 32.02
           0     0     0     0     0     0     0     0     0     0     0     0     0
 1961   0.23  1.06  3.33  1.98  3.16  5.07  1.36  6.40  8.45  2.16  2.13  1.71 37.04
           0     0     0     0     0     0     0     0     0     0     0     0     0
 1962   0.41  1.98  0.99  0.94  6.56  2.76  5.84  2.63  2.73  2.29  1.08  0.92 29.13
           0     0     0     0     0     0     0     0     0     0     0     0     0
 1963   0.65  0.38  2.52  2.46  2.08  4.47  3.70  3.65  3.57  0.86  0.42  0.41 25.17
           0     0     0     0     0     0     0     0     0     0     0     0     0
 1964   0.29  0.45  1.69  4.01  6.33  8.02  4.36  5.64  4.17  0.72  1.19  0.83 37.70
           0     0     0     0     0     0     0     0     0     0     0     0     0
 1965   0.42  1.76  2.55  2.90  7.81  6.72  4.99  3.30 12.64  0.89  1.73  1.58 47.29
           0     0     0     0     0     0     0     0     0     0     0     0     0
 1966   1.35  0.61  0.86  0.60  3.21  4.12  2.37  2.89  2.02  0.56  0.24  1.16 19.99
           0     0     0     0     0     0     0     0     0     0     0     0     0
 1967   1.33  0.19  1.26  3.53  4.02 17.54  1.11  1.73  3.46  2.37  0.20  1.20 37.94
           0     0     0     0     0     0     0     0     0     0     0     0     0
 1968   0.50  0.17  0.24  3.90  4.03  2.34  4.37  4.05  4.10  5.61  1.20  2.45 32.96
           0     0     0     0     0     0     0     0     0     0     0     0     0
 1969   1.90  1.04  1.81  5.08  4.99  4.14  5.59  1.94  1.33  4.64  0.32  2.19 34.97
           0     0     0     0     0     0     0     0     0     0     0     0     0
 1970   0.58  0.41  1.68  3.10  3.48  3.01  5.09  3.55  5.60  4.67  1.30  1.10 33.57
           0     0     0     0     0     0     0     0     0     0     0     0     0
 1971   1.60  3.11  0.69  0.95  7.27  3.59  2.24  2.90  0.70  4.91  4.80  0.82 33.58
           0     0     0     0     0     0     0     0     0     0     0     0     0
 1972   0.39  0.38  0.55  5.58  5.63  1.34  3.65  2.87  5.63  4.14  2.84  1.77 34.77
           0     0     0     0     0     0     0     0     0     0     0     0     0
 1973   1.66  1.26  5.98  2.71  3.73  2.12  6.49  2.57  8.75  3.19  1.31  2.85 42.62
           0     0     0     0     0     0     0     0     0     0     0     0     0
 1974   0.42  0.31  0.74  2.08  4.57  1.43  0.63  5.50  1.11  2.92  1.46  0.88 22.05
           0     0     0     0     0     0     0     0     0     0     0     0     0
 1975   1.66  1.10  1.81  1.89  3.47  3.96  1.05  6.71  1.87  0.00  5.14  0.48 29.14
           0     0     0     0     0     0     0     0     0     0     0     0     0
 1976   0.23  1.36  1.88  5.02  3.74  2.52  1.32  1.16  2.14  0.48  0.04  0.11 20.00
           0     0     0     0     0     0     0     0     0     0     0     0     0
 1977   0.82  0.05  3.61  1.79  4.01  1.67  3.52  9.12  4.88  2.83  2.04  0.14 34.48
           0     0     0     0     0     0     0     0     0     1     0     0     1
 1978   0.20  1.02  0.75  6.46  5.87  2.81  8.15  3.29  6.76  0.95  1.66  0.80 38.72
           0     0     0     0     0     0     0     0     0     0     0     0     0
 1979   1.52  0.41  4.44  3.47  1.77  4.56  7.59  2.63  1.76  4.61  1.69  0.22 34.67
           0     0     0     0     0     0     0     0     0     0     0     0     0
 1980   0.94  0.59  1.14  1.84  1.11  6.48  2.36  7.67  0.89  2.31  0.11  0.92 26.36
           0     0     0     0     0     0     0     0     0     0     0     0     0
 1981   0.43  0.68  0.92  0.90  3.09  3.09  4.87  4.17  1.29  1.69  3.61  1.67 26.41
           0     0     0     0     0     0     0     0     0     0     0     0     0
 1982   1.51  0.43  2.78  2.30 11.24  3.67  2.39  6.99  3.83  1.36  1.55  2.08 40.13
           0     0     0     0     0     0     0     0     0     0     0     0     0
 1983   0.59  1.14  4.95  1.28  6.85  5.91  0.73  2.72  1.51  4.13  3.41  0.36 33.58
           0     0     0     0     0     0     0     0     0     0     0     0     0
 1984   0.47  0.74  2.06  7.23  5.52 12.26  1.08  0.82  1.60  2.86  0.86  4.19 39.69
           0     0     0     0     0     0     0     0     0     0     0     0     0
 1985   0.29  0.75  1.57  2.63  3.89  2.49  3.99  3.08  3.80  2.24  0.21  0.36 25.30
           0     0     0     0     1     0     0     0     0     0     0     1     2
 1986   0.00  1.15  2.16  7.53  4.15  2.99  7.92  1.60  6.76  5.33  1.18  1.51 42.28
           0     0     0     0     0     0     0     0     0     0     0     0     0
 1987   0.05  0.24  4.34  2.22 11.31  4.95  1.83  9.02  1.64  1.49  1.99  0.68 39.76
           0     0     0     0     0     0     0     0     0     0     0     1     1
 1988   0.31  0.13  0.07  1.75  3.97  2.76  2.08  0.81  3.34  0.51  1.73  0.55 18.01
           0     0     0     0     0     0     0     0     0     0     0     0     0
 1989   1.07  0.62  0.27  1.47  0.27  8.57  4.48  4.23  8.17  1.86  0.00  0.59 31.60
           0     0     0     0     2     0     0     0     0     0     0     0     2
 1990   0.33  0.20  3.76  0.98  4.83  5.17 10.69  2.29  0.88  1.66  1.23  0.86 32.88
           0     0     0     0     0     0     0     0     0     0     0     0     0
 1991   0.91  0.12  3.15  4.30  3.43  5.71  3.40  3.13  1.67  1.97  2.62  1.86 32.27
           0     0     0     0     0     0     0     0     0     0     0     0     0
 1992   1.05  0.84  3.25  3.68  1.95  2.14  6.45  0.96  6.85  2.27  3.34  1.22 34.00
           0     0     0     0     0     0     0     0     0     0     0     0     0
 1993   0.84  0.79  2.49  2.31  6.27  9.06 15.15  7.56  5.47  1.43  1.02  0.47 52.86
           0     0     0     0     0     0     0     0     0     0     0     0     0
 1994   0.25  0.55  0.05  2.03  1.49  7.25  6.35  4.29  3.36  1.94  0.95  0.87 29.38
           0     0     0     0     0     0     0     0     0     0     0     0     0
 1995   1.14  0.46  3.26  4.03  7.68  2.87  1.54  2.39  2.08  1.46  0.63  0.48 28.02
           0     0     0     0     0     0     0     0     0     0     0     0     0
 1996   1.12  0.07  1.29  4.07  7.39  6.23  3.98  3.16  2.25  1.82  2.95  0.35 34.68
           0     0     0     0     0     0     0     0     0     0     0     0     0
 1997   0.21  1.16  0.95  4.29  2.05  4.98  3.88  2.78  7.11  3.32  1.41  0.77 32.91
           0     0     0     0     0     0     0     0     0     0     0     0     0
 1998   0.78  2.23  2.98  5.87  8.58  9.51  8.54  4.37  1.46  2.44  2.05  0.11 48.92
           0     0     0     0     0     0     0     0     0     0     0     0     0
 
 MEANS  0.71  0.82  2.06  3.07  4.69  4.70  4.12  4.19  3.56  2.15  1.47  0.96 32.49
 PRECIPITATION MEANS AND TOTALS ARE BASED ON DATA AVAILABLE
 NO ATTEMPT WAS MADE TO ESTIMATE MISSING PRECIPITATION DATA
 *****************************************************************************************
 *****************************************************************************************
 
 THESE ARE THE MONTHLY HEATING DEGREE DAYS 1951-1998 FOR STATION #3290
 YEAR    JAN    FEB   MARCH  APRIL   MAY    JUNE   JULY  AUGUST  SEPT   OCT   NOV   DEC
 
 1951  1367.5 1026.5 1043.0  586.0  126.0   59.5    5.5    5.5  147.5  393.5  937.0 1355.0
 1952  1283.5  884.5  965.0  457.0  166.5    4.0    2.5    4.0   68.0  494.0  761.5 1166.5
 1953  1216.5  879.5  751.0  530.5  191.0    6.5    0.0    0.0   75.0  262.0  656.5 1021.5
 1954  1350.0  698.0  900.0  281.5  248.5   28.5    0.0    0.0   50.0  326.5  562.0 1008.0
 1955  1238.5 1161.0  824.5  194.0   62.0   37.5    0.0    3.5   63.0  298.0  942.5 1240.5
 1956  1298.0 1085.0  783.5  459.0   92.5   12.0    0.0   11.5   68.5  179.5  800.5 1026.5
 1957  1450.0  934.5  854.5  445.5  184.0    8.0    0.0    0.0  121.0  444.0  814.5  924.5
 1958  1215.0 1252.0  891.0  390.5   98.0   27.0    3.0   14.5   51.0  306.5  690.5 1242.5
 1959  1503.5 1212.5  825.5  451.0  146.0   20.5   15.5    0.0  123.0  445.5  980.0  931.0
 1960  1396.0 1326.5 1359.0  396.0  162.0   23.5    0.5    0.0   70.5  298.5  725.0 1130.5
 1961  1240.5  914.0  785.5  520.5  197.5   13.5    0.0    5.5  166.5  290.0  810.0 1422.0
 1962  1454.0 1108.0 1019.5  430.0   27.5   19.5    0.0    0.0  115.0  291.5  687.0 1146.0
 1963  1615.0 1053.5  660.0  307.0  126.5    0.5    0.0    7.0   46.5   79.0  611.0 1453.0
 1964  1085.0  959.5  931.0  371.0   61.5   24.0    0.0   24.5  103.0  345.0  676.0 1250.5
 1965  1284.5 1176.0 1195.5  379.5   64.0    4.0    0.0    8.5  175.5  276.0  691.5  902.0
 1966  1491.0 1040.5  677.5  539.0  189.0   22.0    0.0   14.0  118.5  296.0  745.5 1189.5
 1967  1215.5 1042.0  654.0  330.5  243.5   26.0    8.0   13.5   94.5  389.5  758.5 1095.5
 1968  1308.0 1056.5  524.5  311.0  217.0   15.5    0.0    2.5   69.5  320.0  842.5 1333.0
 1969  1468.5 1055.5 1019.5  352.5  121.5   43.0    0.0    0.0   31.5  451.5  715.5 1224.5
 1970  1492.0  905.0  908.0  356.5   66.0    9.5    2.0    0.0  104.0  413.0  818.5 1086.5
 1971  1428.5 1128.0  862.0  294.0  172.0    0.0    6.0    3.0   90.5  198.5  714.0 1094.5
 1972  1338.0 1097.0  659.0  386.5  136.0   12.5    7.5    6.5   89.0  427.0  824.0 1318.5
 1973  1277.0  972.5  605.5  402.0  153.0    1.0    0.0    0.0   78.5  215.5  706.5 1284.0
 1974  1387.5  920.5  647.5  331.5  107.0   20.0    0.0   12.5  139.0  260.0  703.0 1093.0
 1975  1297.5 1169.0 1003.0  459.0   88.0   20.5    2.5    0.0  149.5  256.0  666.5 1041.5
 1976  1189.0  797.5  748.0  262.0  192.0    7.0    0.0    1.0   82.0  518.5  942.5 1211.5
 1977  1622.5  915.5  579.0  235.5   22.0    1.0    0.0    0.0   38.5  361.5  759.0 1218.0
 1978  1624.5 1409.0  968.5  400.5  184.0   25.5    2.0    9.0   46.5  344.0  788.5 1260.5
 1979  1706.5 1381.5  808.5  461.0  157.0   20.0    0.0    7.0   51.0  337.5  810.0  980.5
 1980  1233.0 1206.5  896.5  390.0  125.0    9.5    0.0    0.0   73.5  405.5  670.5 1094.5
 1981  1134.0  948.0  678.0  192.0  175.0    0.5    3.0    5.0   58.0  384.5  645.5 1223.5
 1982  1588.0 1120.0  860.0  466.0   74.0   45.5    0.0   14.5  117.0  329.5  779.5 1039.5
 1983  1170.5  910.0  804.5  583.0  202.0   23.5    0.0    0.0   85.5  372.0  740.5 1739.5
 1984  1387.0  893.5 1051.0  497.0  208.0    2.5    0.0    1.0  164.5  369.5  760.5 1129.5
 1985  1450.5 1205.0  672.0  348.0   78.5   38.5    0.0   15.0  187.5  373.0 1021.5 1495.5
 1986  1103.5 1156.0  678.5  363.0  103.5    3.0    0.0   27.0   51.0  360.5  925.5 1121.0
 1987  1167.0  770.0  705.5  387.5   76.0    7.0    2.0   35.0   87.0  555.0  636.5 1048.5
 1988  1381.0 1224.0  756.0  432.0   35.5    3.0   13.0   13.0   71.0  523.0  739.0 1096.0
 1989  1014.5 1407.0  853.0  427.0  166.5   26.5    1.5   12.0  153.5  361.5  852.5 1507.0
 1990  1020.0  986.5  719.0  484.5  228.0   18.5   10.0    4.5   72.5  384.5  649.5 1322.5
 1991  1581.5  877.0  693.5  330.5  115.5    0.0    1.5    0.0  147.0  414.0 1058.5 1038.5
 1992  1066.0  857.5  652.5  505.0  140.5   12.5    6.5   32.0  124.0  371.5  918.0 1171.5
 1993  1459.0 1234.0  892.5  541.0  155.0   38.5    0.0    8.5  182.0  445.0  905.0 1113.5
 1994  1414.0 1204.5  719.5  429.5  143.5   10.5    6.0    8.5   97.5  302.0  705.5 1123.0
 1995  1356.0  953.0  812.0  535.5  259.5   25.5    2.5    0.0  161.0  372.5  955.0 1150.5
 1996  1464.0 1092.5 1007.5  508.5  228.0   32.5    4.0    0.0  160.0  354.5  977.5 1302.5
 1997  1461.0 1011.5  763.0  585.5  291.0    1.0    6.5    9.5   69.5  412.5  882.5 1125.0
 1998  1243.5  807.0 1018.0  428.5   69.0   61.0    0.0    0.0   24.0  280.0  646.0 1030.5
 *****************************************************************************************
 MEANS 1372.1 1072.5  844.0  420.0  146.3   18.5    2.4    7.2   99.8  358.8  798.9 1201.4
 
 THESE ARE THE MONTHLY COOLING DEGREE DAYS 1951-1998 FOR STATION #3290
 YEAR    JAN   FEB  MARCH APRIL  MAY  JUNE  JULY AUGUST SEPT   OCT   NOV   DEC   ANN
 
 1951    0.0   0.0   0.0  13.5  41.5 103.5 279.0 279.5  39.0  29.0   0.0   0.0
 1952    0.0   0.0   0.0   4.0  46.5 398.0 362.5 232.5 112.5   0.0   0.0   0.0
 1953    0.0   0.0   0.0   0.5  89.0 364.0 379.5 333.5 132.0  42.5   0.0   0.0
 1954    0.0   0.0   0.0  23.0  34.0 378.0 499.5 308.0 170.5  41.5   0.0   0.0
 1955    0.0   0.0   0.0  24.0  81.0 176.0 554.0 461.5 227.5  14.0   0.0   0.0
 1956    0.0   0.0   0.0  21.5 143.0 381.0 342.5 366.5 125.0  33.0   0.0   0.0
 1957    0.0   0.0   0.0  10.5  33.5 174.5 501.0 361.5  31.0   0.0   0.0   0.0
 1958    0.0   0.0   0.0   3.0  80.0 138.0 229.5 310.0 118.5  29.0   0.0   0.0
 1959    0.0   0.0   0.0   0.5  88.5 255.5 245.0 418.0 119.5   0.0   0.0   0.0
 1960    0.0   0.0   0.0  38.5  30.0 146.5 269.5 301.0 141.5   2.0   0.0   0.0
 1961    0.0   0.0   0.0  15.0  42.0 172.5 339.0 271.5  87.5   4.0   0.0   0.0
 1962    0.0   0.0   0.0  16.0 166.0 193.0 305.5 282.0  74.5  48.5   0.0   0.0
 1963    0.0   0.0   0.0  13.0  57.5 309.0 387.0 281.0 115.0 100.0   0.0   0.0
 1964    0.0   0.0   0.0   7.5 134.5 215.5 423.5 202.5 102.0   4.5   0.0   0.0
 1965    0.0   0.0   0.0  15.0 108.5 152.5 306.5 241.0  39.5  11.0   0.0   0.0
 1966    0.0   0.0   0.5   2.0  69.5 187.5 407.5 181.5  50.5  19.0   0.0   0.0
 1967    0.0   0.0  13.0  21.0  74.0 155.0 250.5 207.5  35.0  24.5   0.0   0.0
 1968    0.0   0.0  12.5  17.0  25.5 279.5 352.0 294.0  59.0  35.5   0.0   0.0
 1969    0.0   0.0   0.0   2.5 106.0 145.5 395.0 312.5  89.0  31.0   0.0   0.0
 1970    0.0   0.0   0.0  42.5 155.0 249.0 377.0 349.0 139.5  18.5   0.0   0.0
 1971    0.0   0.0   0.0  10.0  32.5 364.0 270.5 272.0 219.0  33.5   0.0   0.0
 1972    0.0   0.0   0.0   4.0  75.5 251.5 323.5 292.5 158.5   5.0   0.0   0.0
 1973    0.0   0.0   0.0   2.0  36.5 258.0 315.5 356.5  75.5  30.5   0.0   0.0
 1974    0.0   0.0   0.0  30.5  67.5 190.5 519.0 202.0  60.5  13.5   0.0   0.0
 1975    0.0   0.0   0.0   6.5 104.5 209.0 374.0 413.5  68.5  41.5   0.0   0.0
 1976    0.0   0.0   0.0  22.5  26.5 215.0 361.0 309.5 121.5  16.5   0.0   0.0
 1977    0.0   0.0   0.0  36.0 151.5 296.5 486.0 248.5  92.5   0.0   0.0   0.0
 1978    0.0   0.0   3.5   3.5  63.5 226.5 297.5 294.0 205.0   1.5   0.0   0.0
 1979    0.0   0.0   0.0   0.5  62.0 206.5 290.5 277.5 125.0  19.0   0.0   0.0
 1980    0.0   0.0   0.0  14.0  73.0 250.5 475.5 393.0 157.5   3.0   0.0   0.0
 1981    0.0   0.0   0.0  43.0  41.5 273.5 382.0 233.5 120.5   0.0   0.0   0.0
 1982    0.0   0.0   0.0  10.0  49.5 117.0 381.0 261.0 115.5  15.5   0.0   0.0
 1983    0.0   0.0   0.0   2.0  29.5 207.5 465.0 498.0 189.0  25.5   0.0   0.0
 1984    0.0   0.0   0.0  11.0  40.5 253.0 337.5 354.0 116.5   9.0   0.0   0.0
 1985    0.0   0.0   0.0  46.5  61.5 136.0 304.0 147.5 161.5   0.0   0.0   0.0
 1986    0.0   0.0  18.5  19.5  46.5 296.5 359.5 136.0 140.0   0.0   0.0   0.0
 1987    0.0   0.0   0.0  35.0 117.5 313.0 391.5 231.5  56.5   0.0   0.0   0.0
 1988    0.0   0.0   0.0   0.0 127.5 362.0 309.0 390.5 111.5   0.0   0.0   0.0
 1989    0.0   0.0   4.0  78.0  76.5 155.0 355.0 255.5  83.5  11.0   0.0   0.0
 1990    0.0   0.0   0.0  40.5  24.0 259.5 298.0 275.0 204.0  14.5   3.0   0.0
 1991    0.0   0.0   6.0  27.0 168.5 304.5 327.0 265.0 159.5   6.0   0.0   0.0
 1992    0.0   0.0   0.0   1.0  65.5 128.0 202.0 131.5  75.5   8.0   0.0   0.0
 1993    0.0   0.0   0.0   0.0  28.0 188.0 283.5 308.0  29.0  21.5   0.0   0.0
 1994    0.0   0.0   0.5  33.5 117.5 254.0 213.5 223.5 123.5  13.5   0.0   0.0
 1995    0.0   0.0   0.0   0.0   3.5 211.0 383.5 406.5  88.0  13.5   0.0   0.0
 1996    0.0   0.0   0.0   6.5  52.5 233.5 232.0 222.0  79.0  20.0   0.0   0.0
 1997    0.0   0.0   0.0   0.0  21.0 234.5 347.0 234.5 126.5  72.0   0.0   0.0
 1998    0.0   0.0   1.0   5.0 115.5 185.5 362.5 324.0 235.5  13.5   0.0   0.0
 *****************************************************************************************
 MEANS   0.0   0.0   1.2  16.5  74.1 237.2 358.7 296.9 117.3  19.1   0.1   0.0
 
 THESE ARE THE HEAT STRESS VARIABLES 1951-1998 FOR STATION #3290
             # OF DAYS MAXT >86                           HEAT INDEX
 YEAR   MAY  JUNE  JULY   AUG  SEPT  TOTAL     MAY    JUNE   JULY   AUG    SEPT  TOTAL
 1951   1.0   2.0  16.0  12.0   1.0   32.0      1.0    4.0   67.0   70.0    2.0  144.0
 1952   2.0  22.0  23.0   7.0   6.0   60.0      5.0  165.0  153.0   19.0   18.0  360.0
 1953   6.0  20.0  22.0  17.0   8.0   73.0     29.0  145.0  157.0  122.0   63.0  516.0
 1954   1.0  18.0  24.0  11.0  12.0   66.0      2.0  120.0  239.0   54.0   51.0  466.0
 1955   7.0   8.0  31.0  26.0  14.0   86.0     16.0   31.0  301.0  288.0  135.0  771.0
 1956   7.0  21.0  21.0  23.0  13.0   85.0     56.0  184.0  131.0  137.0   67.0  575.0
 1957   0.0   5.0  27.0  20.0   1.0   53.0      0.0   19.0  225.0  156.0    2.0  402.0
 1958   4.0   7.0   7.0  20.0   7.0   45.0      9.0   31.0   26.0  104.0   19.0  189.0
 1959   2.0  12.0  12.0  22.0   5.0   53.0      9.0   58.0   54.0  120.0   21.0  262.0
 1960   1.0   5.0  13.0  20.0   9.0   48.0      3.0   19.0   72.0   74.0   54.0  222.0
 1961   1.0   6.0  18.0  14.0   4.0   43.0      3.0   26.0   92.0   41.0   12.0  174.0
 1962   7.0   9.0  14.0  14.0   1.0   45.0     21.0   17.0   52.0   53.0    3.0  146.0
 1963   2.0  15.0  24.0  13.0   3.0   57.0      9.0   81.0  108.0   59.0    9.0  266.0
 1964   6.0   8.0  25.0   9.0   5.0   53.0     17.0   19.0  146.0   66.0   11.0  259.0
 1965   4.0   0.0   9.0  13.0   1.0   27.0      9.0    0.0   33.0   58.0    1.0  101.0
 1966   6.0   7.0  21.0   8.0   0.0   42.0     32.0   37.0  142.0   29.0    0.0  240.0
 1967   5.0   1.0  13.0  14.0   1.0   34.0     35.0    1.0   65.0   37.0    3.0  141.0
 1968   2.0  20.0  19.0  15.0   1.0   57.0      9.0   96.0   93.0   72.0    1.0  271.0
 1969   3.0   7.0  18.0  15.0   2.0   45.0      4.0   45.0   85.0   50.0    2.0  186.0
 1970   6.0  16.0  24.0  16.0   6.0   68.0     13.0   55.0  143.0   80.0   27.0  318.0
 1971   0.0  19.0   7.0  14.0  14.0   54.0      0.0  123.0   40.0   50.0   66.0  279.0
 1972   4.0  15.0  15.0  14.0   7.0   55.0      6.0   91.0   63.0  116.0   32.0  308.0
 1973   2.0  15.0  16.0  23.0   1.0   57.0     10.0   81.0   66.0   87.0    1.0  245.0
 1974   2.0  10.0  30.0   9.0   4.0   55.0      2.0   89.0  337.0   47.0   12.0  487.0
 1975   5.0  11.0  24.0  25.0   4.0   69.0     22.0   33.0  156.0  177.0   33.0  421.0
 1976   1.0  12.0  24.0  23.0  14.0   74.0      1.0   52.0  148.0  152.0   58.0  411.0
 1977   4.0  16.0  28.0  10.0   0.0   58.0      5.0  117.0  249.0   44.0    0.0  415.0
 1978   3.0  16.0  18.0  16.0  14.0   67.0      8.0   83.0  109.0   82.0   62.0  344.0
 1979   3.0  12.0  14.0  15.0   8.0   52.0      6.0   49.0   51.0   75.0   20.0  201.0
 1980   5.0  14.0  25.0  23.0  13.0   80.0     15.0   89.0  241.0  147.0   56.0  548.0
 1981   0.0  18.0  15.0   9.0   4.0   46.0      0.0   83.0  119.0   28.0   14.0  244.0
 1982   0.0   5.0  26.0   8.0   0.0   39.0      0.0    9.0  126.0   58.0    0.0  193.0
 1983   2.0   9.0  27.0  27.0  16.0   81.0      8.0   37.0  232.0  288.0   93.0  658.0
 1984   1.0   8.0  18.0  23.0   7.0   57.0      3.0   21.0   92.0  139.0   46.0  301.0
 1985   2.0   9.0  15.0   6.0  11.0   43.0      6.0   57.0   87.0   13.0   46.0  209.0
 1986   1.0  17.0  18.0   2.0   4.0   42.0      3.0   72.0   70.0    3.0   13.0  161.0
 1987   7.0  16.0  21.0   7.0   1.0   52.0     27.0   99.0  120.0   49.0    1.0  296.0
 1988   7.0  19.0  16.0  23.0  11.0   76.0     30.0  153.0   69.0  174.0   47.0  473.0
 1989   4.0   8.0  17.0  12.0   1.0   42.0     39.0   33.0  106.0   37.0    5.0  220.0
 1990   1.0  11.0  11.0  10.0  16.0   49.0      4.0   53.0   76.0   63.0  110.0  306.0
 1991   5.0  17.0  15.0  15.0   9.0   61.0     21.0   75.0   96.0   76.0   37.0  305.0
 1992   4.0   4.0   5.0   4.0   2.0   19.0     14.0   12.0   15.0   12.0    2.0   55.0
 1993   1.0   9.0   6.0  14.0   1.0   31.0      4.0   29.0   17.0   69.0    5.0  124.0
 1994   6.0  11.0  10.0  11.0   6.0   44.0     21.0   50.0   22.0   46.0   23.0  162.0
 1995   0.0  10.0  23.0  23.0   4.0   60.0      0.0   58.0  169.0  130.0    9.0  366.0
 1996   3.0  12.0   7.0   4.0   2.0   28.0     15.0   55.0   30.0    9.0    3.0  112.0
 1997   3.0  10.0  19.0  13.0   7.0   52.0      9.0   49.0   96.0   55.0   25.0  234.0
 1998   5.0  11.0  15.0  14.0  16.0   61.0     22.0   48.0   68.0   71.0   79.0  288.0
 *****************************************************************************************
 MEANS  3.2  11.7  18.4  15.0   6.3   54.6     12.3   62.3  115.4   84.3   29.5  303.8
