 
 THIS IS FOR STATION NUMBER 4063 1951-> 1998
                                 # OF PRECIPITATION EVENTS - % IN PARENS
 CL                   MAX   MEAN  0.01-  0.26-  0.51-  1.01-          # OF DAYS
 WK    TIME PERIOD    VAL   RAIN    0.25   0.51   1.00   2.00  >2.01 MISSING TOTAL
  1 3/1-->3/7        1.56   0.45  56(69) 10(12) 10(12)  5( 6)  0( 0)    7       81
  2 3/8-->3/14       1.37   0.47  51(62) 15(18) 13(15)  3( 3)  0( 0)    7       82
  3 3/15-->3/21      1.31   0.38  47(65) 14(19)  9(12)  2( 2)  0( 0)    7       72
  4 3/22-->3/28      1.50   0.54  53(64) 13(15)  9(10)  7( 8)  0( 0)    7       82
  5 3/29-->4/4       1.98   0.69  70(61) 26(22) 11( 9)  7( 6)  0( 0)    7      114
  6 4/5-->4/11       2.15   0.59  55(62) 12(13) 18(20)  2( 2)  1( 1)    7       88
  7 4/12-->4/18      2.35   0.82  54(51) 21(20) 21(20)  8( 7)  1( 0)    7      105
  8 4/19-->4/25      2.14   0.97  61(51) 25(21) 20(16) 10( 8)  2( 1)    7      118
  9 4/26-->5/2       2.29   1.03  61(50) 22(18) 24(19) 14(11)  1( 0)    7      122
 10 5/3-->5/9        3.04   1.00  71(59) 15(12) 21(17) 10( 8)  3( 2)    7      120
 11 5/10-->5/16      2.64   0.93  42(42) 27(27) 21(21)  9( 9)  1( 1)    3      100
 12 5/17-->5/23      1.89   0.91  58(49) 28(23) 24(20)  8( 6)  0( 0)    0      118
 13 5/24-->5/30      2.74   1.18  66(50) 27(20) 25(18) 10( 7)  4( 3)    0      132
 14 5/31-->6/6       2.37   0.78  56(55) 20(19) 16(15)  8( 7)  1( 0)    0      101
 15 6/7-->6/13       3.13   1.15  63(50) 27(21) 22(17) 10( 7)  4( 3)    0      126
 16 6/14-->6/20      4.13   1.21  50(46) 16(14) 25(23) 12(11)  5( 4)    0      108
 17 6/21-->6/27      2.70   0.95  53(50) 22(20) 17(16) 11(10)  3( 2)    0      106
 18 6/28-->7/4       5.42   1.14  32(35) 22(24) 20(21) 12(13)  5( 5)    0       91
 19 7/5-->7/11       4.16   0.90  38(45) 13(15) 18(21) 13(15)  1( 1)    0       83
 20 7/12-->7/18      2.83   1.18  42(41) 21(20) 20(19) 16(15)  2( 1)    1      101
 21 7/19-->7/25      2.50   0.67  51(54) 22(23) 15(15)  5( 5)  1( 1)    0       94
 22 7/26-->8/1       1.69   0.69  41(49) 16(19) 19(22)  7( 8)  0( 0)    1       83
 23 8/2-->8/8        3.00   0.97  47(48) 19(19) 17(17)  7( 7)  6( 6)    7       96
 24 8/9-->8/15       3.11   0.74  45(52) 18(20) 15(17)  5( 5)  3( 3)    8       86
 25 8/16-->8/22      2.50   0.65  44(57) 14(18)  9(11)  7( 9)  2( 2)    7       76
 26 8/23-->8/29      8.90   0.97  43(50) 14(16) 14(16) 11(12)  3( 3)    7       85
 27 8/30-->9/5       2.44   0.72  44(48) 23(25) 14(15)  8( 8)  1( 1)   12       90
 28 9/6-->9/12       3.40   0.80  29(39) 19(25) 13(17) 11(14)  2( 2)   15       74
 29 9/13-->9/19      3.38   0.89  48(50) 19(20) 14(14) 12(12)  2( 2)   14       95
 30 9/20-->9/26      3.31   0.83  47(52) 20(22) 13(14)  5( 5)  5( 5)   14       90
 31 9/27-->10/3      2.20   0.60  45(61)  8(10)  8(10) 11(15)  1( 1)   14       73
 32 10/4-->10/10     1.88   0.69  42(54) 12(15) 13(16) 10(12)  0( 0)   14       77
 33 10/11-->10/17    3.95   0.48  26(47) 16(29)  9(16)  3( 5)  1( 1)   14       55
 34 10/18-->10/24    2.77   0.66  46(57) 12(15) 12(15)  9(11)  1( 1)   14       80
 35 10/25-->10/31    2.00   0.50  34(47) 23(31) 12(16)  2( 2)  1( 1)   14       72
 36 11/1-->11/7      2.26   0.51  50(62) 12(15) 14(17)  3( 3)  1( 1)   13       80
 37 11/8-->11/14     1.82   0.39  37(60) 14(22)  5( 8)  5( 8)  0( 0)   10       61
 38 11/15-->11/21    4.21   0.51  47(63) 17(22)  5( 6)  3( 4)  2( 2)   13       74
 39 11/22-->11/28    1.08   0.32  47(70) 10(14)  9(13)  1( 1)  0( 0)   14       67
 40 11/29-->12/5     1.78   0.31  42(72)  6(10)  7(12)  3( 5)  0( 0)    9       58
 41 12/6-->12/12     1.10   0.25  50(73) 13(19)  4( 5)  1( 1)  0( 0)    8       68
 42 12/13-->12/19    0.68   0.24  47(75) 10(16)  5( 8)  0( 0)  0( 0)    7       62
 43 12/20-->12/26    1.73   0.27  49(75) 10(15)  5( 7)  1( 1)  0( 0)    7       65
 44 12/27-->1/2      1.20   0.31  39(63) 12(19)  8(13)  2( 3)  0( 0)    8       61
 45 1/3-->1/9        2.00   0.20  35(77)  5(11)  3( 6)  1( 2)  1( 2)    7       45
 46 1/10-->1/16      2.39   0.24  42(76)  7(12)  5( 9)  0( 0)  1( 1)    7       55
 47 1/17-->1/23      0.85   0.23  49(74) 12(18)  5( 7)  0( 0)  0( 0)    8       66
 48 1/24-->1/30      0.98   0.19  45(76) 10(16)  4( 6)  0( 0)  0( 0)    7       59
 49 1/31-->2/6       1.71   0.23  49(80)  7(11)  4( 6)  1( 1)  0( 0)   13       61
 50 2/7-->2/13       1.00   0.21  47(81)  7(12)  3( 5)  1( 1)  0( 0)   14       58
 51 2/14-->2/20      1.45   0.28  56(78)  4( 5) 10(14)  1( 1)  0( 0)   14       71
 52 2/21-->2/27      1.85   0.33  41(64) 14(21)  7(10)  2( 3)  0( 0)   14       64
 53 2/28-->2/29      0.87   0.04   9(81)  0( 0)  2(18)  0( 0)  0( 0)    3       11
 ANNUAL TOTALS       8.90   2492(57)821(18)666(15)315( 7) 68( 1)  405     4362
 
 THESE ARE THE MONTHLY AVERAGES FOR 1951-->1998 FOR STATION NUMBER 4063
   JAN  FEB  MAR  APR  MAY  JUN  JUL  AUG  SPT  OCT  NOV  DEC  ANNUAL
   0.97 1.08 2.18 3.49 4.39 4.55 3.91 3.65 3.44 2.52 1.82 1.19 33.19  <-- PRECIP
  
   21.4 27.4 38.1 52.2 63.2 72.5 76.8 74.6 66.1 54.8 39.4 27.0  55.5  <-- TEMP
 
 TWELVE SIGNIFICANT RAINFALL EVENTS  
 MONTH  DAY  YEAR   AMOUNT
   8     26  1977     8.90
   6     30  1959     5.42
  11     17  1952     4.21
   7      6  1982     4.16
   6     17  1990     4.13
  10     11  1973     3.95
   9     12  1961     3.40
   9     20  1978     3.31
   9     14  1993     3.38
   6      9  1974     3.13
   8     12  1993     3.11
   5      8  1997     3.04
 
 GROWING DEGREE DAYS FOR 4 BASE TEMPS FOR STATION NUMBER  4063
               MARCH                       APRIL  
     ****************************  *************************** 
 YEAR  40-86  48-86  50-86  52-86   40-86  48-86  50-86  52-86  
     ****************************  *************************** 
 1951     76     32     26     20    284    160    136    115
 1952    105     54     45     37    421    270    238    209
 1953    177     91     73     57    266    138    113     90
 1954    120     44     31     22    521    341    302    264
 1955    183    107     91     76    558    369    330    293
 1956    164     80     65     53    370    239    213    188
 1957    147     64     50     41    403    247    215    186
 1958     79     25     16     11    397    237    204    172
 1959    136     65     54     44    374    223    194    168
 1960     33     11      8      5    442    274    242    211
 1961    125     53     40     30    278    157    134    113
 1962     93     47     40     34    373    230    201    175
 1963    209    128    113     99    446    277    239    205
 1964    131     66     55     44    402    245    213    185
 1965     18      7      5      3    366    215    184    157
 1966    265    153    130    107    327    194    165    139
 1967    277    177    156    136    450    282    245    212
 1968    334    216    191    167    452    293    258    227
 1969     90     49     41     34    441    280    245    211
 1970     90     29     19     12    467    312    278    244
 1971    145     74     62     50    481    323    289    258
 1972    200    115    100     86    428    268    236    205
 1973    241    109     83     61    382    234    202    173
 1974    235    131    112     94    482    305    267    232
 1975     85     42     32     23    349    206    174    147
 1976    215    120    100     84    508    335    296    259
 1977    274    160    137    117    567    382    344    309
 1978    134     78     66     55    388    241    210    182
 1979    126     64     52     43    307    180    155    132
 1980    134     61     47     35    433    284    253    225
 1981    272    151    127    105    586    400    361    325
 1982    141     61     46     34    315    201    176    152
 1983    173     90     74     62    237    130    112     96
 1984     43      5      1      0    300    165    138    113
 1985    228    120     99     80    549    377    338    302
 1986    288    174    153    135    507    335    300    266
 1987    237    129    111     95    537    363    330    299
 1988    253    148    127    107    421    286    256    226
 1989    193    118    102     88    445    289    255    224
 1990    220    117     98     81    386    238    204    172
 1991    254    150    131    112    447    277    240    203
 1992    248    131    111     92    349    206    178    155
 1993    103     45     35     27    322    180    154    130
 1994    211    118    100     84    386    250    222    195
 1995    206    124    108     93    262    153    130    109
 1996    118     51     41     32    304    183    158    136
 1997    189     94     76     63    269    156    133    111
 1998    124     73     65     57    326    186    158    133
     ****************************  *************************** 
 MEAN  169.9   90.9   76.1   63.3  402.6  252.7  221.4  192.6
 STDV   74.2   49.2   44.0   38.8   88.9   69.7   65.1   60.5
 
               MAY                         JUNE   
     ****************************  *************************** 
 YEAR  40-86  48-86  50-86  52-86   40-86  48-86  50-86  52-86  
     ****************************  *************************** 
 1951    725    504    453    404    778    545    488    433
 1952    658    442    395    351   1007    768    709    650
 1953    656    442    396    354    981    742    683    624
 1954    570    382    341    301    999    760    702    645
 1955    768    525    474    427    859    622    567    514
 1956    760    542    495    450   1017    780    722    664
 1957    647    427    381    338    914    675    616    559
 1958    760    537    486    440    841    602    544    489
 1959    735    509    455    403    950    710    650    592
 1960    662    445    393    345    874    635    577    519
 1961    599    389    344    302    896    657    600    546
 1962    892    648    591    535    902    663    605    548
 1963    676    448    393    342   1001    761    702    644
 1964    840    597    541    487    924    687    628    571
 1965    712    525    484    444    779    556    505    460
 1966    603    418    377    339    892    658    601    546
 1967    583    403    363    323    898    664    607    552
 1968    595    399    358    319    983    744    686    629
 1969    728    510    460    411    816    589    536    486
 1970    823    602    551    500    936    696    637    580
 1971    594    405    364    323   1045    805    745    686
 1972    711    487    435    388    891    661    607    554
 1973    648    436    387    340    969    729    669    610
 1974    679    457    405    357    846    608    553    500
 1975    789    562    511    462    926    687    630    573
 1976    626    428    384    340    906    668    612    560
 1977    874    641    584    528    954    715    658    601
 1978    672    455    408    364    930    692    638    585
 1979    681    480    434    390    914    679    624    569
 1980    715    503    454    409    891    653    598    543
 1981    629    431    389    348    926    686    627    570
 1982    686    463    411    365    717    507    461    416
 1983    560    359    316    276    928    696    640    585
 1984    579    383    340    300    932    692    633    574
 1985    736    509    459    412    794    562    511    462
 1986    734    496    444    394   1022    782    722    663
 1987    835    596    543    494   1011    772    713    654
 1988    798    560    506    454    959    721    663    607
 1989    653    449    401    356    852    616    560    507
 1990    561    352    306    261    921    681    622    564
 1991    827    597    542    487    996    756    696    636
 1992    689    478    431    385    878    640    583    529
 1993    685    453    401    353    872    636    578    522
 1994    678    462    414    368    942    702    642    582
 1995    499    290    251    214    853    613    554    496
 1996    512    303    260    220    850    614    556    498
 1997    457    281    246    213    899    659    599    540
 1998    751    509    454    401    793    563    509    458
     ****************************  *************************** 
 MEAN  684.7  469.4  421.3  375.6  909.9  673.3  616.3  560.6
 STDV   97.8   85.0   80.8   76.6   72.1   68.5   66.5   64.0
 
               JULY                        AUGUST 
     ****************************  *************************** 
 YEAR  40-86  48-86  50-86  52-86   40-86  48-86  50-86  52-86  
     ****************************  *************************** 
 1951    988    740    679    618    962    715    655    596
 1952   1041    793    732    671    970    722    660    601
 1953   1053    805    743    683    997    749    688    627
 1954   1139    891    829    767   1037    789    727    665
 1955   1174    926    864    802   1097    849    787    725
 1956   1041    793    731    669   1040    793    732    673
 1957   1146    898    836    774   1043    795    734    673
 1958    977    729    667    605   1016    770    709    650
 1959   1015    767    705    644   1105    857    795    733
 1960   1026    780    719    658   1048    800    738    676
 1961   1040    792    730    668   1016    768    706    645
 1962   1019    771    709    648   1021    773    711    649
 1963   1101    853    791    729    989    741    679    619
 1964   1101    853    791    729    919    673    614    556
 1965    970    722    662    603    832    585    530    479
 1966   1103    855    793    732    896    652    595    541
 1967    961    720    664    610    925    692    637    584
 1968   1036    790    730    671   1005    757    697    639
 1969   1094    846    784    722   1014    766    704    642
 1970   1041    794    734    676   1018    770    709    649
 1971    974    734    676    618    958    716    658    601
 1972   1035    792    732    672   1017    769    707    646
 1973   1062    814    752    690   1064    816    754    692
 1974   1120    872    810    749    929    683    627    573
 1975   1076    830    770    710   1071    823    761    700
 1976   1074    826    765    704    967    722    663    606
 1977   1110    862    800    738    955    709    651    593
 1978   1056    808    746    684   1000    755    696    638
 1979   1009    761    699    637    960    715    655    597
 1980   1069    821    759    699   1038    790    728    667
 1981   1017    770    709    648    914    674    616    560
 1982    984    736    674    614    949    702    642    584
 1983   1087    839    777    715   1080    832    770    710
 1984    977    730    669    609    981    736    678    621
 1985    995    747    685    625    874    629    571    515
 1986   1140    892    830    768    923    678    618    560
 1987   1103    855    793    731    937    689    629    571
 1988   1054    806    744    682   1079    835    775    716
 1989   1073    825    763    701   1013    765    704    644
 1990   1024    776    714    652   1032    784    722    660
 1991   1052    804    742    680   1027    779    718    657
 1992    972    724    662    600    872    626    568    512
 1993   1060    812    750    688   1039    791    729    667
 1994    997    749    687    625    953    705    644    584
 1995   1021    773    712    652   1089    841    779    717
 1996    942    695    634    573    942    694    632    570
 1997   1015    768    707    646    931    683    621    560
 1998   1057    809    747    685   1031    783    721    659
     ****************************  *************************** 
 MEAN 1046.6  799.2  737.8  676.7  991.4  744.8  684.5  625.3
 STDV   53.9   53.4   52.9   52.3   63.4   62.4   61.0   59.0
 
               SEPTEMBER                   OCTOBER
     ****************************  *************************** 
 YEAR  40-86  48-86  50-86  52-86   40-86  48-86  50-86  52-86  
     ****************************  *************************** 
 1951    643    438    392    351    407    268    241    214
 1952    792    574    525    479     68     44     38     32
 1953    785    571    524    480    595    426    389    353
 1954    851    619    564    509    489    313    276    240
 1955    837    615    563    512    406    271    240    209
 1956    768    551    504    459    691    479    432    387
 1957    673    454    405    364    345    194    163    134
 1958    789    560    507    457    585    410    368    327
 1959    731    515    465    417    144     76     62     50
 1960    797    568    516    467    351    238    214    190
 1961    688    474    425    377    372    248    219    192
 1962    682    471    424    378    485    316    277    240
 1963    801    568    512    459    753    536    487    439
 1964    725    504    452    402    130     82     72     63
 1965    611    419    382    348    187    134    122    111
 1966    666    464    421    382     70     50     45     40
 1967    639    450    409    372      0      0      0      0
 1968    727    517    470    424     74     54     49     44
 1969    769    547    496    447    269    187    169    153
 1970    766    546    496    447    257    171    153    135
 1971    825    611    562    515    642    447    405    364
 1972    812    591    538    487    276    182    163    146
 1973    772    541    489    438    615    426    385    344
 1974    636    437    396    358      0      0      0      0
 1975    639    436    388    343      9      5      4      3
 1976    736    524    478    435    119     83     77     71
 1977    803    572    519    467    140     76     63     52
 1978    876    652    599    546    340    217    190    164
 1979    533    393    363    333      0      0      0      0
 1980    800    583    531    481     58     38     33     29
 1981    716    514    469    426     22     16     15     14
 1982    732    518    471    424    352    233    207    181
 1983    763    546    495    448    444    268    231    198
 1984    645    464    421    380      0      0      0      0
 1985    715    509    462    419      0      0      0      0
 1986    852    619    563    507    471    280    235    197
 1987    723    494    443    396    150    103     93     83
 1988    787    560    508    460     56     35     30     25
 1989    651    450    404    361    275    178    157    137
 1990    810    585    534    485    302    187    163    142
 1991    790    581    532    486     88     54     47     41
 1992    712    505    457    409    279    176    154    135
 1993    571    360    315    274    159    107     97     87
 1994    715    497    447    402    418    272    240    209
 1995    498    345    310    278      0      0      0      0
 1996    626    418    375    333    441    283    247    212
 1997    743    513    462    415    405    278    249    223
 1998    854    621    567    514    445    276    242    210
     ****************************  *************************** 
 MEAN  731.0  518.3  470.1  424.3  274.8  181.7  161.4  142.2
 STDV   85.7   71.7   67.6   63.1  212.9  145.6  130.9  116.8
 
 DAILY RECORD HIGHS AND LOWS OCCURRING DURING 1951-1998 FOR STATION NUMBER 4063
     JAN     FEB    MARCH   APRIL    MAY     JUNE    JULY    AUG     SEPT    OCT     NOV     DEC
 DY MX  MN  MX  MN  MX  MN  MX  MN  MX  MN  MX  MN  MX  MN  MX  MN  MX  MN  MX  MN  MX  MN  MX  MN
  1  54 -12  58 -26  80 -20  82  21  89  31  89  39  98  49 101  48  99  36  92  25  81  17  65   2
  2  56 -18  66 -27  73  -4  86  13  90  28  87  43  99  47 100  48  98  43  95  21  77   8  66  -2
  3  58 -19  62 -35  78   2  85   8  91  27  95  37  98  45 100  50  93  43  88  29  76   8  63  -6
  4  51 -15  55 -35  76 -12  82  17  90  29  93  40  99  44 107  45  97  35  91  25  75   2  65   1
  5  57 -12  59 -26  66 -16  82  18  89  32 101  42  99  42  96  46  96  36  94  28  70   9  69  -1
  6  54 -25  57 -22  70 -11  86  -2  88  30 100  42 103  44  96  48  96  40  92  22  75  10  62  -5
  7  49 -25  63 -15  73 -11  83  16  89  31  93  43  99  47 100  46  98  38  87  24  75  -4  63 -11
  8  56 -14  62 -27  78  -5  82  20  89  28  98  46  99  52  97  50  95  39  84  23  75  -7  56 -13
  9  53 -22  60 -33  75 -14  85  18  88  30  97  45 100  51  99  49 100  40  85  27  72  14  59 -10
 10  50 -22  59 -24  73   0  83  18  86  31  97  40 101  47  98  46  93  35  87  26  72  14  60  -8
 11  56 -20  63 -17  81   0  85  20  91  27  96  43 103  53  98  45  92  38  85  20  75   5  65 -15
 12  55 -25  71 -17  80 -14  84  18  95  33  97  43 102  54  97  43  94  38  90  26  70  -2  65 -11
 13  63 -12  60  -8  73 -11  78  22  93  31  97  41 104  46  96  46  93  36  90  22  71   1  59 -12
 14  62 -28  68 -10  74  -1  85  22  86  30  99  48 103  45 104  51  94  36  87  26  74  -1  61 -11
 15  57 -28  65  -9  74   7  82  22  90  33  97  49 105  46 104  48  98  30  88  27  72   7  56 -13
 16  62 -22  65 -19  76  -1  87  23  86  34  93  43 100  50 105  49  95  34  85  24  73   2  59 -16
 17  59 -20  66 -19  77   8  85  25  87  35  92  45 102  50 105  51  94  34  85  17  73  -2  54  -9
 18  60 -17  66 -22  71   5  90  19  91  38  98  45 100  55 102  43  96  30  85  17  74   7  64 -16
 19  55 -28  67 -22  78   5  85  23  89  39 102  45 101  52 102  45  92  31  82  16  68  13  58 -21
 20  53 -22  63  -3  74   7  86  26  90  33  97  47 100  52 100  44  90  30  85  18  67  11  55 -18
 21  60 -28  69  -6  76   2  94  22  89  35 100  41 104  47 100  45  87  33  85  22  73   2  59 -19
 22  57 -10  68 -13  83  13  91  25  89  33 101  44 102  51  99  46  88  28  82  16  70   9  57 -22
 23  59 -20  66 -11  81   9  90  25  92  33  99  46 100  50  98  44  85  28  82  14  67   8  60 -26
 24  64 -11  63 -13  83   3  88  24  91  37  97  44  96  52  97  45  96  31  82  16  64   6  60 -17
 25  60 -12  65  -8  80   8  89  28  96  35 100  46  99  52  99  44  91  33  81  20  68  -1  55 -14
 26  52 -17  70 -10  86   2  89  31  96  36 100  49 104  51 103  48  94  27  84  15  72   2  54 -14
 27  61 -14  66  -9  80  10  88  31  92  35  98  47 103  45 102  42  94  33  81  17  67   1  56  -9
 28  53 -24  70 -15  80   4  90  29  90  36  98  48 103  50 100  40 101  29  79  18  69  -9  69  -8
 29  57 -22 *** ***  88   7  90  24  91  38  98  51 102  47 101  43  91  27  77  15  61  -7  66 -12
 30  57 -15 *** ***  83  11  88  29  93  40  99  50 106  43 101  47  93  28  79  18  70  -7  62  -8
 31  69 -26 *** ***  82  16 *** ***  90  36 *** *** 104  40  99  38 *** ***  85  20 *** ***  60 -16
 
 DAILY MAXIMUM PRECIPITATION OCCURRING DURING 1951-1998 FOR STATION NUMBER 4063
     JAN   FEB   MARCH APRIL MAY   JUNE  JULY  AUG   SEPT  OCT   NOV   DEC
 
  1  0.54  1.71  1.06  0.75  1.35  2.37  1.13  0.97  1.19  0.42  2.26  0.90
  2  0.72  0.46  1.27  0.70  1.05  1.59  2.25  1.05  0.63  1.05  1.11  0.23
  3  2.00  0.24  0.57  1.24  0.59  0.74  2.43  0.86  2.44  1.23  0.65  0.88
  4  0.70  0.51  1.56  0.77  1.12  1.47  2.35  2.03  1.07  0.81  0.84  1.42
  5  0.95  0.70  0.40  2.15  1.47  1.50  1.60  2.51  1.31  1.81  0.74  1.10
  6  0.26  0.21  1.16  1.25  2.56  0.93  4.16  3.00  1.02  1.27  0.54  0.37
  7  0.10  0.31  0.30  0.65  2.63  1.23  1.31  1.10  1.40  1.13  0.31  1.10
  8  0.19  0.45  1.26  0.92  3.04  1.17  0.33  2.35  1.22  1.06  0.47  0.27
  9  0.27  0.80  0.80  1.25  1.55  3.13  1.49  0.87  2.10  1.88  0.52  0.67
 10  0.50  1.00  0.78  0.78  2.64  2.70  1.92  1.35  1.86  1.50  1.12  0.61
 11  0.14  0.33  1.02  0.90  1.47  1.13  1.22  2.24  1.87  3.95  1.17  0.40
 12  2.39  0.17  0.54  2.35  0.89  2.12  1.59  3.11  3.40  1.10  1.82  0.70
 13  0.81  0.96  1.37  0.80  1.07  2.29  2.83  2.22  1.52  1.85  1.09  0.25
 14  0.31  0.21  0.27  1.50  1.55  2.46  0.67  1.87  3.38  0.97  0.37  0.68
 15  0.26  0.77  0.95  1.10  1.40  1.76  2.82  1.30  2.71  1.23  0.28  0.47
 16  0.50  0.55  0.74  1.59  1.37  2.25  1.23  2.12  0.49  0.47  1.30  0.21
 17  0.25  0.66  0.90  1.59  0.95  4.13  1.58  2.50  1.23  0.80  4.21  0.32
 18  0.63  1.45  0.78  1.78  0.68  2.51  1.77  1.45  1.96  0.76  0.80  0.39
 19  0.42  0.52  1.31  2.14  1.69  1.14  2.50  1.74  1.52  1.18  0.53  0.64
 20  0.55  0.96  1.02  1.53  1.89  0.77  1.23  1.01  3.31  0.88  1.20  0.49
 21  0.85  1.37  0.44  1.29  1.47  2.25  1.82  0.60  2.43  1.05  0.87  0.64
 22  0.51  0.61  0.72  1.76  1.15  1.64  0.75  1.66  0.84  2.77  1.08  0.81
 23  0.35  0.63  1.31  2.12  1.65  1.70  0.59  1.50  1.55  1.44  0.67  0.79
 24  0.53  0.45  0.88  1.70  2.74  1.35  1.05  1.06  2.45  1.57  0.63  1.73
 25  0.27  1.85  1.36  1.40  2.28  0.89  0.96  1.45  2.21  0.47  0.78  0.44
 26  0.46  0.28  1.30  0.97  1.23  1.00  1.47  8.90  2.05  0.73  0.73  0.27
 27  0.54  0.41  1.14  1.30  2.44  2.70  0.97  1.27  1.24  0.50  0.77  0.79
 28  0.12  0.87  1.50  2.29  1.10  1.88  1.58  2.12  0.60  0.66  0.84  1.03
 29  0.98******  1.43  1.65  1.85  1.69  1.03  1.45  2.20  1.03  1.78  0.33
 30  0.08******  1.44  1.32  0.92  5.42  1.10  1.25  1.40  1.00  0.66  1.20
 31  0.18******  1.98******  1.78******  1.69  1.17******  2.00******  0.36
 
 RECORD LARGEST AND SMALLEST DAILY RANGES (MAX-MIN) DURING 1951-1998 FOR STATION NUMBER 4063
     JAN     FEB    MARCH   APRIL    MAY     JUNE    JULY    AUG     SEPT    OCT     NOV     DEC
 DY MX  MN  MX  MN  MX  MN  MX  MN  MX  MN  MX  MN  MX  MN  MX  MN  MX  MN  MX  MN  MX  MN  MX  MN
  1 44   3  39   4  57   4  41   8  43   8  40  10  33  13  42  10  47  12  51  10  42   5  37   5
  2 31   4  46   4  41   4  52   6  44   9  38   4  35  13  37  11  36   7  44   6  43   5  36   1
  3 45   3  39   4  35   4  44   6  42   6  39   8  35   7  36   8  37  10  41   3  36   6  35   3
  4 40   5  39   3  39   4  49   9  46   4  35  10  32  11  40  13  40  10  43   5  42   4  37   5
  5 40   5  44   2  42   5  51   4  34  11  41  13  36  11  40   3  43   7  40   9  40   3  42   5
  6 37   3  34   3  42   2  53   8  38   6  36  13  37   6  38   6  38   9  47   6  39   5  38   3
  7 38   7  40   3  47   4  53   9  39   6  40   8  34  10  35   7  39   7  45   8  38   3  53   3
  8 40   5  41   2  41   3  36   7  41   6  35   9  34   6  36  10  39  11  45  11  43   5  34   1
  9 34   7  43   5  45   6  47   7  40   5  40   4  35  12  34   7  45   7  46   8  36   7  34   3
 10 40   5  44   3  52   3  51   6  41  11  39  10  35   7  37  16  45  12  46   9  42   4  35   4
 11 37   3  42   5  51   4  44   2  40   5  39   9  32   7  37   7  39   7  48   8  44   2  39   4
 12 42   7  41   4  47   5  37   3  43   7  36   9  36   9  43   8  42   5  44   8  44   4  34   4
 13 37   4  40   3  41   2  43   5  45  10  36  10  38   9  44   7  41  13  42   6  41   3  40   3
 14 36   4  36   2  45   4  42   4  42   9  35  10  38  10  41  12  38   7  47  11  36   5  46   3
 15 42   5  58   4  42   6  43   5  39  11  31   8  36   7  43   9  44   9  48   9  44   7  39   5
 16 39   1  37   5  42   5  40   6  44  10  35   9  37  10  40  13  38   6  43   5  40   4  45   4
 17 40   3  41   5  39   4  43   7  40   8  35  13  37  12  41  12  39   4  42   7  38   6  31   4
 18 47   4  45   2  41   3  42  10  42   5  37  11  33  11  40   5  39   7  47   5  46   3  46   2
 19 42   6  47   3  41   4  40   7  43   8  41   9  35   8  36   9  45   7  42   6  45   6  37   7
 20 40   4  39   3  38   2  45   6  42   9  34  15  34  12  38   8  44  10  46   8  32   5  41   3
 21 45   3  43   6  32   7  48   4  41   6  40   8  34   4  35  11  40   6  45   7  36   5  44   4
 22 38   2  37   4  48   3  38   4  38  12  37  12  34   8  36   7  47  11  51   5  42   3  39   4
 23 43   6  39   5  53   4  41   8  37   9  35  10  35  11  39   8  39   3  39   4  42   4  30   3
 24 45   5  44   4  43   6  40  13  36   3  35   9  36   8  36   8  39   8  47   3  40   4  39   5
 25 40   4  47   3  56   4  45   5  39   9  37  12  35  14  44  10  45   8  45   4  34   5  38   4
 26 39   4  41   6  50   4  46  11  37   4  35   7  41  12  40   7  42   5  47   7  39   5  34   6
 27 34   4  34   3  47   3  40   5  38   6  32  10  37   8  41  14  47   9  42   7  40   5  34   3
 28 54   3  40   5  43   6  39   9  40   4  41  13  38  10  44   9  44   7  43   4  42   4  51   4
 29 42   5  **  **  43   3  39   5  36   6  38  13  36  12  40  13  52  10  40   6  43   7  49   3
 30 36   6  **  **  47   4  41   6  35  10  37  13  36  11  46  14  47   7  40   5  40   4  42   2
 31 43   4  **  **  43   3  **  **  38  10  **  **  45  12  42   6  **  **  39   4  **  **  33   3
 
 DAILY  MEAN  HIGHS AND LOWS OCCURRING DURING 1951-1998 FOR STATION NUMBER 4063
     JAN     FEB    MARCH   APRIL    MAY     JUNE    JULY    AUG     SEPT    OCT     NOV     DEC
 DY MX  MN  MX  MN  MX  MN  MX  MN  MX  MN  MX  MN  MX  MN  MX  MN  MX  MN  MX  MN  MX  MN  MX  MN
  1 31  13  33  12  44  21  56  34  68  44  77  53  85  62  86  61  82  58  75  47  56  35  41  23
  2 32  14  31  12  42  23  56  34  70  45  76  53  85  63  86  63  82  59  73  46  54  34  42  24
  3 32  13  30  11  42  23  56  34  69  45  78  53  85  62  86  63  81  58  72  45  53  34  42  22
  4 30  11  32  13  42  21  57  32  70  46  79  55  85  63  85  61  81  57  70  44  51  32  41  22
  5 30  10  33  13  41  22  55  33  71  48  81  56  85  61  83  61  80  55  70  45  51  30  42  23
  6 29  10  31  13  42  21  60  33  71  47  81  57  86  61  84  62  81  56  68  45  51  31  38  20
  7 27   8  32  12  41  19  61  35  70  46  80  58  87  63  85  61  82  56  68  43  52  30  37  19
  8 28   8  32  13  42  21  58  37  71  47  80  58  86  64  85  62  81  55  68  43  53  30  35  18
  9 29  10  33  12  44  22  57  34  71  48  80  58  86  63  85  61  80  56  67  42  51  31  35  17
 10 28   9  36  16  45  23  58  35  72  47  80  58  85  63  85  61  79  53  67  40  52  28  36  17
 11 29  10  34  15  47  26  60  37  71  48  81  58  86  64  83  60  79  53  68  42  51  30  35  17
 12 30  11  34  15  47  26  59  37  72  47  82  60  87  65  83  59  79  53  68  43  50  29  35  16
 13 32  12  37  15  46  26  60  37  72  48  83  59  88  64  84  60  77  53  68  43  51  30  35  15
 14 32  13  37  18  48  26  61  38  73  49  82  60  87  65  85  61  75  52  69  44  49  30  34  17
 15 30  10  35  17  45  25  62  38  74  49  82  60  86  62  85  60  75  51  69  43  52  29  34  16
 16 30  10  35  14  47  26  66  40  74  49  82  59  87  63  85  61  74  51  67  42  49  29  35  16
 17 30  11  38  16  48  26  66  40  74  51  82  59  87  64  85  62  76  52  66  41  50  30  33  16
 18 30  12  40  21  48  28  67  41  76  52  83  61  88  66  85  61  76  53  63  39  49  29  34  15
 19 30  10  39  19  49  29  66  43  75  52  83  60  88  67  84  62  76  52  62  37  48  28  35  16
 20 29  11  40  19  49  28  65  43  77  51  84  60  87  65  84  61  75  51  64  38  47  27  31  15
 21 31  11  41  20  47  27  65  42  75  52  82  60  86  64  84  60  74  49  65  40  46  26  32  14
 22 33  14  38  19  51  27  65  41  75  53  83  59  86  64  84  60  73  48  66  41  47  26  33  16
 23 33  12  39  20  51  28  66  42  75  52  83  59  86  63  83  60  69  46  62  40  45  26  34  16
 24 32  11  38  18  50  28  67  42  75  52  84  60  86  63  83  59  71  47  62  37  45  24  33  14
 25 31  12  41  19  50  29  68  44  75  53  85  60  87  63  85  59  73  47  61  37  44  24  33  14
 26 29  11  43  21  51  30  70  45  74  53  85  61  86  63  85  60  74  47  62  37  43  24  33  14
 27 28   9  42  22  56  31  68  45  75  53  85  62  87  63  86  62  72  47  61  37  41  22  33  16
 28 29  10  42  22  56  34  66  43  75  53  86  62  87  62  84  59  74  47  59  36  38  19  35  17
 29 31  10  **  **  53  33  67  44  75  54  87  63  86  61  85  60  73  47  59  35  39  21  33  15
 30 31   9  **  **  54  32  67  45  77  54  86  63  86  62  85  61  74  47  60  37  40  21  32  12
 31 33   9  **  **  56  34  **  **  77  54  **  **  86  62  82  59  **  **  58  37  **  **  31  14
  
  # OF DAYS EACH YEAR WHERE MIN >=32 F  1951-1998 FOR STATION # 4063
   51  52  53  54  55  56  57  58  59  60  61  62  63  64  65  66  67  68  69  70
  214 204 230 235 223 220 220 220 221 225 220 221 242 230 227 208 223 223 214 219
 
   71  72  73  74  75  76  77  78  79  80  81  82  83  84  85  86  87  88  89  90
  222 217 251 231 214 215 236 222 203 215 227 214 223 212 213 240 240 222 214 231
 
   91  92  93  94  95  96  97  98
  226 244 233 233 215 202 207 245
  
 MEAN=224
 
 LENGTH OF SEASON FOR STATION NUMBER 4063   BASE TEMP=32
 LAST SPRING OCCURENCE FIRST FALL OCCURENCE  LENGTH OF SEASON
   YEAR MONTH DAY DOY         MONTH DAY DOY
   1951   4    23 113           9    28 271          158
   1952   4    16 107          10     3 277          170
   1953   4    20 110          10    27 300          190
   1954   5     8 128          10    18 291          163
   1955   4     7  97          10    15 288          191
   1956   4    30 121           9    30 274          153
   1957   5     4 124          10    10 283          159
   1958   5     5 125          10     1 274          149
   1959   4    22 112          10    11 284          172
   1960   4    30 121          10    19 293          172
   1961   5     2 122           9    28 271          149
   1962   4    17 107          10    24 297          190
   1963   5     1 121          10    29 302          181
   1964   4     9 100          10     5 279          179
   1965   4    19 109           9    24 267          158
   1966   5    14 134          10     1 274          140
   1967   5     2 122           9    28 271          149
   1968   4    26 117          10     4 278          161
   1969   4    29 119          10    14 287          168
   1970   5     2 122          10     4 277          155
   1971   5     3 123           9    20 263          140
   1972   4    25 116           9    30 274          158
   1973   4    28 118          10    30 303          185
   1974   4    24 114           9    22 265          151
   1975   4    20 110           9    26 269          159
   1976   5     8 129          10     6 280          151
   1977   4    26 116          10    12 285          169
   1978   5     3 123          10     8 281          158
   1979   5     1 121           9    15 258          137
   1980   5    14 135           9    26 270          135
   1981   5    11 131           9    18 261          130
   1982   4    23 113          10    16 289          176
   1983   4    25 115           9    23 266          151
   1984   5     8 129           9    26 270          141
   1985   4    14 104           9    30 273          169
   1986   4    22 112          10    14 287          175
   1987   4     5  95          10     3 276          181
   1988   4    24 115          10     4 278          163
   1989   5     7 127           9    24 267          140
   1990   4    17 107          10    18 291          184
   1991   4    24 114           9    19 262          148
   1992   5     6 127           9    29 273          146
   1993   4    21 111          10    10 283          172
   1994   4    29 119          10    25 298          179
   1995   4    19 109           9    22 265          156
   1996   5     1 122          10    24 298          176
   1997   5    13 133          10    14 287          154
   1998   4    17 107          10    22 295          188
             MEAN=117              MEAN=279     MEAN=162
 
 LENGTH OF SEASON FOR STATION NUMBER 4063   BASE TEMP=30
 LAST SPRING OCCURENCE FIRST FALL OCCURENCE  LENGTH OF SEASON
   YEAR MONTH DAY DOY         MONTH DAY DOY
   1951   4    23 113           9    28 271          158
   1952   4    16 107          10     6 280          173
   1953   4    20 110          10    27 300          190
   1954   5     4 124          10    30 303          179
   1955   4     7  97          10    15 288          191
   1956   4    30 121          11     8 313          192
   1957   4    14 104          10    19 292          188
   1958   4    29 119          10    28 301          182
   1959   4    21 111          10    12 285          174
   1960   4    10 101          10    19 293          192
   1961   4    18 108          10    20 293          185
   1962   4    16 106          10    24 297          191
   1963   4     4  94          10    29 302          208
   1964   4     9 100          10     9 283          183
   1965   4    19 109          10    12 285          176
   1966   5    14 134          10     5 278          144
   1967   5     2 122           9    29 272          150
   1968   4    25 116          10     4 278          162
   1969   4    29 119          10    14 287          168
   1970   5     2 122          10    10 283          161
   1971   5     3 123          10    31 304          181
   1972   4    25 116           9    30 274          158
   1973   4    28 118          10    30 303          185
   1974   4    24 114           9    22 265          151
   1975   4    20 110          10     2 275          165
   1976   5     3 124          10     6 280          156
   1977   4     6  96          10    12 285          189
   1978   5     2 122          10     8 281          159
   1979   4    10 100           9    15 258          158
   1980   4    25 116          10     4 278          162
   1981   5    11 131           9    18 261          130
   1982   4    23 113          10    19 292          179
   1983   4    20 110           9    23 266          156
   1984   5     8 129           9    26 270          141
   1985   4     9  99          10     1 274          175
   1986   4    22 112          10    14 287          175
   1987   4     5  95          10     3 276          181
   1988   4    24 115          10     5 279          164
   1989   4    15 105          10     4 277          172
   1990   4    17 107          10    19 292          185
   1991   4    24 114           9    20 263          149
   1992   5     6 127          10    17 291          164
   1993   4    17 107          10    10 283          176
   1994   4     7  97          10    25 298          201
   1995   4    13 103           9    22 265          162
   1996   4    30 121          10    30 304          183
   1997   4    18 108          10    20 293          185
   1998   3    25  84          10    22 295          211
             MEAN=111              MEAN=284     MEAN=172
 
 LENGTH OF SEASON FOR STATION NUMBER 4063   BASE TEMP=28
 LAST SPRING OCCURENCE FIRST FALL OCCURENCE  LENGTH OF SEASON
   YEAR MONTH DAY DOY         MONTH DAY DOY
   1951   4    17 107          10    24 297          190
   1952   4    11 102          10     6 280          178
   1953   4    20 110          10    27 300          190
   1954   4     8  98          10    30 303          205
   1955   3    28  87          10    24 297          210
   1956   4    24 115          11     9 314          199
   1957   4    14 104          10    25 298          194
   1958   4    29 119          11     6 310          191
   1959   3    22  81          10    12 285          204
   1960   4    10 101          10    20 294          193
   1961   4    18 108          10    20 293          185
   1962   4    16 106          10    24 297          191
   1963   4     4  94          10    29 302          208
   1964   4     4  95          10     9 283          188
   1965   4    16 106          10    12 285          179
   1966   5     2 122          10     6 279          157
   1967   4    24 114           9    29 272          158
   1968   4    25 116          10     4 278          162
   1969   4     6  96          10    14 287          191
   1970   5     2 122          10    16 289          167
   1971   5     3 123          10    31 304          181
   1972   4     8  99          10    15 289          190
   1973   4    13 103          10    30 303          200
   1974   4    24 114          10     1 274          160
   1975   4    12 102          10     2 275          173
   1976   4    12 103          10     6 280          177
   1977   4     6  96          10    13 286          190
   1978   3    27  86          10    24 297          211
   1979   4     6  96           9    22 265          169
   1980   4    12 103          10     5 279          176
   1981   5    11 131          10     2 275          144
   1982   4    22 112          10    21 294          182
   1983   4    20 110          11    16 320          210
   1984   5     8 129           9    26 270          141
   1985   4     9  99          10     1 274          175
   1986   4    22 112          11     9 313          201
   1987   4     4  94          10    11 284          190
   1988   4    19 110          10     5 279          169
   1989   4    12 102          10    20 293          191
   1990   4    17 107          10    22 295          188
   1991   3    30  89          10     7 280          191
   1992   4    12 103          10    17 291          188
   1993   4     5  95          10    10 283          188
   1994   4     7  97          10    25 298          201
   1995   4     6  96           9    23 266          170
   1996   4    10 101          10    31 305          204
   1997   4    18 108          10    22 295          187
   1998   3    25  84          11     6 310          226
             MEAN=104              MEAN=290     MEAN=185
 
 LENGTH OF SEASON FOR STATION NUMBER 4063   BASE TEMP=26
 LAST SPRING OCCURENCE FIRST FALL OCCURENCE  LENGTH OF SEASON
   YEAR MONTH DAY DOY         MONTH DAY DOY
   1951   4    17 107          10    31 304          197
   1952   4    11 102          10     6 280          178
   1953   4    20 110          10    27 300          190
   1954   4     4  94          10    31 304          210
   1955   3    28  87          10    31 304          217
   1956   4    24 115          11     9 314          199
   1957   4    14 104          10    25 298          194
   1958   4    29 119          11     6 310          191
   1959   3    22  81          11     5 309          228
   1960   4    10 101          10    20 294          193
   1961   4    16 106          10    20 293          187
   1962   4    16 106          10    25 298          192
   1963   3    22  81          11     2 306          225
   1964   4     4  95          10    10 284          189
   1965   3    30  89          10    12 285          196
   1966   4    21 111          10    17 290          179
   1967   4    24 114          10    11 284          170
   1968   4     5  96          10     4 278          182
   1969   3    31  90          10    14 287          197
   1970   4     9  99          10    16 289          190
   1971   4    14 104          11     4 308          204
   1972   4     8  99          10    19 293          194
   1973   4    13 103          11     5 309          206
   1974   3    25  84          10     2 275          191
   1975   4     4  94          10    16 289          195
   1976   4    12 103          10     8 282          179
   1977   4     6  96          10    16 289          193
   1978   3    27  86          10    28 301          215
   1979   4     6  96          10    13 286          190
   1980   4    12 103          10    26 300          197
   1981   4     6  96          10     2 275          179
   1982   4    21 111          10    21 294          183
   1983   4    20 110          11    17 321          211
   1984   3    23  83          10    23 297          214
   1985   4     9  99          10     1 274          175
   1986   4    22 112          11     9 313          201
   1987   4     4  94          10    11 284          190
   1988   4    19 110          10    28 302          192
   1989   4    12 102          10    20 293          191
   1990   4    12 102          11     7 311          209
   1991   3    30  89          10    19 292          203
   1992   4    12 103          10    17 291          188
   1993   4     2  92          10    30 303          211
   1994   4     7  97          10    26 299          202
   1995   4     5  95          11     3 307          212
   1996   4     9 100          10    31 305          205
   1997   4    17 107          10    22 295          188
   1998   3    24  83          11     6 310          227
             MEAN= 99              MEAN=296     MEAN=196
 
 LENGTH OF SEASON FOR STATION NUMBER 4063   BASE TEMP=24
 LAST SPRING OCCURENCE FIRST FALL OCCURENCE  LENGTH OF SEASON
   YEAR MONTH DAY DOY         MONTH DAY DOY
   1951   3    25  84          10    31 304          220
   1952   4    10 101          10     6 280          179
   1953   4    18 108          11     5 309          201
   1954   4     4  94          10    31 304          210
   1955   3    28  87          11     3 307          220
   1956   3    29  89          11    10 315          226
   1957   4    14 104          10    25 298          194
   1958   4    29 119          11    26 330          211
   1959   3    22  81          11     5 309          228
   1960   4    10 101          10    20 294          193
   1961   4    16 106          11     3 307          201
   1962   4    15 105          11     5 309          204
   1963   3    22  81          11     2 306          225
   1964   3    30  90          11    20 325          235
   1965   3    30  89          10    28 301          212
   1966   4    21 111          10    17 290          179
   1967   4    24 114          10    11 284          170
   1968   4     5  96          10    25 299          203
   1969   3    31  90          10    27 300          210
   1970   4     4  94          10    16 289          195
   1971   4    10 100          11     6 310          210
   1972   4     8  99          10    19 293          194
   1973   4    13 103          11     5 309          206
   1974   3    25  84          10     2 275          191
   1975   4     4  94          11    14 318          224
   1976   3    22  82          10     8 282          200
   1977   4     6  96          11    10 314          218
   1978   3    27  86          11     7 311          225
   1979   4     6  96          10    13 286          190
   1980   3    22  82          10    26 300          218
   1981   4     6  96          10     8 281          185
   1982   4    21 111          11     4 308          197
   1983   4    19 109          11    17 321          212
   1984   3    23  83          10    29 303          220
   1985   4     9  99          11     4 308          209
   1986   3    21  80          11    10 314          234
   1987   4     4  94          10    11 284          190
   1988   3    30  90          10    28 302          212
   1989   4    10 100          11    15 319          219
   1990   4    12 102          11     7 311          209
   1991   3    30  89          10    19 292          203
   1992   4     2  93          10    17 291          198
   1993   4     2  92          10    31 304          212
   1994   4     3  93          10    26 299          206
   1995   4     5  95          11     3 307          212
   1996   4     9 100          11     1 306          206
   1997   4    15 105          10    27 300          195
   1998   3    24  83          11     6 310          227
             MEAN= 95              MEAN=302     MEAN=207
 
 THESE ARE THE MONTHLY AVG. MAX TEMPS 1951-1998 FOR STATION #4063
 YEAR    JAN   FEB  MARCH APRIL  MAY  JUNE  JULY AUGUST SEPT   OCT   NOV   DEC   ANN
  
 1951   31.2  35.9  40.0  56.3  75.7  77.0  84.9  84.4  73.6  64.4  44.6  30.8  58.2
 1952   34.0  41.7  42.7  64.0  72.8  88.0  88.1  82.6  81.9  65.6  51.2  35.5  62.3
 1953   33.1  40.0  49.0  56.3  72.7  85.8  88.3  89.3  83.0  75.0  55.9  41.3  64.1
 1954   33.5  51.4  45.4  67.7  69.8  86.0  93.4  85.2  81.7  64.7  54.7  38.4  64.3
 1955   31.0  32.9  49.7  70.7  76.9  80.9  92.7  93.1  83.2  68.0  44.1  33.8  63.1
 1956   30.7  36.9  49.0  62.5  78.2  89.6  88.8  86.0  81.2  75.6  49.4  39.8  64.0
 1957   26.9  41.4  48.3  61.6  72.0  82.7  92.2  86.8  73.8  60.5  44.8  42.1  61.1
 1958   33.0  28.8  42.9  63.2  77.2  79.9  81.4  85.9  78.0  71.7  54.6  35.0  61.0
 1959   27.4  33.9  47.2  62.1  73.4  83.6  84.5  86.6  75.2  60.1  41.5  41.7  59.8
 1960   29.5  28.4  31.4  63.4  72.2  79.3  85.8  85.3  78.3  65.8  53.0  37.3  59.1
 1961   35.0  41.1  46.7  56.6  70.1  81.4  84.6  84.3  73.0  67.6  47.0  29.3  59.7
 1962   25.5  30.1  39.7  61.3  79.6  80.7  83.3  84.8  74.0  66.3  50.4  35.9  59.3
 1963   20.7  32.0  51.2  64.5  71.5  86.5  87.2  82.4  77.3  77.9  55.0  26.2  61.0
 1964   39.9  40.4  46.4  63.4  78.4  80.9  87.7  82.4  73.7  65.1  54.2  34.2  62.2
 1965   30.5  33.5  33.0  61.0  79.8  81.0  86.9  85.3  74.2  69.5  54.3  46.8  61.3
 1966   26.1  38.9  54.8  60.4  73.3  81.2  89.9  83.1  75.9  70.1  52.9  37.0  62.0
 1967   37.6  37.2  55.7  65.2  72.0  80.4  85.4  84.7  76.7  65.1  48.2  38.8  62.3
 1968   32.0  36.5  60.1  66.6  72.3  85.9  86.6  86.3  77.5  69.3  46.3  33.5  62.7
 1969   27.8  35.6  42.3  65.8  75.1  80.0  86.3  85.6  77.6  62.8  52.4  34.0  60.4
 1970   24.5  44.5  44.4  66.3  78.7  84.0  89.2  85.6  77.5  64.5  48.3  38.9  62.2
 1971   28.2  32.2  46.5  67.9  71.7  89.0  84.7  86.9  82.4  72.7  51.4  37.7  62.6
 1972   31.0  34.8  51.8  64.8  75.0  84.4  85.9  85.4  78.6  63.5  43.2  29.9  60.7
 1973   33.6  38.9  54.4  60.9  72.2  85.8  85.8  87.0  75.8  72.3  50.7  31.8  62.4
 1974   30.8  40.1  53.4  66.5  70.9  80.7  93.3  81.8  74.6  67.7  49.6  37.0  62.2
 1975   33.3  32.0  40.6  59.3  78.3  82.1  88.5  89.0  73.1  72.0  55.4  39.9  62.0
 1976   36.7  49.0  51.7  67.7  72.3  83.4  88.7  85.1  79.0  61.8  45.8  35.6  63.1
 1977   22.2  43.0  56.3  70.9  80.6  87.6  92.8  84.0  77.8  63.4  48.7  32.5  63.3
 1978   22.0  25.4  43.9  63.4  71.4  84.5  85.6  85.8  83.9  66.1  48.6  33.7  59.5
 1979   17.4  25.6  46.1  58.2  75.1  83.8  85.5  84.5  81.9  68.4  47.4  43.0  59.7
 1980   31.9  32.5  46.5  66.5  77.5  83.0  90.3  88.6  81.0  64.1  53.1  38.3  62.8
 1981   39.3  43.4  56.0  72.4  72.5  84.2  84.2  82.1  78.6  63.3  50.6  33.8  63.4
 1982   20.1  33.4  45.7  58.7  73.8  77.3  86.2  82.1  75.0  67.1  48.1  40.6  59.0
 1983   35.3  41.4  48.0  54.2  69.4  83.2  92.1  95.2  78.8  64.3  47.1  18.4  60.6
 1984   29.9  46.0  38.5  58.2  70.2  83.8  86.8  88.8  76.7  64.9  52.2  40.6  61.4
 1985   28.6  32.3  54.1  69.8  77.2  80.1  86.6  82.1  76.5  63.7  39.6  25.6  59.7
 1986   38.6  30.9  55.6  68.1  74.1  85.4  87.9  80.4  78.2  63.7  45.5  37.6  62.2
 1987   37.3  48.4  53.7  70.5  78.7  86.0  88.1  82.6  76.1  63.4  52.6  36.9  64.5
 1988   30.7  34.0  54.2  67.0  78.7  87.2  89.3  90.7  78.5  60.2  50.3  41.2  63.5
 1989   43.2  25.5  48.2  64.8  72.7  79.5  87.2  84.2  72.6  65.5  49.5  26.2  59.9
 1990   42.2  42.4  51.2  60.9  67.7  80.6  82.3  83.8  78.9  65.1  55.6  31.5  61.9
 1991   24.9  43.4  55.0  64.7  75.6  83.8  86.0  85.5  78.9  65.6  40.7  39.0  61.9
 1992   41.0  44.2  53.9  60.4  74.0  81.9  80.8  79.0  74.3  65.7  41.6  35.2  61.0
 1993   30.6  28.3  43.2  58.7  71.8  78.6  82.4  83.3  68.7  60.8  46.7  37.6  57.6
 1994   22.8  31.9  53.1  62.6  73.6  81.4  83.5  82.8  75.8  66.0  50.6  38.3  60.2
 1995   28.1  38.8  48.9  56.5  65.6  77.7  84.3  86.7  72.7  63.5  41.5  33.9  58.2
 1996   27.5  34.5  42.7  58.6  64.6  77.3  81.1  80.4  72.0  64.5  38.6  30.8  56.1
 1997   27.3  34.9  50.4  55.1  65.6  80.4  84.6  80.5  76.3  63.4  43.2  34.8  58.0
 1998   33.8  43.5  40.0  59.6  74.1  76.3  83.7  83.3  80.5  65.1  52.0  41.6  61.1
 MEANS  30.8  36.9  48.0  63.0  73.7  82.6  86.8  85.0  77.2  66.2  48.8  35.7  61.2
 
 THESE ARE THE MONTHLY AVG. MIN TEMPS 1951-1998 FOR STATION #4063
 YEAR    JAN   FEB  MARCH APRIL  MAY  JUNE  JULY AUGUST SEPT   OCT   NOV   DEC   ANN
  
 1951   12.0  17.0  19.9  36.4  50.9  55.1  60.8  59.5  48.5  43.3  22.6  12.9  36.6
 1952   13.2  25.3  24.9  38.8  49.9  63.3  62.7  60.8  52.2  32.9  28.0  22.3  39.5
 1953   17.4  22.8  29.8  35.1  50.1  61.9  63.5  59.7  51.2  46.4  32.0  21.8  41.0
 1954   10.2  28.5  24.5  43.3  45.3  64.4  67.9  64.4  56.7  44.5  33.0  23.0  42.1
 1955   14.9  14.6  25.3  45.5  52.8  57.2  70.1  65.3  55.5  42.5  21.8  14.1  40.0
 1956   13.3  17.2  25.2  35.9  51.6  63.5  63.1  63.8  50.8  48.3  29.7  20.8  40.3
 1957    8.2  22.7  26.4  40.3  49.4  59.3  68.5  63.6  51.2  40.8  29.1  24.0  40.3
 1958   18.0   8.0  26.5  39.7  51.5  57.2  61.9  63.0  54.9  43.4  32.2  14.6  39.2
 1959    8.1  16.1  28.4  39.7  53.7  60.8  62.1  67.3  54.2  40.2  22.2  27.2  40.0
 1960   13.9  12.1  13.0  42.8  49.7  59.0  62.6  64.0  56.2  42.1  30.8  17.3  38.6
 1961   12.0  20.9  30.8  35.7  47.9  59.1  63.6  62.4  53.0  44.8  31.4  13.9  39.6
 1962    6.6  16.8  22.3  37.2  58.2  59.8  63.5  62.5  51.4  47.1  32.2  17.7  39.6
 1963    3.8  12.2  32.8  43.2  51.6  63.0  65.7  62.5  56.1  53.2  34.4   8.1  40.6
 1964   20.5  19.4  24.2  40.7  56.1  61.1  66.8  58.7  54.6  39.4  33.9  15.3  40.9
 1965   10.9  13.1  17.1  41.4  46.3  51.1  57.8  51.4  45.9  40.0  28.7  23.6  35.6
 1966    5.3  13.5  29.4  34.7  44.0  58.7  65.9  55.6  48.1  37.0  28.6  14.8  36.3
 1967   15.1  14.1  28.4  41.5  45.7  59.5  58.8  55.9  46.8  40.7  26.2  21.5  37.9
 1968   12.9  12.0  30.4  39.0  45.3  62.4  62.3  62.1  50.8  42.6  25.5  16.1  38.5
 1969   11.5  21.2  19.9  40.6  51.7  55.0  66.3  60.9  53.5  39.8  26.3  18.0  38.7
 1970    2.9  16.8  24.2  40.6  54.1  60.1  62.7  62.1  54.3  42.2  29.7  19.7  39.1
 1971    6.8  14.9  26.2  39.3  44.8  64.5  59.4  57.4  54.3  47.6  32.1  23.4  39.2
 1972   10.2  12.8  27.6  38.0  50.6  57.1  62.9  63.4  55.7  39.4  29.7  12.8  38.4
 1973   15.8  20.6  36.9  39.6  48.8  61.1  64.7  63.9  55.7  47.5  31.2  14.1  41.7
 1974   11.3  19.5  30.7  42.8  52.8  56.9  66.7  59.1  46.6  41.3  29.9  20.3  39.8
 1975   13.6  15.6  19.9  37.3  53.2  60.3  64.5  64.4  49.1  39.9  33.2  20.7  39.3
 1976   12.0  24.5  32.1  43.1  47.1  57.7  64.2  59.2  50.1  33.7  18.6   9.0  37.6
 1977   -2.4  16.1  32.4  44.4  55.9  59.1  65.9  58.9  55.8  41.5  30.2  14.3  39.3
 1978    1.0   2.0  22.0  40.1  51.2  59.3  64.7  60.4  56.6  39.4  30.3  16.0  36.9
 1979   -2.0   3.8  26.9  36.7  47.9  57.8  61.0  60.2  47.0  37.7  24.4  18.4  35.0
 1980   14.4  12.4  24.4  38.4  48.5  57.9  64.4  62.4  53.1  35.1  28.1  18.4  38.1
 1981   13.4  18.3  29.5  44.7  46.7  58.5  63.4  57.3  48.6  35.7  29.5  12.3  38.1
 1982   -3.0   9.0  20.8  31.8  50.3  50.5  59.0  60.5  53.3  41.4  29.0  23.9  35.5
 1983   20.3  24.2  30.4  34.9  46.2  60.0  64.6  64.0  52.5  42.8  32.3   2.6  39.6
 1984   11.5  25.3  22.7  37.4  46.5  58.9  59.2  58.5  48.9  43.2  27.7  17.8  38.1
 1985    3.7  12.0  30.0  43.0  50.4  53.8  59.4  55.0  52.3  38.3  23.4   5.5  35.6
 1986   19.2  16.4  33.4  43.4  53.1  64.2  68.5  59.5  58.8  45.3  25.4  22.8  42.5
 1987   19.4  25.7  32.9  43.1  55.2  63.9  66.8  59.8  52.2  36.2  33.5  22.9  42.6
 1988    9.5  14.1  28.4  37.0  52.9  60.7  63.4  65.5  54.5  35.7  30.1  17.6  39.1
 1989   23.4   5.9  26.8  40.0  48.2  57.7  66.0  62.2  50.2  42.2  23.5   6.7  37.7
 1990   22.5  20.4  32.1  39.3  48.0  61.8  65.0  64.6  56.3  40.2  32.7  13.9  41.4
 1991    5.5  21.8  31.8  43.5  57.8  63.8  64.5  62.6  53.8  41.2  22.9  22.9  41.0
 1992   22.7  27.3  32.5  38.9  49.8  57.0  62.5  57.6  52.9  42.9  30.0  21.0  41.3
 1993   14.2  15.3  27.4  38.6  52.4  59.6  66.5  65.0  49.2  40.6  27.2  19.9  39.7
 1994    4.9  12.0  28.3  39.4  49.6  62.2  61.9  60.2  52.0  42.6  29.9  21.3  38.7
 1995   10.1  16.4  27.6  34.7  46.5  59.5  63.4  66.1  48.7  39.9  21.5  16.9  37.6
 1996    7.5  11.6  18.9  34.0  47.9  59.7  60.1  60.6  49.4  40.2  22.8  14.1  35.6
 1997    5.3  18.9  26.7  33.9  42.4  59.7  63.1  60.4  53.4  39.8  27.1  21.5  37.7
 1998   18.0  29.0  24.4  39.7  54.4  57.0  65.2  64.1  57.2  42.1  31.8  19.5  41.9
 MEANS  11.2  16.9  26.8  39.3  50.1  59.4  63.7  61.2  52.4  41.3  28.5  17.4  39.0
 
 THESE ARE THE MONTHLY AVG. MEAN TEMPS 1951-1998 FOR STATION #4063
 YEAR    JAN   FEB  MARCH APRIL  MAY  JUNE  JULY AUGUST SEPT   OCT   NOV   DEC   ANN
  
 1951   21.6  26.4  30.0  46.3  63.3  66.0  72.9  71.9  61.1  53.9  33.6  21.9  47.4
 1952   23.6  33.5  33.8  51.4  61.4  75.6  75.4  71.7  67.1  49.3  39.6  28.9  50.9
 1953   25.2  31.4  39.4  45.7  61.4  73.8  75.9  74.5  67.1  60.7  44.0  31.6  52.6
 1954   21.9  39.9  35.0  55.5  57.5  75.2  80.7  74.8  69.2  54.6  43.9  30.7  53.2
 1955   22.9  23.8  37.5  58.1  64.8  69.0  81.4  79.2  69.3  55.3  33.0  23.9  51.5
 1956   22.0  27.1  37.1  49.2  64.9  76.5  75.9  74.9  66.0  62.0  39.5  30.3  52.1
 1957   17.5  32.0  37.3  51.0  60.7  71.0  80.3  75.2  62.5  50.6  37.0  33.0  50.7
 1958   25.5  18.4  34.7  51.5  64.4  68.5  71.6  74.5  66.4  57.5  43.4  24.8  50.1
 1959   17.7  25.0  37.8  50.9  63.6  72.2  73.3  77.0  64.7  50.1  31.8  34.5  49.9
 1960   21.7  20.3  22.2  53.1  61.0  69.1  74.2  74.7  67.3  54.0  41.9  27.3  48.9
 1961   23.5  31.0  38.8  46.1  59.0  70.3  74.1  73.3  63.0  56.2  39.2  21.6  49.7
 1962   16.0  23.5  31.0  49.3  68.9  70.3  73.4  73.7  62.7  56.7  41.3  26.8  49.5
 1963   12.2  22.1  42.0  53.8  61.5  74.7  76.5  72.5  66.7  65.5  44.7  17.1  50.8
 1964   30.2  29.9  35.3  52.0  67.2  71.0  77.2  70.5  64.1  52.3  44.0  24.7  51.6
 1965   20.7  23.3  25.1  51.2  63.0  66.1  72.4  68.3  60.1  54.7  41.5  35.2  48.5
 1966   15.7  26.2  42.1  47.5  58.6  70.0  77.9  69.3  62.0  53.5  40.7  25.9  49.1
 1967   26.4  25.6  42.0  53.4  58.8  70.0  72.1  70.3  61.8  52.9  37.2  30.2  50.1
 1968   22.5  24.3  45.2  52.8  58.8  74.1  74.5  74.2  64.1  56.0  35.9  24.8  50.6
 1969   19.6  28.4  31.1  53.2  63.4  67.5  76.3  73.3  65.6  51.3  39.3  26.0  49.6
 1970   13.7  30.6  34.3  53.5  66.4  72.0  76.0  73.9  65.9  53.3  39.0  29.3  50.7
 1971   17.5  23.6  36.4  53.6  58.2  76.8  72.0  72.1  68.4  60.2  41.7  30.5  50.9
 1972   20.6  23.8  39.7  51.4  62.8  70.8  74.4  74.4  67.2  51.4  36.4  21.3  49.5
 1973   24.7  29.8  45.7  50.2  60.5  73.5  75.3  75.4  65.7  59.9  41.0  23.0  52.1
 1974   21.0  29.8  42.0  54.7  61.9  68.8  80.0  70.4  60.6  54.5  39.8  28.7  51.0
 1975   23.5  23.8  30.3  48.3  65.7  71.2  76.5  76.7  61.1  55.9  44.3  30.3  50.6
 1976   24.4  36.7  41.9  55.4  59.7  70.6  76.4  72.1  64.6  47.8  32.2  22.3  50.3
 1977    9.9  29.5  44.4  57.7  68.2  73.4  79.3  71.4  66.8  52.5  39.4  23.4  51.3
 1978   11.5  13.7  33.0  51.7  61.3  71.9  75.2  73.1  70.3  52.7  39.4  24.9  48.2
 1979    7.7  14.7  36.5  47.4  61.5  70.8  73.2  72.3  64.4  53.1  35.9  30.7  47.4
 1980   23.2  22.4  35.5  52.4  63.0  70.5  77.3  75.5  67.0  49.6  40.6  28.3  50.4
 1981   26.3  30.8  42.8  58.5  59.6  71.3  73.8  69.7  63.6  49.5  40.0  23.0  50.8
 1982    8.5  21.2  33.3  45.3  62.0  63.9  72.6  71.3  64.2  54.3  38.5  32.2  47.3
 1983   27.8  32.8  39.2  44.5  57.8  71.6  78.4  79.6  65.6  53.5  39.7  10.5  50.1
 1984   20.7  35.7  30.6  47.8  58.3  71.3  73.0  73.7  62.8  54.0  40.0  29.2  49.8
 1985   16.1  22.1  42.1  56.4  63.8  66.9  73.0  68.6  64.4  51.0  31.5  15.5  47.6
 1986   28.9  23.6  44.5  55.8  63.6  74.8  78.2  69.9  68.5  54.5  35.5  30.2  52.3
 1987   28.3  37.0  43.3  56.8  67.0  74.9  77.5  71.2  64.1  49.8  43.0  29.9  53.6
 1988   20.1  24.0  41.3  52.0  65.8  73.9  76.3  78.1  66.5  48.0  40.2  29.4  51.3
 1989   33.3  15.7  37.5  52.4  60.4  68.6  76.6  73.2  61.4  53.9  36.5  16.5  48.8
 1990   32.4  31.4  41.6  50.1  57.9  71.2  73.6  74.2  67.6  52.6  44.1  22.7  51.6
 1991   15.2  32.6  43.4  54.1  66.7  73.8  75.3  74.1  66.4  53.4  31.8  31.0  51.5
 1992   31.9  35.7  43.2  49.6  61.9  69.4  71.7  68.3  63.6  54.3  35.8  28.1  51.1
 1993   22.4  21.8  35.3  48.7  62.1  69.1  74.4  74.1  58.9  50.7  36.9  28.8  48.6
 1994   13.9  22.0  40.7  51.0  61.6  71.8  72.7  71.5  63.9  54.3  40.3  29.8  49.5
 1995   19.1  27.6  38.2  45.6  56.1  68.6  73.8  76.4  60.7  51.7  31.5  25.4  47.9
 1996   17.5  23.0  30.8  46.3  56.3  68.5  70.6  70.5  60.7  52.4  30.7  22.5  45.8
 1997   16.3  26.9  38.6  44.5  54.0  70.1  73.9  70.5  64.8  51.6  35.1  28.2  47.9
 1998   25.9  36.3  32.2  49.7  64.3  66.7  74.5  73.7  68.9  53.6  41.9  30.5  51.5
 MEANS  21.0  26.9  37.4  51.2  61.9  71.0  75.2  73.1  64.8  53.8  38.6  26.6  50.1
 
 THESE ARE THE MONTHLY PRECIP TOTALS AND NUMBER OF MISSING DAYS 1951-1998 FOR STATION #4063
 YEAR    JAN   FEB  MARCH APRIL  MAY  JUNE  JULY AUGUST SEPT   OCT   NOV   DEC   ANN
  
 1951   0.92  3.53  5.23  4.90  6.58  7.24  4.08  4.06  1.79  4.22  2.19  1.18 45.92
           0     0     0     0     0     0     0     0     0     0     0     0     0
 1952   0.66  0.80  4.17  1.99  4.30  5.61  4.59  4.10  0.83  0.00  5.71  1.20 33.96
           1     0     0     0     0     0     0     0     0     0     0     0     1
 1953   0.59  2.35  3.10  2.87  1.87  7.80  1.93  0.60  0.79  0.56  0.83  1.36 24.65
           0     0     0     0     0     0     0     0     0     0     0     0     0
 1954   0.06  1.41  1.81  5.13  4.60  4.53  0.37 10.58  2.10  3.02  0.17  1.16 34.94
           0     0     0     0     0     0     0     0     0     0     0     0     0
 1955   1.94  1.46  0.77  2.56  3.10  1.95  3.25  1.96  5.76  0.98  0.32  0.38 24.43
           0     0     0     0     0     0     0     0     0     0     0     0     0
 1956   0.47  0.69  0.47  1.60  2.39  1.52  3.61  5.40  1.39  1.78  1.81  0.52 21.65
           0     0     0     0     0     0     0     0     0     0     0     0     0
 1957   0.67  0.09  2.38  3.78  3.39  3.66  1.69  4.16  2.59  3.51  1.77  1.62 29.31
           0     0     0     0     0     0     0     0     0     0     0     0     0
 1958   0.73  0.75  0.59  1.62  3.14  2.73  9.66  0.64  2.89  0.05  2.61  0.13 25.54
           0     0     0     0     0     0     0     0     0     0     0     0     0
 1959   0.52  0.64  2.50  3.72  7.76  6.09  3.35  4.31  3.95  2.66  0.95  1.73 38.18
           0     0     0     0     0     0     0     0     0     0     0     0     0
 1960   3.76  2.35  1.30  1.99  6.33  3.54  3.46  4.92  4.43  2.79  0.28  0.45 35.60
           0     0     0     0     0     0     0     0     0     0     0     0     0
 1961   0.32  2.48  4.63  1.89  2.09  4.18  5.04  2.43  9.73  2.84  3.44  2.27 41.34
           0     0     0     0     0     0     0     0     0     0     0     0     0
 1962   0.84  1.10  1.69  2.39  5.14  5.10  2.29  4.57  2.28  3.70  0.96  0.53 30.59
           0     0     0     0     0     0     0     0     0     0     0     0     0
 1963   0.60  0.37  2.55  5.03  3.77  1.38  5.93  5.98  1.44  0.30  1.51  0.50 29.36
           0     0     0     0     0     0     0     0     0     0     0     0     0
 1964   0.22  0.34  1.06  4.55  3.77  6.02  2.58  3.80  5.06  0.26  1.03  0.74 29.43
           0     0     0     0     0     0     0     0     0     0     0     0     0
 1965   1.82  1.11  2.77  5.98  4.08  5.40  0.24  3.00  7.65  0.77  1.76  2.27 36.85
           0     0     0     0     0     0     0     0     0     0     0     0     0
 1966   1.51  0.12  1.31  1.60  5.84  6.48  2.54  2.71  1.02  0.54  0.71  0.85 25.23
           0     0     0     0     0     0     0     0     0     0     0     0     0
 1967   0.92  0.58  2.38  4.21  2.70  6.96  0.89  0.71  2.20  2.48  0.75  1.42 26.20
           0     0     0     0     0     0     0     0     0     0     0     0     0
 1968   0.93  0.23  1.30  5.68  2.25  2.87  4.36  2.78  1.71  3.23  1.44  2.58 29.36
           0     0     0     0     0     0     0     0     0     0     0     0     0
 1969   0.80  1.40  1.42  5.02  4.42  7.22  5.87  3.07  3.02  4.25  0.03  2.05 38.57
           0     0     0     0     0     0     0     0     0     0     0     0     0
 1970   0.46  0.06  2.81  2.23  3.82  3.31  2.56  6.65  7.09  5.64  1.16  1.21 37.00
           0     0     0     0     0     0     0     0     0     0     0     0     0
 1971   2.00  1.95  0.27  1.33  5.75  3.40  2.17  1.28  2.79  3.56  3.80  0.83 29.13
           0     0     0     0     0     0     0     0     0     0     0     0     0
 1972   0.54  0.79  0.80  3.53  4.35  2.48  6.44  5.27  7.84  2.66  3.49  2.61 40.80
           0     0     0     0     0     0     0     0     0     0     0     0     0
 1973   2.95  2.74  5.12  5.37  6.26  2.61  8.64  2.10  7.34  5.84  2.08  3.17 54.22
           0     0     0     0     0     0     0     0     0     0     0     0     0
 1974   1.47  1.16  1.80  5.85  6.76  4.00  1.52  5.40  1.99  3.36  1.54  1.49 36.34
           0     0     0     0     0     0     0     0     0     0     0     0     0
 1975   1.46  1.63  2.29  3.72  2.59  6.67  0.04  3.70  2.68  0.19  3.24  0.58 28.79
           0     0     0     0     0     0     0     0     0     0     0     0     0
 1976   0.25  2.12  3.03  6.59  3.86  2.91  2.84  1.05  1.24  1.72  0.21  0.00 25.82
           0     0     0     0     0     0     0     0     0     0     0     0     0
 1977   0.39  0.32  4.01  2.41  2.63  1.32  2.64 14.85  3.15  6.80  0.96  0.92 40.40
           0     0     0     0     0     0     0     0     0     0     0     0     0
 1978   0.45  1.28  0.62  5.24  4.46  5.38  4.79  2.56  8.38  1.70  3.01  1.41 39.28
           0     0     0     0     0     0     0     0     0     0     0     0     0
 1979   1.76  0.48  3.32  4.09  1.83  4.70  3.51  1.96  0.48  3.43  1.35  0.26 27.17
           0     0     0     0     0     0     0     0     0     0     0     0     0
 1980   0.86  0.50  0.83  1.37  1.58 11.37  2.94  7.10  2.17  2.57  0.65  0.52 32.46
           0     0     0     0     0     0     0     0     0     0     0     1     1
 1981   0.00  1.33  0.47  4.12  1.81  5.39  7.20  2.50  2.86  2.04  2.40  0.69 30.81
           0     0     0     0     0     0     0     0     0     0     0     0     0
 1982   1.71  0.44  3.32  3.29  9.08  1.82  7.19  5.73  4.39  2.74  2.90  3.22 45.83
           0     0     0     0     0     0     1     0     0     0     0     0     1
 1983   1.13  0.84  3.25  3.17  4.35  3.34  0.93  1.92  0.00  0.00  2.68  1.29 22.90
           0     0     0     0     0     0     0     0    30    31     9     0    70
 1984   0.71  0.70  1.71  6.06  5.90  6.09  5.08  0.04  1.34  4.41  2.62  2.19 36.85
           0     0     0     0     0     0     0     0     1     0     0     0     1
 1985   0.86  2.34  2.33  0.14  3.09  6.39  4.30  2.17  5.40  3.92  2.61  1.66 35.21
           0     0     0     0     0     0     0     0     0     0     0     0     0
 1986   0.11  1.18  2.11  3.71  5.66  3.76  5.39  4.47  6.12  3.61  0.49  0.00 36.61
           0     0     0     0     0     0     0     1     0     0    15    31    47
 1987   0.34  0.00  2.95  2.76  4.88  2.29  6.22  0.00  0.00  0.00  0.00  1.49 20.93
           0    28     0     0     0     0     0    31    30    31    30     0   150
 1988   0.00  0.00  0.00  0.00  0.97  2.92  2.36  2.74  3.02  0.22  2.97  0.69 15.89
          31    29    31    30    12     0     0     0     0     0     0     0   133
 1989   1.42  0.85  0.26  1.47  4.45  2.38  4.28  3.25  4.50  3.60  0.05  0.34 26.85
           0     0     0     0     0     0     0     0     0     0     0     0     0
 1990   1.49  0.76  4.64  3.73  5.10  9.16  7.19  1.77  1.58  2.62  2.27  1.54 41.85
           0     0     0     0     0     0     0     0     0     0     0     1     1
 1991   0.65  0.12  4.10  8.71  4.24  3.61  1.17  2.77  1.21  3.70  3.72  2.12 36.12
           0     0     0     0     0     0     0     0     0     0     0     0     0
 1992   0.79  1.91  1.73  4.80  1.04  0.60  8.70  2.10  7.64  0.26  4.30  1.87 35.74
           0     0     0     0     0     0     0     0     0     0     0     0     0
 1993   1.26  1.23  2.68  2.31  7.08  7.61 10.48  9.72  7.99  2.57  1.06  0.59 54.58
           0     0     0     0     0     0     0     0     0     0     0     0     0
 1994   1.05  1.75  0.03  1.74  2.86  3.61  1.47  3.36  3.15  0.90  1.97  1.28 23.17
           0     0     0     0     0     0     0     0     0     0     0     0     0
 1995   0.66  0.52  2.32  5.22  5.70  4.45  3.88  1.73  3.12  1.28  1.80  0.43 31.11
           0     0     0     0     0     0     0     0     0     0     0     0     0
 1996   1.86  0.57  1.17  2.24 11.12  5.94  2.25  1.46  3.47  3.47  2.21  0.22 35.98
           0     0     0     0     0     0     0     0     0     0     0     0     0
 1997   0.86  1.39  0.78  3.05  5.86  4.87  2.81  3.63  2.44  5.25  1.06  1.37 33.37
           0     0     0     0     0     0     0     0     0     0     0     0     0
 1998   0.61  1.24  4.47  2.70  5.92  5.59  2.99  4.31  1.28  4.84  2.70  0.38 37.03
           0     0     0     0     0     0     0     0     0     0     0     0     0
 
 MEANS  0.97  1.08  2.18  3.49  4.39  4.55  3.91  3.65  3.44  2.52  1.82  1.19 33.19
 PRECIPITATION MEANS AND TOTALS ARE BASED ON DATA AVAILABLE
 NO ATTEMPT WAS MADE TO ESTIMATE MISSING PRECIPITATION DATA
 *****************************************************************************************
 *****************************************************************************************
 
 THESE ARE THE MONTHLY HEATING DEGREE DAYS 1951-1998 FOR STATION #4063
 YEAR    JAN    FEB   MARCH  APRIL   MAY    JUNE   JULY  AUGUST  SEPT   OCT   NOV   DEC
 
 1951  1345.0 1079.5 1086.0  575.5  107.5   61.5    2.5   11.0  143.5  381.0  942.0 1337.0
 1952  1282.5  912.5  967.5  424.5  167.0    2.5    0.0    8.5   60.0  488.5  761.0 1120.0
 1953  1233.5  940.5  792.5  581.5  189.5    5.0    0.0    0.0   62.0  206.5  631.5 1036.5
 1954  1336.5  702.0  931.0  312.0  258.5   36.0    0.0    0.5   35.0  355.5  634.0 1062.5
 1955  1304.0 1155.0  853.5  223.0   85.0   40.5    0.0    0.5   62.5  316.0  960.5 1273.0
 1956  1333.5 1100.5  865.0  486.0  123.5   13.0    0.0   12.0   82.0  132.5  764.0 1075.0
 1957  1471.5  923.0  858.0  432.0  163.0   13.5    0.0    1.5  110.0  445.5  841.0  990.5
 1958  1224.0 1305.0  939.5  411.5   99.5   26.5    2.5   23.5   59.0  271.5  648.5 1246.0
 1959  1465.0 1119.5  843.5  425.5  127.5   14.5    8.0    0.0  122.5  460.5  995.5  947.0
 1960  1342.0 1297.5 1327.5  389.5  155.0   17.5    1.5    0.5   71.5  349.5  693.5 1169.0
 1961  1286.0  952.5  813.5  568.5  219.0   18.0    0.0    2.5  156.0  278.5  774.0 1345.0
 1962  1518.0 1162.5 1054.0  483.5   35.5   24.5    1.5    1.0  131.5  295.0  710.5 1185.0
 1963  1635.5 1201.0  713.0  346.0  156.0    4.0    0.0   12.5   52.0   77.5  609.0 1484.5
 1964  1077.5 1017.5  921.0  399.5   63.5   21.5    0.0   26.0  113.0  394.5  629.0 1248.0
 1965  1373.5 1167.0 1237.5  424.5  110.0   39.0    0.0   25.0  160.5  334.5  704.0  922.5
 1966  1528.0 1086.5  710.5  523.5  242.0   27.0    0.0   20.5  134.0  373.5  728.0 1213.0
 1967  1197.0 1102.5  722.0  367.0  267.0   24.5   25.5   27.5  126.0  405.5  834.5 1079.0
 1968  1319.0 1181.0  613.5  372.5  214.5   11.0    5.5    6.0   87.5  327.5  873.0 1246.0
 1969  1407.0 1024.5 1051.5  355.0  140.0   53.0    0.0    0.0   61.5  455.0  770.0 1209.0
 1970  1589.5  962.5  952.5  381.0   97.5    9.5    4.5    2.0   95.5  371.0  780.0 1106.5
 1971  1473.5 1160.0  888.0  357.0  232.0    1.0   14.5    3.5   98.0  195.5  698.0 1068.0
 1972  1376.5 1195.5  783.0  413.0  133.0   24.5    8.5    3.5   87.0  424.0  857.0 1353.5
 1973  1248.5  987.0  599.5  444.5  158.0    0.0    0.0    0.0   71.5  189.0  721.5 1302.5
 1974  1363.0  985.0  711.5  319.0  152.5   31.0    0.0   15.0  171.5  327.5  756.5 1126.5
 1975  1288.0 1153.0 1077.0  503.0   84.0   13.0    3.0    0.0  168.5  309.5  621.5 1076.0
 1976  1259.5  820.0  715.5  310.5  196.0    9.5    1.0    4.5   96.5  547.5  983.5 1324.0
 1977  1708.5  993.5  640.0  247.5   38.0    2.0    0.0    4.5   38.0  390.0  767.0 1289.5
 1978  1659.0 1436.0  996.0  398.0  194.0   13.0    0.0    7.0   50.5  383.0  767.0 1244.5
 1979  1776.0 1409.0  883.5  527.0  168.0   15.5    2.0   20.0   98.5  388.0  873.0 1064.0
 1980  1297.0 1234.0  916.0  400.0  122.5   19.5    0.5    0.5   83.5  477.0  732.5 1137.0
 1981  1198.5  957.0  689.5  233.5  206.0    0.5   12.5   21.0   92.0  480.5  748.5 1300.5
 1982  1750.5 1227.0  983.5  592.5  121.5   81.5    1.5   15.0  129.0  346.0  794.0 1015.5
 1983  1154.0  901.5  801.0  614.0  229.5   27.0    0.0    0.0  110.5  376.5  759.5 1689.5
 1984  1373.0  850.0 1067.0  522.0  230.5    2.0    4.0    8.0  169.0  344.5  751.0 1110.5
 1985  1514.5 1200.0  711.0  303.0   80.0   41.0    0.0   13.5  173.0  435.0 1004.0 1533.5
 1986  1119.5 1158.5  646.0  305.5   99.5    0.0    0.0   19.5   44.5  326.5  886.5 1077.5
 1987  1136.5  783.0  672.5  292.0   60.0    7.5    0.0   31.5   74.5  472.0  658.5 1088.0
 1988  1391.5 1188.0  734.0  392.5   53.0    9.0    2.0   10.5   49.0  531.0  744.0 1103.0
 1989   982.5 1380.5  857.5  421.0  189.5   38.0    0.0    5.0  159.5  360.5  855.0 1505.0
 1990  1011.0  940.0  725.5  470.0  225.0   22.0    6.0    1.0   92.5  395.5  627.0 1312.0
 1991  1542.5  907.5  678.0  341.5  103.5    1.0    0.0    2.0  130.0  378.0  995.5 1055.5
 1992  1027.0  849.0  676.5  469.5  154.5    9.0    0.5   27.0  127.5  340.0  877.0 1143.5
 1993  1320.5 1210.5  921.0  490.5  126.0   49.0    0.0    4.5  201.5  457.5  842.0 1123.5
 1994  1585.5 1204.5  753.5  442.0  148.5   19.0    0.0   14.0  118.5  342.5  742.0 1090.5
 1995  1423.5 1048.0  830.0  581.0  276.0   33.0    8.5    0.0  184.0  419.5 1005.0 1228.5
 1996  1472.5 1217.0 1060.5  565.0  302.0   50.0    5.0    0.0  183.5  399.5 1028.5 1318.5
 1997  1511.0 1068.0  819.0  615.0  347.0    6.0    9.5    6.0   81.5  462.5  896.0 1141.0
 1998  1212.0  804.5 1020.0  460.0   94.5   83.0    0.0    0.0   40.5  357.5  693.0 1068.5
 *****************************************************************************************
 MEANS 1395.7 1102.2  877.5  438.6  161.7   23.1    2.9    9.2  108.5  375.8  809.9 1219.6
 
 THESE ARE THE MONTHLY COOLING DEGREE DAYS 1951-1998 FOR STATION #4063
 YEAR    JAN   FEB  MARCH APRIL  MAY  JUNE  JULY AUGUST SEPT   OCT   NOV   DEC   ANN
 
 1951    0.0   0.0   0.0  15.0  54.5  92.0 246.5 225.0  26.0  35.5   0.0   0.0
 1952    0.0   0.0   0.0  15.5  54.5 321.0 322.5 215.5 121.5   0.5   0.0   0.0
 1953    0.0   0.0   0.0   1.5  79.0 270.5 337.0 294.0 125.0  73.0   0.0   0.0
 1954    0.0   0.0   0.0  27.5  27.5 341.5 485.5 304.5 161.5  32.5   0.0   0.0
 1955    0.0   0.0   0.0  17.0  80.0 161.0 507.5 440.0 192.0  14.0   0.0   0.0
 1956    0.0   0.0   0.0  12.5 119.5 359.0 339.0 319.0 112.0  38.5   0.0   0.0
 1957    0.0   0.0   0.0  10.5  29.5 194.0 475.5 317.0  34.5   0.0   0.0   0.0
 1958    0.0   0.0   0.0   5.0  80.5 132.5 208.5 317.0 102.5  40.5   0.0   0.0
 1959    0.0   0.0   0.0   2.5  83.0 231.0 264.5 371.0 113.0   0.0   0.0   0.0
 1960    0.0   0.0   0.0  31.5  29.5 141.5 286.0 300.0 139.5   7.0   0.0   0.0
 1961    0.0   0.0   0.0   2.0  32.0 175.5 282.0 260.5  96.0   6.0   0.0   0.0
 1962    0.0   0.0   0.0  11.5 156.0 182.0 261.5 269.5  61.5  37.5   0.0   0.0
 1963    0.0   0.0   0.5  11.5  48.0 296.0 356.0 243.5 103.0  94.5   0.0   0.0
 1964    0.0   0.0   0.0  11.0 132.5 201.5 379.0 198.0  87.0   0.0   0.0   0.0
 1965    0.0   0.0   0.0   9.5  49.0  70.5 229.0 128.5  12.5  16.0   0.0   0.0
 1966    0.0   0.0   0.0   0.0  45.0 176.0 399.5 154.5  43.0  18.5   0.0   0.0
 1967    0.0   0.0   9.5  18.0  76.0 174.0 244.5 193.0  28.5  31.0   0.0   0.0
 1968    0.0   0.0   1.0   5.5  22.0 285.0 298.5 291.0  61.5  48.0   0.0   0.0
 1969    0.0   0.0   0.0   0.0  89.5 127.5 349.5 256.0  79.0  30.0   0.0   0.0
 1970    0.0   0.0   0.0  34.5 141.5 220.5 344.0 276.5 122.0   9.5   0.0   0.0
 1971    0.0   0.0   0.0  15.5  22.5 353.5 233.0 225.0 199.0  45.5   0.0   0.0
 1972    0.0   0.0   0.0   4.5  65.0 197.0 300.5 295.0 151.5   2.5   0.0   0.0
 1973    0.0   0.0   0.0   1.5  18.5 254.0 318.0 323.5  93.5  31.0   0.0   0.0
 1974    0.0   0.0   0.0   8.5  56.0 144.5 465.0 183.5  40.0   2.5   0.0   0.0
 1975    0.0   0.0   0.0   2.0 106.5 199.5 360.5 363.0  52.0  28.0   0.0   0.0
 1976    0.0   0.0   0.0  21.5  31.5 176.0 355.5 225.5  84.0  13.0   0.0   0.0
 1977    0.0   0.0   0.0  27.0 138.0 253.5 444.5 203.5  92.0   1.5   0.0   0.0
 1978    0.0   0.0   3.5   0.0  78.5 220.0 315.0 258.0 208.0   2.5   0.0   0.0
 1979    0.0   0.0   0.0   0.0  59.0 189.0 257.0 247.5  82.0  18.0   0.0   0.0
 1980    0.0   0.0   0.0  23.0  59.0 183.5 382.5 325.5 144.5   0.0   0.0   0.0
 1981    0.0   0.0   0.0  39.0  39.0 190.5 285.0 166.0  50.5   0.0   0.0   0.0
 1982    0.0   0.0   0.0   0.0  30.0  48.5 237.5 210.5 104.0  13.0   0.0   0.0
 1983    0.0   0.0   0.0   0.5   6.0 226.0 415.0 451.5 129.0  21.0   0.0   0.0
 1984    0.0   0.0   0.0   6.0  23.5 192.0 251.0 277.5 103.0   4.0   0.0   0.0
 1985    0.0   0.0   0.0  44.5  42.5  99.5 248.0 124.5 154.0   2.0   0.0   0.0
 1986    0.0   0.0  11.5  28.5  55.5 294.0 409.5 172.0 148.5   0.0   0.0   0.0
 1987    0.0   0.0   0.0  46.0 121.5 306.0 386.0 224.0  48.5   0.0   0.0   0.0
 1988    0.0   0.0   0.0   1.5  79.0 277.0 353.5 415.5  93.5   3.0   0.0   0.0
 1989    0.0   0.0   4.5  42.0  48.0 147.0 359.0 259.5  52.5  15.0   0.0   0.0
 1990    0.0   0.0   1.5  23.5   3.5 208.0 274.0 286.5 170.5  12.5   1.0   0.0
 1991    0.0   0.0   8.5  14.5 156.5 265.0 318.0 283.5 171.0  17.5   0.0   0.0
 1992    0.0   0.0   0.0   8.0  59.0 141.5 207.0 129.0  85.5   9.0   0.0   0.0
 1993    0.0   0.0   0.0   0.0  36.5 172.0 292.5 287.5  19.5  14.5   0.0   0.0
 1994    0.0   0.0   0.0  22.5  44.5 224.0 238.5 216.0  86.0  12.0   0.0   0.0
 1995    0.0   0.0   0.0   0.0   0.0 140.5 282.5 354.0  56.0   7.0   0.0   0.0
 1996    0.0   0.0   0.0   3.0  32.0 155.0 179.0 170.5  55.5   8.0   0.0   0.0
 1997    0.0   0.0   0.0   0.0   5.5 158.5 285.0 175.0  77.0  47.5   0.0   0.0
 1998    0.0   0.0   3.0   0.0  72.0 132.5 293.0 269.0 156.5   3.5   0.0   0.0
 *****************************************************************************************
 MEANS   0.0   0.0   0.9  13.1  61.7 205.4 325.0 264.2  99.9  18.2   0.0   0.0
 
 THESE ARE THE HEAT STRESS VARIABLES 1951-1998 FOR STATION #4063
             # OF DAYS MAXT >86                           HEAT INDEX
 YEAR   MAY  JUNE  JULY   AUG  SEPT  TOTAL     MAY    JUNE   JULY   AUG    SEPT  TOTAL
 1951   0.0   3.0  12.0  11.0   1.0   27.0      0.0    5.0   61.0   53.0    1.0  120.0
 1952   3.0  20.0  18.0   9.0   9.0   59.0     13.0  123.0  113.0   24.0   42.0  315.0
 1953   5.0  14.0  19.0  18.0   8.0   64.0     25.0   68.0  117.0  144.0   63.0  417.0
 1954   2.0  19.0  26.0  14.0   9.0   70.0      2.0  113.0  242.0   84.0   55.0  496.0
 1955   5.0   5.0  26.0  26.0  11.0   73.0      8.0   22.0  217.0  235.0   87.0  569.0
 1956   6.0  21.0  20.0  16.0  12.0   75.0     31.0  157.0  145.0   83.0   43.0  459.0
 1957   0.0   8.0  25.0  14.0   1.0   48.0      0.0   32.0  209.0   95.0    3.0  339.0
 1958   1.0   7.0   3.0  20.0   3.0   34.0      5.0   30.0    7.0  104.0    9.0  155.0
 1959   0.0  10.0  11.0  21.0   5.0   47.0      0.0   33.0   32.0   81.0   19.0  165.0
 1960   0.0   0.0  15.0   9.0   8.0   32.0      0.0    0.0   66.0   53.0   44.0  163.0
 1961   0.0   7.0  10.0  11.0   4.0   32.0      0.0   22.0   33.0   33.0   12.0  100.0
 1962   6.0   7.0   9.0  14.0   2.0   38.0      7.0   10.0   32.0   44.0    5.0   98.0
 1963   2.0  17.0  19.0   9.0   0.0   47.0      5.0   82.0   60.0   34.0    0.0  181.0
 1964   4.0   5.0  21.0   8.0   2.0   40.0      7.0   11.0  105.0   55.0    8.0  186.0
 1965   3.0   3.0  13.0  16.0   1.0   36.0      7.0    5.0   67.0   92.0    3.0  174.0
 1966   7.0   5.0  22.0  11.0   1.0   46.0     14.0   15.0  142.0   26.0    1.0  198.0
 1967   6.0   1.0  17.0  16.0   0.0   40.0     39.0    2.0   66.0   32.0    0.0  139.0
 1968   2.0  18.0  16.0  17.0   0.0   53.0      5.0   81.0   63.0  110.0    0.0  259.0
 1969   4.0   6.0  14.0  16.0   0.0   40.0      4.0   20.0   61.0   34.0    0.0  119.0
 1970   3.0  10.0  21.0  15.0   8.0   57.0      5.0   49.0  146.0   63.0   24.0  287.0
 1971   0.0  22.0  13.0  17.0  16.0   68.0      0.0  114.0   39.0   77.0   69.0  299.0
 1972   1.0  12.0  14.0  15.0   6.0   48.0      1.0   62.0   64.0   99.0   23.0  249.0
 1973   0.0  16.0  15.0  20.0   3.0   54.0      0.0   70.0   62.0   68.0    3.0  203.0
 1974   0.0   8.0  26.0   6.0   0.0   40.0      0.0   35.0  239.0   29.0    0.0  303.0
 1975   6.0   9.0  22.0  18.0   3.0   58.0     21.0   21.0  112.0  134.0   20.0  308.0
 1976   1.0   7.0  21.0  14.0   6.0   49.0      1.0   20.0  110.0   57.0   15.0  203.0
 1977   4.0  16.0  26.0  11.0   1.0   58.0      5.0   95.0  218.0   37.0    1.0  356.0
 1978   3.0  13.0  15.0  14.0  15.0   60.0      5.0   54.0   68.0   52.0   65.0  244.0
 1979   2.0   9.0  12.0  16.0   7.0   46.0      2.0   19.0   42.0   84.0   27.0  174.0
 1980   5.0   8.0  23.0  20.0  12.0   68.0     14.0   46.0  175.0  123.0   40.0  398.0
 1981   0.0   9.0  11.0   5.0   2.0   27.0      0.0   28.0   60.0   11.0    5.0  104.0
 1982   0.0   1.0  17.0   5.0   0.0   23.0      0.0    1.0   53.0   42.0    0.0   96.0
 1983   0.0  12.0  27.0  28.0   7.0   74.0      0.0   42.0  205.0  292.0   33.0  572.0
 1984   0.0   7.0  16.0  19.0   7.0   49.0      0.0   16.0   89.0  127.0   44.0  276.0
 1985   1.0   5.0  19.0   9.0  10.0   44.0      3.0   29.0   56.0   24.0   56.0  168.0
 1986   0.0  14.0  20.0   5.0   2.0   41.0      0.0   43.0   89.0    9.0    4.0  145.0
 1987   2.0  17.0  18.0  11.0   1.0   49.0      3.0   74.0  116.0   60.0    1.0  254.0
 1988   2.0  14.0  22.0  19.0   6.0   63.0      5.0  118.0  145.0  201.0   15.0  484.0
 1989   2.0   5.0  17.0   8.0   0.0   32.0      2.0   13.0  121.0   32.0    0.0  168.0
 1990   0.0   7.0   8.0  10.0  10.0   35.0      0.0   29.0   38.0   57.0   40.0  164.0
 1991   3.0  10.0  13.0  15.0   9.0   50.0      6.0   35.0   81.0   59.0   33.0  214.0
 1992   0.0   4.0   4.0   3.0   0.0   11.0      0.0    8.0   18.0    9.0    0.0   35.0
 1993   0.0   1.0   5.0  11.0   1.0   18.0      0.0    1.0   15.0   37.0    3.0   56.0
 1994   1.0   9.0  11.0   8.0   4.0   33.0      1.0   26.0   32.0   48.0    9.0  116.0
 1995   0.0   5.0   9.0  15.0   1.0   30.0      0.0    9.0   56.0   80.0    2.0  147.0
 1996   2.0   5.0   4.0   3.0   0.0   14.0      2.0   10.0   13.0    7.0    0.0   32.0
 1997   1.0   4.0  15.0   9.0   3.0   32.0      1.0    6.0   70.0   25.0    5.0  107.0
 1998   1.0   5.0   6.0   8.0   7.0   27.0      3.0   13.0   21.0   26.0   23.0   86.0
 *****************************************************************************************
 MEANS  2.0   9.3  16.2  13.4   4.7   45.6      5.4   40.5   92.4   71.2   20.1  229.6
