 
 THIS IS FOR STATION NUMBER 4735 1951-> 1998
                                 # OF PRECIPITATION EVENTS - % IN PARENS
 CL                   MAX   MEAN  0.01-  0.26-  0.51-  1.01-          # OF DAYS
 WK    TIME PERIOD    VAL   RAIN    0.25   0.51   1.00   2.00  >2.01 MISSING TOTAL
  1 3/1-->3/7        1.33   0.34  54(72) 10(13) 10(13)  1( 1)  0( 0)    7       75
  2 3/8-->3/14       1.29   0.36  45(63) 15(21)  9(12)  2( 2)  0( 0)    7       71
  3 3/15-->3/21      3.66   0.41  37(56) 17(25) 11(16)  0( 0)  1( 1)    7       66
  4 3/22-->3/28      2.94   0.57  44(55) 17(21) 13(16)  4( 5)  1( 1)    7       79
  5 3/29-->4/4       1.26   0.49  45(59) 13(17) 14(18)  4( 5)  0( 0)    3       76
  6 4/5-->4/11       1.10   0.41  48(61) 24(30)  4( 5)  2( 2)  0( 0)    1       78
  7 4/12-->4/18      1.32   0.59  58(59) 20(20) 17(17)  3( 3)  0( 0)    0       98
  8 4/19-->4/25      2.56   0.69  55(54) 33(32)  7( 6)  4( 3)  2( 1)    0      101
  9 4/26-->5/2       2.31   0.75  62(60) 14(13) 19(18)  7( 6)  1( 0)    0      103
 10 5/3-->5/9        1.81   0.67  57(58) 17(17) 16(16)  8( 8)  0( 0)    0       98
 11 5/10-->5/16      1.85   0.73  69(62) 20(18) 13(11)  8( 7)  0( 0)    0      110
 12 5/17-->5/23      1.50   0.80  59(56) 16(15) 20(19)  9( 8)  0( 0)    1      104
 13 5/24-->5/30      2.09   0.98  60(51) 21(17) 25(21) 10( 8)  1( 0)    1      117
 14 5/31-->6/6       1.97   0.69  49(52) 22(23) 16(17)  7( 7)  0( 0)    0       94
 15 6/7-->6/13       3.02   1.03  63(52) 26(21) 18(15)  8( 6)  4( 3)    0      119
 16 6/14-->6/20      2.95   1.14  50(43) 28(24) 22(18) 13(11)  3( 2)    0      116
 17 6/21-->6/27      5.20   0.97  48(51) 18(19) 20(21)  3( 3)  5( 5)    1       94
 18 6/28-->7/4       2.20   0.60  54(60) 14(15) 15(16)  5( 5)  1( 1)    0       89
 19 7/5-->7/11       3.74   0.97  44(47) 20(21) 16(17) 10(10)  3( 3)    0       93
 20 7/12-->7/18      1.81   0.69  37(48) 16(20) 14(18) 10(12)  0( 0)    0       77
 21 7/19-->7/25      3.01   0.59  42(53) 17(21) 15(18)  4( 5)  1( 1)    0       79
 22 7/26-->8/1       2.48   0.68  43(55) 16(20)  9(11)  8(10)  2( 2)    0       78
 23 8/2-->8/8        2.66   0.93  53(56) 12(12) 13(13) 10(10)  5( 5)    0       93
 24 8/9-->8/15       2.30   0.70  44(55) 13(16)  7( 8) 13(16)  2( 2)    0       79
 25 8/16-->8/22      5.48   0.81  52(55) 18(19) 16(17)  6( 6)  2( 2)    0       94
 26 8/23-->8/29      8.76   0.92  44(51) 13(15) 17(19) 10(11)  2( 2)    0       86
 27 8/30-->9/5       1.79   0.64  51(56) 22(24)  8( 8) 10(10)  0( 0)    1       91
 28 9/6-->9/12       3.12   0.71  39(49) 20(25)  9(11)  9(11)  2( 2)    0       79
 29 9/13-->9/19      2.29   0.72  48(52) 21(22) 13(14)  9( 9)  1( 1)    0       92
 30 9/20-->9/26      1.75   0.60  44(53) 20(24) 12(14)  7( 8)  0( 0)    0       83
 31 9/27-->10/3      1.94   0.43  40(61)  9(13) 11(16)  5( 7)  0( 0)    0       65
 32 10/4-->10/10     2.50   0.59  33(47) 18(26) 11(15)  6( 8)  1( 1)    0       69
 33 10/11-->10/17    2.33   0.41  30(58)  9(17)  8(15)  2( 3)  2( 3)    0       51
 34 10/18-->10/24    1.23   0.30  39(70)  7(12)  8(14)  1( 1)  0( 0)    0       55
 35 10/25-->10/31    3.13   0.39  33(61)  9(16)  9(16)  2( 3)  1( 1)    0       54
 36 11/1-->11/7      1.09   0.24  34(70)  6(12)  7(14)  1( 2)  0( 0)    9       48
 37 11/8-->11/14     2.10   0.28  39(75)  6(11)  3( 5)  3( 5)  1( 1)    8       52
 38 11/15-->11/21    1.43   0.33  34(59) 13(22)  7(12)  3( 5)  0( 0)    7       57
 39 11/22-->11/28    1.00   0.19  42(79)  5( 9)  5( 9)  1( 1)  0( 0)    8       53
 40 11/29-->12/5     2.06   0.23  38(71) 10(18)  3( 5)  1( 1)  1( 1)    3       53
 41 12/6-->12/12     0.60   0.12  33(78)  6(14)  3( 7)  0( 0)  0( 0)    3       42
 42 12/13-->12/19    1.02   0.19  35(71) 10(20)  3( 6)  1( 2)  0( 0)    2       49
 43 12/20-->12/26    0.93   0.13  34(85)  3( 7)  3( 7)  0( 0)  0( 0)    3       40
 44 12/27-->1/2      0.93   0.23  40(72) 10(18)  5( 9)  0( 0)  0( 0)    2       55
 45 1/3-->1/9        0.48   0.10  37(88)  5(11)  0( 0)  0( 0)  0( 0)    0       42
 46 1/10-->1/16      0.61   0.12  45(86)  6(11)  1( 1)  0( 0)  0( 0)    0       52
 47 1/17-->1/23      1.40   0.20  40(80)  5(10)  4( 8)  1( 2)  0( 0)    0       50
 48 1/24-->1/30      0.43   0.11  38(88)  5(11)  0( 0)  0( 0)  0( 0)    2       43
 49 1/31-->2/6       0.48   0.10  29(78)  8(21)  0( 0)  0( 0)  0( 0)    8       37
 50 2/7-->2/13       0.60   0.12  41(87)  4( 8)  2( 4)  0( 0)  0( 0)    7       47
 51 2/14-->2/20      1.22   0.24  41(75)  8(14)  2( 3)  3( 5)  0( 0)   10       54
 52 2/21-->2/27      1.20   0.19  33(71)  9(19)  3( 6)  1( 2)  0( 0)    8       46
 53 2/28-->2/29      1.63   0.05   6(85)  0( 0)  0( 0)  1(14)  0( 0)    2        7
 ANNUAL TOTALS       8.76   2312(60)724(18)516(13)236( 6) 45( 1)  118     3833
 
 THESE ARE THE MONTHLY AVERAGES FOR 1951-->1998 FOR STATION NUMBER 4735
   JAN  FEB  MAR  APR  MAY  JUN  JUL  AUG  SPT  OCT  NOV  DEC  ANNUAL
   0.59 0.69 1.82 2.58 3.52 3.99 3.19 3.56 2.78 1.85 1.15 0.75 26.47  <-- PRECIP
  
   17.1 23.6 34.8 49.8 62.3 72.3 76.3 74.0 64.7 52.6 35.6 22.8  53.5  <-- TEMP
 
 TWELVE SIGNIFICANT RAINFALL EVENTS  
 MONTH  DAY  YEAR   AMOUNT
   8     29  1985     8.76
   8     22  1988     5.48
   6     21  1996     5.20
   7      9  1973     3.74
   3     20  1969     3.66
   7      6  1952     3.37
   7      6  1978     3.27
   6     22  1974     3.19
   9      7  1964     3.12
   6     22  1969     3.15
  10     30  1979     3.13
   6      7  1953     3.02
 
 GROWING DEGREE DAYS FOR 4 BASE TEMPS FOR STATION NUMBER  4735
               MARCH                       APRIL  
     ****************************  *************************** 
 YEAR  40-86  48-86  50-86  52-86   40-86  48-86  50-86  52-86  
     ****************************  *************************** 
 1951     29      8      5      3    237    123    103     87
 1952     51     20     16     13    385    247    217    191
 1953    159     79     64     51    229    119     99     80
 1954     48     10      7      4    410    260    229    200
 1955    127     68     56     45    521    360    326    294
 1956    113     41     30     23    304    192    170    148
 1957    103     34     25     18    358    238    213    191
 1958     66     22     13      7    335    206    175    146
 1959    122     58     46     36    374    243    219    195
 1960     13      1      0      0    367    230    200    174
 1961    104     41     31     23    240    132    110     90
 1962     21     10      8      6    352    223    197    175
 1963    196    131    117    104    446    293    257    224
 1964     86     30     20     13    374    227    201    176
 1965     11      3      2      1    340    220    194    169
 1966    228    134    113     94    258    148    125    104
 1967    230    147    131    116    390    247    216    188
 1968    323    211    189    168    422    280    248    217
 1969     10      0      0      0    376    236    207    180
 1970     20      1      0      0    368    250    225    200
 1971    109     61     51     42    418    276    247    219
 1972    125     52     40     31    323    190    164    139
 1973    160     63     47     33    370    237    210    184
 1974    204    111     92     76    434    282    250    218
 1975     52     22     17     14    254    125    103     85
 1976    173    106     92     78    502    335    298    263
 1977    199     96     74     56    541    373    336    301
 1978    158     98     86     74    320    183    155    130
 1979     53      7      4      3    316    188    163    139
 1980    126     56     45     36    433    292    261    230
 1981    271    147    123    101    557    374    337    301
 1982    109     41     29     20    359    236    212    189
 1983    113     58     47     38    227    122    105     89
 1984     35      7      4      2    269    144    119     96
 1985    207    114     95     76    490    334    300    268
 1986    215    126    107     92    392    235    204    175
 1987    192    105     89     74    509    351    316    283
 1988    213    121    102     84    384    242    210    180
 1989    139     82     70     60    404    267    238    209
 1990    150     75     61     48    376    234    203    176
 1991    167     91     75     63    365    229    200    172
 1992    167     82     68     55    220    123    104     90
 1993     52     27     23     19    235    129    109     92
 1994    163     86     70     59    346    233    208    183
 1995    133     67     55     44    213    118     98     80
 1996     92     38     29     23    260    164    143    123
 1997    137     74     63     52    265    166    143    121
 1998     90     48     42     37    314    194    168    144
     ****************************  *************************** 
 MEAN  126.6   65.0   53.8   44.3  358.3  226.3  198.9  173.3
 STDV   73.1   47.9   42.2   36.9   89.0   70.7   66.0   61.1
 
               MAY                         JUNE   
     ****************************  *************************** 
 YEAR  40-86  48-86  50-86  52-86   40-86  48-86  50-86  52-86  
     ****************************  *************************** 
 1951    694    476    424    377    763    527    471    417
 1952    645    427    377    332    980    741    683    627
 1953    621    416    374    333    960    723    664    605
 1954    516    334    295    261    925    690    633    578
 1955    768    536    486    441    834    600    546    494
 1956    691    482    436    395    990    755    699    643
 1957    590    388    345    305    843    610    554    501
 1958    735    535    492    450    784    558    508    461
 1959    659    445    397    351    961    723    667    611
 1960    625    428    385    344    800    564    510    459
 1961    538    356    318    281    832    602    550    501
 1962    779    553    501    451    837    598    542    488
 1963    657    453    406    362    976    736    678    622
 1964    754    529    481    439    896    661    605    552
 1965    757    538    487    438    883    646    588    533
 1966    594    431    393    356    881    645    590    539
 1967    526    343    304    270    842    605    549    494
 1968    521    351    314    279    909    680    627    575
 1969    696    481    435    390    732    516    467    421
 1970    743    539    490    442    896    662    610    561
 1971    585    392    350    311    985    748    689    630
 1972    667    457    409    363    892    659    601    545
 1973    639    448    406    367    954    714    654    595
 1974    653    447    402    358    863    632    577    524
 1975    770    545    495    450    905    667    610    554
 1976    659    461    416    373    963    727    671    615
 1977    905    659    601    544    965    725    665    606
 1978    684    482    435    391    937    704    648    594
 1979    621    424    380    340    915    676    619    563
 1980    730    520    476    433    955    720    663    606
 1981    646    446    401    359    962    722    662    604
 1982    729    504    450    398    815    585    533    483
 1983    575    383    346    310    876    645    588    534
 1984    594    388    344    304    940    700    641    583
 1985    760    523    472    425    839    603    546    492
 1986    689    465    415    368    976    736    676    617
 1987    809    575    521    469    974    735    677    621
 1988    855    619    565    514   1027    789    730    671
 1989    639    440    397    359    824    597    547    498
 1990    528    335    294    256    891    660    603    546
 1991    712    499    451    404    958    718    658    600
 1992    633    438    397    358    806    569    513    461
 1993    539    346    304    264    772    538    486    434
 1994    681    476    431    389    931    692    633    574
 1995    477    290    253    220    861    628    573    519
 1996    494    302    260    220    884    647    591    536
 1997    448    281    247    215    930    690    630    571
 1998    763    533    480    429    770    541    486    434
     ****************************  *************************** 
 MEAN  658.5  452.8  407.4  364.6  893.9  658.8  602.6  547.9
 STDV  100.1   84.2   79.7   75.1   71.7   68.7   66.7   64.3
 
               JULY                        AUGUST 
     ****************************  *************************** 
 YEAR  40-86  48-86  50-86  52-86   40-86  48-86  50-86  52-86  
     ****************************  *************************** 
 1951    988    740    678    617    933    685    624    564
 1952   1014    767    706    648    932    684    623    564
 1953   1024    776    716    657    994    746    684    623
 1954   1087    839    777    715    986    738    676    614
 1955   1165    917    855    793   1102    855    794    734
 1956    984    736    674    614    999    756    698    642
 1957   1130    882    820    758    986    741    681    621
 1958    938    694    635    578    980    741    684    628
 1959    994    747    687    629   1082    834    772    711
 1960    974    730    672    616    952    705    644    586
 1961    962    714    655    597    946    698    638    580
 1962    969    724    663    602    950    703    643    584
 1963   1067    819    757    695    963    717    657    600
 1964   1077    829    767    706    857    621    566    512
 1965    998    751    690    629    913    672    614    558
 1966   1088    840    778    716    865    621    563    510
 1967    945    704    648    593    914    679    623    571
 1968    991    747    688    630    954    713    654    598
 1969   1039    791    730    669    979    731    670    609
 1970   1013    769    710    651    983    739    682    626
 1971    935    691    632    576    940    699    643    591
 1972    973    733    673    614    940    693    633    577
 1973   1042    794    732    670   1075    827    765    704
 1974   1124    876    814    753    928    681    621    563
 1975   1088    840    779    720   1075    827    765    703
 1976   1086    838    776    714   1040    792    731    672
 1977   1086    838    776    714    927    679    619    560
 1978   1044    796    734    672   1020    772    711    651
 1979   1057    809    747    685   1004    756    694    632
 1980   1091    843    781    719   1043    795    733    671
 1981   1064    816    754    692    989    741    679    618
 1982   1086    838    776    714   1002    755    694    634
 1983   1110    862    800    738   1143    895    833    771
 1984   1021    773    711    650   1044    798    737    677
 1985   1011    763    701    640    885    638    577    519
 1986   1094    846    784    722    890    647    589    532
 1987   1109    861    799    737    908    663    604    545
 1988   1067    819    757    695   1051    807    750    693
 1989   1076    828    766    704    975    728    668    608
 1990    974    726    666    609    964    717    657    598
 1991    991    743    681    619    976    728    666    604
 1992    837    589    528    469    802    556    498    445
 1993    980    732    670    608    958    710    649    591
 1994    917    669    608    548    873    628    571    515
 1995   1011    764    704    644   1049    801    739    678
 1996    925    677    615    554    915    667    605    546
 1997   1021    773    711    651    906    658    597    537
 1998   1017    769    707    646    990    742    680    618
     ****************************  *************************** 
 MEAN 1027.0  779.9  718.8  658.4  970.7  724.8  664.9  606.3
 STDV   65.7   64.9   64.3   63.1   68.6   67.5   66.5   64.9
 
               SEPTEMBER                   OCTOBER
     ****************************  *************************** 
 YEAR  40-86  48-86  50-86  52-86   40-86  48-86  50-86  52-86  
     ****************************  *************************** 
 1951    537    353    312    273      0      0      0      0
 1952    759    546    499    454     59     39     34     30
 1953    716    513    471    431    515    360    326    293
 1954    756    533    484    435    333    178    147    121
 1955    767    560    513    466    276    188    167    147
 1956    704    511    472    434      0      0      0      0
 1957    633    428    385    344    259    150    129    111
 1958    729    543    501    459      0      0      0      0
 1959    663    473    432    392    109     64     55     47
 1960    700    495    449    405    284    204    186    168
 1961    541    379    342    308      0      0      0      0
 1962    427    300    273    246      0      0      0      0
 1963    781    557    504    453    624    435    397    362
 1964    668    468    425    384    113     73     64     55
 1965    494    305    265    228    193    133    120    107
 1966    640    453    411    370     55     34     29     25
 1967    618    426    384    345      0      0      0      0
 1968    677    467    420    379     52     32     29     26
 1969    703    488    441    398    206    140    125    111
 1970    698    496    452    410    159    119    110    101
 1971    540    399    368    337      0      0      0      0
 1972    673    473    427    384    247    169    152    136
 1973    709    486    437    390    544    371    332    294
 1974    475    332    303    274      0      0      0      0
 1975    644    445    399    356    470    340    311    282
 1976    764    559    510    465    121     90     84     78
 1977    756    525    474    425    167     97     82     68
 1978    875    645    595    547     96     62     55     48
 1979    825    605    555    507    191    130    116    103
 1980    819    595    544    494    395    262    237    214
 1981    774    558    508    463     11      6      5      4
 1982    742    516    464    417    311    192    171    154
 1983    581    425    388    351      0      0      0      0
 1984    601    420    378    339      0      0      0      0
 1985    661    453    406    362     90     50     42     34
 1986    720    492    437    385    156     90     77     65
 1987    716    489    442    398     45     33     30     28
 1988    768    545    493    443     44     25     21     17
 1989    662    473    428    384     79     54     48     42
 1990    767    552    507    463    134     92     82     72
 1991    532    394    361    329      0      0      0      0
 1992    625    429    386    346    221    134    121    109
 1993    525    331    290    254    147    102     92     83
 1994    747    530    481    435    368    226    196    167
 1995    448    309    278    247      0      0      0      0
 1996    590    396    354    316    393    260    232    206
 1997    726    512    464    422    404    285    259    234
 1998    823    597    544    492    442    276    241    208
     ****************************  *************************** 
 MEAN  673.1  474.9  430.6  388.6  173.4  114.7  102.4   90.9
 STDV  105.2   83.2   78.1   73.4  171.9  116.7  105.2   94.5
 
 DAILY RECORD HIGHS AND LOWS OCCURRING DURING 1951-1998 FOR STATION NUMBER 4735
     JAN     FEB    MARCH   APRIL    MAY     JUNE    JULY    AUG     SEPT    OCT     NOV     DEC
 DY MX  MN  MX  MN  MX  MN  MX  MN  MX  MN  MX  MN  MX  MN  MX  MN  MX  MN  MX  MN  MX  MN  MX  MN
  1  53 -21  55 -26  63 -16  83  14  93  25  92  37  98  46 102  47  97  40  91  22  75  13  61  -3
  2  55 -14  56 -27  74  -3  85  14  91  18  93  40  96  46 100  50  98  42  92  23  73   6  68  -6
  3  50 -24  57 -27  74  -5  84  -2  89  22  99  33  98  41 100  48  96  33  92  26  78   6  61 -10
  4  51 -26  53 -21  68 -19  77  15  93  25  99  37 103  41  99  47  92  41  88  22  76  -3  64  -5
  5  50 -25  55 -21  68 -26  79  14  89  27  97  39  99  38  99  46  94  33  95  24  71  -3  60  -5
  6  47 -20  53 -18  75 -18  88   7  91  28  94  41  99  46  97  46 103  34  92  25  76  -1  59 -19
  7  49 -28  64 -15  75 -11  91  14  89  29  96  44 106  44 100  46  99  35  90  22  72 -14  65 -14
  8  57 -20  56 -19  64 -11  87  10  90  24 101  40 100  48  98  47  99  35  88  26  71 -12  59 -19
  9  57 -24  61 -28  63  -9  89   9  91  26  99  44 104  47  95  45  98  36  86  19  69   4  61 -25
 10  49 -26  61 -24  73  -5  85  13  91  29  99  42 102  50 100  45  96  34  85  20  68   4  61 -16
 11  55 -17  63 -23  62  -9  87  19  88  31  98  40 103  47  98  40  93  31  89  19  73  -4  58 -11
 12  56 -25  58 -19  66 -13  82  13  87  27  99  44 102  49  96  42  91  36  91  24  68   3  55 -15
 13  60 -22  60  -9  69 -16  79  13  93  27 100  36 105  49  99  38  94  35  90  24  66  -4  56 -25
 14  55 -29  63  -3  71 -13  88  18  92  27 100  38 103  43  98  46  92  33  89  25  68 -24  53 -14
 15  51 -26  53 -14  73   0  83  15  89  26  99  38  98  47 102  45  98  31  91  24  71   7  57 -17
 16  54 -26  65 -32  77  -5  88  23  90  33  98  40  99  45 101  47  97  32  83  21  74  -3  59 -19
 17  49 -21  70 -27  72  -5  87  19  92  27  96  42 103  54 100  46  96  30  85  14  69 -11  58 -17
 18  52 -30  66 -16  76   0  91  18  95  34 101  48 103  51 103  45  90  34  84  20  65   2  56 -22
 19  50 -35  60 -26  77  -3  89  18  95  36  99  44 101  53 101  40  95  27  86  10  63   2  59 -20
 20  49 -30  66 -16  74  -5  93  24  94  33 103  43 103  48 100  44  94  27  88  11  73   4  54 -25
 21  55 -31  64 -13  67  -8  96  19  98  34 105  40 104  47  99  48  93  30  83  19  65  -6  53 -25
 22  53 -27  64 -13  77   1  95  25  94  28 103  41 100  49  98  48  88  27  80  18  64   0  53 -28
 23  59 -21  60 -11  74   0  91  21  94  28  96  46  97  51  97  42  84  24  82  17  61   0  50 -27
 24  67 -19  66 -16  83  -2  86  15  92  35 103  44  96  51 102  44  89  30  82  20  60  -3  49 -22
 25  57 -13  64 -16  77   2  91  23 103  39 100  41  96  49 100  41  92  28  81  20  75  -5  52 -18
 26  52 -22  65 -19  81  -6  91  27  99  33 101  47 101  41 104  41  94  25  80  17  64  -9  51 -19
 27  49 -25  62 -15  79   3  91  26  93  34  99  41 101  51 104  41  94  31  81  15  65  -5  53 -14
 28  46 -20  61 -34  79   7  90  24  92  33 100  48  99  46 101  38  89  22  80   7  69  -4  51 -12
 29  52 -28 *** ***  86   0  89  20  94  39  99  48 100  43  98  46  92  26  74  17  57  -4  45 -11
 30  56 -24 *** ***  87   0  91  18  95  40  99  49 103  46  97  46  89  27  77  15  62 -10  54 -21
 31  55 -21 *** ***  86  14 *** ***  92  36 *** *** 105  45  94  37 *** ***  77  11 *** ***  50 -25
 
 DAILY MAXIMUM PRECIPITATION OCCURRING DURING 1951-1998 FOR STATION NUMBER 4735
     JAN   FEB   MARCH APRIL MAY   JUNE  JULY  AUG   SEPT  OCT   NOV   DEC
 
  1  0.70  0.35  0.59  1.26  2.31  1.23  0.90  1.31  0.77  1.41  1.09  0.20
  2  0.30  0.34  1.33  0.67  0.92  1.12  1.20  2.10  1.33  0.82  0.56  0.21
  3  0.48  0.02  0.81  1.23  0.70  0.74  2.20  0.75  1.25  0.77  0.89  1.30
  4  0.15  0.48  0.49  1.20  0.92  1.27  1.16  1.16  1.45  0.81  0.90  0.35
  5  0.33  0.25  0.64  0.97  1.14  1.97  1.39  2.66  1.33  0.96  0.76  0.35
  6  0.37  0.20  0.88  1.08  1.81  0.88  3.37  1.18  1.27  0.65  0.09  0.37
  7  0.42  0.08  0.53  0.83  0.75  3.02  1.22  1.24  3.12  1.81  0.25  0.60
  8  0.17  0.18  0.40  1.10  1.05  2.03  1.27  2.32  1.19  2.50  1.10  0.30
  9  0.28  0.60  1.29  0.42  1.43  1.99  3.74  2.10  2.88  1.35  1.26  0.28
 10  0.61  0.36  0.52  0.46  1.47  0.87  1.30  1.04  0.29  1.84  2.10  0.51
 11  0.32  0.53  1.16  0.50  1.04  1.36  1.69  1.35  0.94  0.94  0.62  0.29
 12  0.42  0.14  0.71  0.80  1.74  1.20  1.64  1.99  1.48  0.67  0.37  0.51
 13  0.10  0.32  0.47  1.32  0.78  2.86  1.05  1.40  2.29  0.67  0.47  0.39
 14  0.13  0.32  0.75  0.92  1.81  1.02  1.19  2.30  1.87  0.48  0.12  0.65
 15  0.34  0.43  0.62  1.10  1.02  1.47  1.61  1.42  1.53  1.80  0.45  0.33
 16  0.08  0.29  0.30  0.93  1.85  1.15  0.68  1.15  1.40  2.14  0.74  0.50
 17  0.15  0.10  0.51  0.57  0.94  1.88  1.38  0.73  0.60  2.33  1.00  1.02
 18  0.72  1.19  0.88  0.85  1.16  1.83  1.81  0.63  1.36  0.54  0.90  0.14
 19  0.91  0.80  0.73  0.40  1.32  2.95  0.92  2.97  1.27  1.23  1.43  0.56
 20  0.09  1.22  3.66  1.83  1.16  2.48  1.80  1.27  1.75  0.33  0.62  0.20
 21  0.83  1.20  0.50  1.91  1.48  5.20  1.20  1.86  1.20  0.92  1.03  0.26
 22  1.40  0.21  1.45  2.56  1.50  3.19  3.01  5.48  1.22  0.39  0.28  0.90
 23  0.38  0.59  2.94  2.44  1.13  0.96  0.39  0.73  1.52  0.58  0.13  0.65
 24  0.43  0.10  0.93  1.04  1.36  1.23  0.67  1.07  0.54  0.27  0.22  0.45
 25  0.25  0.56  0.62  0.49  1.45  1.76  0.90  1.31  0.88  0.41  0.60  0.93
 26  0.33  0.71  1.63  1.89  0.90  2.90  1.26  1.62  1.13  0.65  0.60  0.18
 27  0.26  0.47  0.76  0.87  1.84  3.03  1.90  1.05  0.55  1.05  0.96  0.49
 28  0.13  1.63  1.76  1.37  1.90  1.21  2.48  2.20  1.50  0.10  1.00  0.93
 29  0.30******  0.83  1.00  1.81  1.37  2.05  8.76  1.94  0.95  0.37  0.67
 30  0.23******  0.67  0.98  2.09  0.62  1.67  1.79  1.08  3.13  2.06  0.92
 31  0.25******  0.66******  1.31******  0.35  1.45******  1.12******  0.44
 
 RECORD LARGEST AND SMALLEST DAILY RANGES (MAX-MIN) DURING 1951-1998 FOR STATION NUMBER 4735
     JAN     FEB    MARCH   APRIL    MAY     JUNE    JULY    AUG     SEPT    OCT     NOV     DEC
 DY MX  MN  MX  MN  MX  MN  MX  MN  MX  MN  MX  MN  MX  MN  MX  MN  MX  MN  MX  MN  MX  MN  MX  MN
  1 34   3  61   8  40   4  45   6  49   7  41  12  33  15  41  13  44  10  54   9  49   3  49   3
  2 36   2  46   6  39   3  48   4  44   8  40   6  31  10  40  12  49  12  44   3  51   3  41   3
  3 45   5  41   4  46   4  42   7  44  12  49   9  44  14  39  11  38  14  43   3  51   4  44   3
  4 36   5  41   2  52   3  51   8  52   6  37  10  42   6  37  13  43   9  49   6  42   9  43   3
  5 44   7  41   4  46   6  52   4  44   6  50   8  40   9  38   9  42  14  47   9  38   3  48   4
  6 39   4  46   2  50   5  46  11  46   8  41  11  36  10  36   6  39  12  45   5  38   4  41   2
  7 37   4  38   2  41   6  50   8  41   6  40  12  39  11  38   6  51  10  50   7  40   4  44   2
  8 47   6  36   2  40   2  48   2  47   5  42   9  34  15  34   8  41   8  42   2  47   3  41   5
  9 38   8  43   6  36   4  44   3  46  10  41   6  38  10  43   5  41   6  46   2  48   3  42   5
 10 43   5  41   4  45   5  45   4  43   7  41  10  37  14  37  15  44   6  53   6  44   3  44   3
 11 39   3  45   3  39   3  47   3  42   5  34   9  36  12  39   7  42   8  46   7  50   4  41   2
 12 41   4  41   5  38   4  45   3  46   7  35   9  39  10  35  10  43   9  46   8  47   2  34   5
 13 34   2  42   7  40   4  46   4  44   4  43  14  37  13  41   9  48   5  43   7  43   4  44   4
 14 34   8  37   6  51   5  47   6  43   6  37  14  35  11  39  13  43   7  46  11  39   7  41   5
 15 49   4  41   4  51   8  48   3  53   4  37  12  35   9  36  13  42   8  53   6  39   6  38   4
 16 42   5  41   3  51   4  47   7  50   5  39  11  36  12  41  11  42   5  46   4  40   5  43   7
 17 44   5  39   6  40   5  47   4  50   7  44  11  35  13  35   8  41  13  47   6  43   5  39   5
 18 43   8  47   3  38   3  48   7  41   5  42  10  34  13  38  14  43   5  43   5  48   4  40   3
 19 40   4  41   4  39   5  54   3  42   6  37  12  35  16  37  12  47   7  42   4  37   6  34   5
 20 39   5  43   4  39   4  49  10  47  12  35   8  33  12  41   5  44   6  57   5  44   4  39   6
 21 47   4  55   3  41   6  52   4  39  12  39   9  35   6  35   7  46   7  49   5  40   4  36   5
 22 42   5  42   5  50   3  40   4  38   7  43  12  38   8  50   8  46   9  47   6  52   4  35   3
 23 37   9  41   5  40   6  49   9  52   4  36   6  36   6  47   8  47   3  44   6  35   3  43   3
 24 45   6  44   6  51   4  44   6  40   6  38   9  39   9  44   7  47  10  47   5  38   5  36   4
 25 40   4  40   4  40   7  43  10  46   5  38  13  39  12  41   6  46  10  47   3  45   3  36   4
 26 43   4  45   2  61   5  48   3  42   8  41   3  39   7  40   5  48   9  50  11  36   4  40   3
 27 37   7  42   4  52   5  43   4  43   7  41   5  34   9  37   8  43  11  47   8  42   5  33   3
 28 40   5  41   5  46   3  49   4  42   6  39   7  39  12  43   7  51   5  42   9  40   4  39   4
 29 44   4  **  **  49   3  49  11  45   2  39   8  39  10  46   8  47   5  46   4  44   2  40   4
 30 43   9  **  **  47   4  50   4  43   2  38   8  37  12  41  11  51   8  47   4  42   4  38   4
 31 45   6  **  **  53   2  **  **  44  11  **  **  42  10  41   7  **  **  50   6  **  **  39   2
 
 DAILY  MEAN  HIGHS AND LOWS OCCURRING DURING 1951-1998 FOR STATION NUMBER 4735
     JAN     FEB    MARCH   APRIL    MAY     JUNE    JULY    AUG     SEPT    OCT     NOV     DEC
 DY MX  MN  MX  MN  MX  MN  MX  MN  MX  MN  MX  MN  MX  MN  MX  MN  MX  MN  MX  MN  MX  MN  MX  MN
  1 27   9  29   8  40  17  54  31  66  40  76  52  86  61  86  61  81  57  72  44  53  32  38  19
  2 29   9  27   7  38  20  54  31  69  41  77  52  86  62  86  62  82  57  72  43  51  30  37  19
  3 27   6  28   6  37  18  53  30  69  42  79  52  86  61  86  62  82  57  71  43  50  29  38  18
  4 26   5  29   9  37  17  53  28  70  43  79  55  86  61  84  61  80  56  69  42  48  27  38  18
  5 26   4  29   9  38  17  55  29  71  45  80  56  85  62  84  60  80  55  69  42  50  28  36  17
  6 25   6  29   9  40  17  59  30  69  43  82  56  86  61  84  61  80  55  68  42  49  27  33  15
  7 23   3  29   9  36  15  59  32  70  44  82  58  87  62  85  60  82  54  67  41  49  27  32  16
  8 25   4  29   9  38  17  56  32  71  44  81  56  87  63  85  61  81  55  68  41  49  26  31  13
  9 23   5  30  10  40  20  55  31  72  45  79  55  86  61  84  59  79  55  65  39  46  26  32  12
 10 23   3  31  12  42  21  57  32  72  46  81  57  86  62  84  59  80  52  66  39  49  26  32  13
 11 25   5  31  10  43  23  59  33  72  45  82  58  86  63  83  57  79  52  66  40  46  25  32  12
 12 27   8  31  11  42  22  57  34  71  45  83  58  87  64  83  59  78  52  68  41  45  24  31  12
 13 27   7  34  11  43  23  57  33  71  45  84  58  87  63  83  60  76  52  67  41  47  26  32  11
 14 28   7  33  14  44  23  59  34  73  47  84  59  86  62  84  59  74  50  67  40  46  24  30  11
 15 26   5  31  13  43  22  63  35  74  47  82  58  85  61  83  59  74  48  66  39  47  26  31  11
 16 26   3  32  11  43  22  64  37  75  49  82  57  87  62  84  60  73  49  65  38  46  25  31  10
 17 28   7  36  12  45  24  64  37  76  50  83  59  88  64  85  60  75  50  64  38  45  25  30  12
 18 27   6  35  16  45  25  64  37  75  51  83  59  88  64  84  61  76  51  61  37  43  24  31  11
 19 25   6  34  14  45  26  64  39  75  49  84  60  88  64  84  60  75  50  61  34  43  23  30  11
 20 25   6  34  15  45  24  64  40  76  49  84  59  87  63  84  60  72  48  62  36  43  24  27   8
 21 26   6  36  13  45  22  63  38  76  50  84  59  86  62  83  59  72  47  61  36  43  23  28   9
 22 28   8  36  14  47  25  64  38  75  52  84  58  86  62  84  60  71  45  62  38  42  22  30  12
 23 28   7  36  16  46  26  66  38  76  51  83  59  86  61  83  60  69  43  61  36  40  22  28  11
 24 30   9  36  14  47  25  66  38  76  50  84  59  86  62  83  59  71  44  60  35  41  19  27   9
 25 26   9  38  15  48  26  68  40  75  51  86  61  87  61  84  59  72  44  60  35  42  21  29  10
 26 23   6  39  17  48  26  68  41  74  52  85  60  87  62  85  60  75  45  60  33  38  20  30   9
 27 26   5  38  19  54  28  67  41  75  51  86  60  85  62  84  61  72  44  61  35  36  18  29  11
 28 26   7  37  19  52  29  66  39  76  52  87  62  85  62  83  59  72  44  57  32  34  15  30  13
 29 28   6  **  **  49  30  66  40  76  53  87  63  86  60  84  60  71  44  58  31  35  16  29  10
 30 27   5  **  **  52  29  66  40  77  53  85  61  85  62  84  60  72  43  57  33  36  17  27   8
 31 29   6  **  **  54  30  **  **  77  52  **  **  85  61  82  57  **  **  54  32  **  **  26   7
  
  # OF DAYS EACH YEAR WHERE MIN >=32 F  1951-1998 FOR STATION # 4735
   51  52  53  54  55  56  57  58  59  60  61  62  63  64  65  66  67  68  69  70
  204 198 223 228 211 201 203 202 197 197 186 198 216 204 204 196 189 206 200 196
 
   71  72  73  74  75  76  77  78  79  80  81  82  83  84  85  86  87  88  89  90
  203 200 222 219 210 207 227 213 205 209 223 214 208 207 218 215 222 206 186 192
 
   91  92  93  94  95  96  97  98
  204 206 192 205 204 189 188 225
  
 MEAN=206
 
 LENGTH OF SEASON FOR STATION NUMBER 4735   BASE TEMP=32
 LAST SPRING OCCURENCE FIRST FALL OCCURENCE  LENGTH OF SEASON
   YEAR MONTH DAY DOY         MONTH DAY DOY
   1951   4    23 113           9    28 271          158
   1952   4    24 115          10     4 278          163
   1953   5    13 133          10     4 277          144
   1954   5     7 127           9    22 265          138
   1955   4     7  97           9    11 254          157
   1956   5     4 125           9    30 274          149
   1957   5    11 131          10    10 283          152
   1958   5     8 128           9    27 270          142
   1959   5    15 135           9    30 273          138
   1960   5    12 133          10    16 290          157
   1961   5     9 129           9    15 258          129
   1962   5     2 122           9    20 263          141
   1963   5    23 143          10    28 301          158
   1964   4    22 113          10     5 279          166
   1965   4    28 118           9    24 267          149
   1966   5    10 130           9    15 258          128
   1967   5     9 129           9    24 267          138
   1968   5    17 138          10     3 277          139
   1969   5    12 132          10     8 281          149
   1970   5     2 122          10     9 282          160
   1971   5    12 132           9    17 260          128
   1972   4    25 116           9    30 274          158
   1973   5    17 137          10    29 302          165
   1974   4    23 113           9    22 265          152
   1975   4    20 110           9    25 268          158
   1976   5     7 128          10     6 280          152
   1977   4     6  96          10     3 276          180
   1978   5     3 123          10     7 280          157
   1979   5     4 124          10    13 286          162
   1980   5     9 130          10     3 277          147
   1981   5    11 131          10     2 275          144
   1982   4    27 117          10    16 289          172
   1983   5    15 135           9    21 264          129
   1984   5     9 130           9    26 270          140
   1985   4    10 100           9    26 269          169
   1986   4    22 112          10     6 279          167
   1987   4    23 113          10     3 276          163
   1988   4    28 119          10     4 278          159
   1989   5     6 126           9    23 266          140
   1990   5     2 122          10    10 283          161
   1991   4    11 101           9    19 262          161
   1992   4    28 119          10    11 285          166
   1993   4    22 112           9    15 258          146
   1994   5     1 121          10    25 298          177
   1995   5     2 122           9    22 265          143
   1996   4    30 121          10     3 277          156
   1997   5    15 135          10    14 287          152
   1998   4    18 108          10     1 274          166
             MEAN=122              MEAN=274     MEAN=152
 
 LENGTH OF SEASON FOR STATION NUMBER 4735   BASE TEMP=30
 LAST SPRING OCCURENCE FIRST FALL OCCURENCE  LENGTH OF SEASON
   YEAR MONTH DAY DOY         MONTH DAY DOY
   1951   4    22 112           9    28 271          159
   1952   4    16 107          10     4 278          171
   1953   4    20 110          10     4 277          167
   1954   5     7 127          10    16 289          162
   1955   4     7  97          10    15 288          191
   1956   4    30 121           9    30 274          153
   1957   5     5 125          10    18 291          166
   1958   4    29 119           9    28 271          152
   1959   5    15 135          10    11 284          149
   1960   5    12 133          10    16 290          157
   1961   5     9 129           9    25 268          139
   1962   4    23 113           9    20 263          150
   1963   5    23 143          10    28 301          158
   1964   4    22 113          10     9 283          170
   1965   4    28 118           9    24 267          149
   1966   5     9 129          10     1 274          145
   1967   5     9 129           9    24 267          138
   1968   5    12 133          10     4 278          145
   1969   5    12 132          10     8 281          149
   1970   5     2 122          10    10 283          161
   1971   5    12 132           9    17 260          128
   1972   4    25 116           9    30 274          158
   1973   5    17 137          10    29 302          165
   1974   4    16 106           9    22 265          159
   1975   4    20 110          10    16 289          179
   1976   5     7 128          10     6 280          152
   1977   4     6  96          10     6 279          183
   1978   5     2 122          10     7 280          158
   1979   5     4 124          10    13 286          162
   1980   5     8 129          10     3 277          148
   1981   5    10 130          10     2 275          145
   1982   4    27 117          10    16 289          172
   1983   5    15 135           9    21 264          129
   1984   4     6  97           9    26 270          173
   1985   4     9  99          10    10 283          184
   1986   4    22 112          10    13 286          174
   1987   4     6  96          10     3 276          180
   1988   4    19 110          10     4 278          168
   1989   5     6 126           9    23 266          140
   1990   5     2 122          10    10 283          161
   1991   4    11 101           9    19 262          161
   1992   4    28 119          10    11 285          166
   1993   4    22 112          10     9 282          170
   1994   5     1 121          10    25 298          177
   1995   4    27 117           9    22 265          148
   1996   4    30 121          10     3 277          156
   1997   5    15 135          10    20 293          158
   1998   4    17 107          11     4 308          201
             MEAN=119              MEAN=279     MEAN=160
 
 LENGTH OF SEASON FOR STATION NUMBER 4735   BASE TEMP=28
 LAST SPRING OCCURENCE FIRST FALL OCCURENCE  LENGTH OF SEASON
   YEAR MONTH DAY DOY         MONTH DAY DOY
   1951   4    22 112           9    28 271          159
   1952   4    15 106          10     5 279          173
   1953   4    20 110          10    26 299          189
   1954   5     5 125          10    30 303          178
   1955   4     7  97          10    15 288          191
   1956   4    30 121           9    30 274          153
   1957   4    14 104          10    18 291          187
   1958   4    29 119           9    28 271          152
   1959   5    15 135          10    12 285          150
   1960   5     8 129          10    16 290          161
   1961   5     9 129           9    25 268          139
   1962   4    19 109           9    20 263          154
   1963   5    23 143          10    29 302          159
   1964   4     9 100          10     9 283          183
   1965   4    28 118          10    12 285          167
   1966   5     9 129          10     5 278          149
   1967   5     9 129           9    28 271          142
   1968   5     5 126          10     4 278          152
   1969   5    12 132          10    14 287          155
   1970   5     2 122          10    10 283          161
   1971   5     3 123           9    23 266          143
   1972   4    15 106          10    15 289          183
   1973   5    17 137          10    29 302          165
   1974   4    16 106           9    22 265          159
   1975   4    11 101          10    25 298          197
   1976   5     3 124          10     6 280          156
   1977   4     6  96          10    16 289          193
   1978   5     2 122          10     7 280          158
   1979   4    28 118          10    13 286          168
   1980   4    14 105          10    26 300          195
   1981   4    14 104          10     2 275          171
   1982   4    27 117          10    20 293          176
   1983   5    15 135           9    23 266          131
   1984   4     6  97           9    26 270          173
   1985   4     9  99          10    10 283          184
   1986   4    22 112          10    13 286          174
   1987   4     6  96          10     3 276          180
   1988   4    19 110          10     5 279          169
   1989   4    15 105          10     7 280          175
   1990   4    18 108          10    10 283          175
   1991   4    11 101           9    19 262          161
   1992   4    27 118          10    18 292          174
   1993   4     6  96          10     9 282          186
   1994   5     1 121          10    25 298          177
   1995   4     5  95           9    22 265          170
   1996   4    24 115          10    28 302          187
   1997   5    14 134          10    20 293          159
   1998   4     4  94          11     4 308          214
             MEAN=114              MEAN=283     MEAN=168
 
 LENGTH OF SEASON FOR STATION NUMBER 4735   BASE TEMP=26
 LAST SPRING OCCURENCE FIRST FALL OCCURENCE  LENGTH OF SEASON
   YEAR MONTH DAY DOY         MONTH DAY DOY
   1951   4    16 106          10    27 300          194
   1952   4    15 106          10     5 279          173
   1953   4    20 110          10    28 301          191
   1954   4     8  98          10    31 304          206
   1955   4     7  97          10    24 297          200
   1956   4    30 121          10     9 283          162
   1957   4    14 104          10    18 291          187
   1958   4    29 119          10     1 274          155
   1959   5    15 135          10    12 285          150
   1960   5     8 129          10    16 290          161
   1961   5     2 122           9    28 271          149
   1962   4    19 109          10    24 297          188
   1963   4    21 111          10    29 302          191
   1964   4     9 100          10     9 283          183
   1965   4    28 118          10    12 285          167
   1966   5     9 129          10     5 278          149
   1967   5     4 124           9    28 271          147
   1968   4    25 116          10     4 278          162
   1969   4     6  96          10    14 287          191
   1970   5     2 122          10    10 283          161
   1971   5     3 123           9    23 266          143
   1972   4     8  99          10    15 289          190
   1973   4    12 102          10    29 302          200
   1974   4     8  98          10     1 274          176
   1975   4     4  94          10    29 302          208
   1976   4     4  95          10     6 280          185
   1977   4     6  96          10    16 289          193
   1978   4    21 111          10    23 296          185
   1979   4     6  96          10    23 296          200
   1980   4    14 105          10    26 300          195
   1981   3    23  82          10    22 295          213
   1982   4    22 112          10    20 293          181
   1983   4    18 108           9    23 266          158
   1984   4     2  93           9    26 270          177
   1985   4     9  99          11     2 306          207
   1986   4    22 112          10    13 286          174
   1987   4     5  95          10     3 276          181
   1988   4    19 110          10     5 279          169
   1989   4    12 102          10     7 280          178
   1990   4    18 108          10    10 283          175
   1991   4    11 101          10    15 288          187
   1992   4    27 118          10    18 292          174
   1993   4     6  96          10    10 283          187
   1994   5     1 121          10    25 298          177
   1995   4     5  95           9    23 266          171
   1996   4    24 115          10    28 302          187
   1997   5     1 121          10    26 299          178
   1998   3    25  84          11     4 308          224
             MEAN=107              MEAN=287     MEAN=180
 
 LENGTH OF SEASON FOR STATION NUMBER 4735   BASE TEMP=24
 LAST SPRING OCCURENCE FIRST FALL OCCURENCE  LENGTH OF SEASON
   YEAR MONTH DAY DOY         MONTH DAY DOY
   1951   4    16 106          10    27 300          194
   1952   4    10 101          10    17 291          190
   1953   4    20 110          11     4 308          198
   1954   4     4  94          10    31 304          210
   1955   3    28  87          10    24 297          210
   1956   4    23 114          10     9 283          169
   1957   4    14 104          10    25 298          194
   1958   4    29 119          10    11 284          165
   1959   4    13 103          10    12 285          182
   1960   5     8 129          10    19 293          164
   1961   5     2 122           9    28 271          149
   1962   4    17 107          10    24 297          190
   1963   4    21 111          10    29 302          191
   1964   4     8  99          10     9 283          184
   1965   4    28 118          10    22 295          177
   1966   4    21 111          10     5 278          167
   1967   5     3 123           9    28 271          148
   1968   4    25 116          10     4 278          162
   1969   3    31  90          10    17 290          200
   1970   4     4  94          10    10 283          189
   1971   4    14 104           9    23 266          162
   1972   4     8  99          10    15 289          190
   1973   4    12 102          10    29 302          200
   1974   3    24  83          10     2 275          192
   1975   4     4  94          10    29 302          208
   1976   3    16  76          10    16 290          214
   1977   4     6  96          11    10 314          218
   1978   3    26  85          10    23 296          211
   1979   4     6  96          10    24 297          201
   1980   4    14 105          10    26 300          195
   1981   3    23  82          10    22 295          213
   1982   4    11 101          10    21 294          193
   1983   4    17 107          11    11 315          208
   1984   4     1  92          11     1 306          214
   1985   4     1  91          11     2 306          215
   1986   4    14 104          10    13 286          182
   1987   4     5  95          10    11 284          189
   1988   4    19 110          10    28 302          192
   1989   4    12 102          10    19 292          190
   1990   4    18 108          10    25 298          190
   1991   3    31  90          10    19 292          202
   1992   4    13 104          10    18 292          188
   1993   4     6  96          10    27 300          204
   1994   4     7  97          10    26 299          202
   1995   4     5  95          11     2 306          211
   1996   4    23 114          10    30 304          190
   1997   4    18 108          10    26 299          191
   1998   3    21  80          11     6 310          230
             MEAN=101              MEAN=293     MEAN=192
 
 THESE ARE THE MONTHLY AVG. MAX TEMPS 1951-1998 FOR STATION #4735
 YEAR    JAN   FEB  MARCH APRIL  MAY  JUNE  JULY AUGUST SEPT   OCT   NOV   DEC   ANN
  
 1951   28.1  37.7  35.2  53.6  73.5  75.4  84.0  81.3  70.2  61.6  40.9  27.6  55.8
 1952   27.9  38.2  38.4  61.8  72.4  87.4  86.4  82.2  79.9  63.5  48.2  32.3  59.9
 1953   30.0  33.8  47.2  54.3  72.0  86.0  87.4  85.9  79.4  71.1  51.0  36.9  61.3
 1954   27.5  47.5  39.2  63.9  67.3  82.5  90.2  82.1  77.3  57.5  52.4  35.1  60.2
 1955   30.4  27.5  44.3  71.4  79.1  79.8  93.5  94.5  81.1  68.5  39.3  26.4  61.3
 1956   24.1  31.4  44.9  60.0  75.5  91.2  87.1  88.1  81.8  74.5  47.2  39.3  62.1
 1957   24.2  38.8  44.8  61.0  70.5  81.5  90.2  84.2  73.4  59.1  43.9  42.5  59.5
 1958   34.8  30.2  41.6  61.6  79.1  79.6  82.4  88.3  80.5  70.1  51.5  32.1  61.0
 1959   25.2  28.7  46.2  63.8  72.6  86.2  86.1  87.3  75.0  59.0  37.2  40.1  58.9
 1960   25.2  26.4  28.5  61.7  73.0  79.1  87.2  83.5  75.5  66.3  50.8  34.5  57.6
 1961   29.6  36.4  44.8  55.4  69.5  81.9  86.4  85.4  73.0  67.7  45.9  26.7  58.6
 1962   25.2  28.8  33.3  61.8  77.4  79.0  83.5  83.8  72.6  66.9  50.8  35.1  58.2
 1963   18.8  33.5  51.3  66.5  73.3  86.3  87.8  82.8  78.3  75.3  53.4  25.5  61.1
 1964   36.5  39.9  42.0  62.2  78.5  83.2  89.9  80.6  74.0  64.8  47.8  28.1  60.6
 1965   26.9  28.4  31.0  62.1  77.9  81.3  85.7  85.0  66.1  68.3  47.5  40.6  58.4
 1966   20.0  33.0  52.3  56.3  74.3  81.9  89.5  80.7  74.2  66.5  45.3  31.3  58.8
 1967   29.0  31.6  53.0  64.1  68.8  78.7  85.3  84.1  76.1  63.0  46.7  35.7  59.7
 1968   29.1  32.5  59.4  66.1  69.9  86.6  84.6  84.9  75.1  65.1  44.9  26.7  60.4
 1969   19.9  29.7  32.4  63.3  75.0  78.2  85.7  85.0  76.3  57.7  48.7  30.1  56.8
 1970   19.2  36.6  38.6  62.6  78.1  85.2  87.6  87.1  76.4  59.7  44.4  31.1  58.9
 1971   21.0  31.1  43.6  64.9  71.3  86.9  84.3  86.3  79.4  68.1  45.8  30.8  59.5
 1972   24.0  26.9  46.2  60.6  73.4  84.6  84.0  83.3  75.1  60.7  41.1  25.7  57.1
 1973   30.0  33.0  49.9  62.8  75.4  87.3  87.7  89.8  74.7  69.8  46.8  29.5  61.4
 1974   27.8  40.3  51.6  65.4  73.6  84.0  94.7  82.6  76.4  69.5  46.6  35.2  62.3
 1975   29.1  27.9  37.7  53.4  78.8  82.0  91.5  87.1  73.6  71.7  48.3  32.8  59.5
 1976   31.5  45.0  47.9  68.7  75.1  87.7  91.4  91.0  81.5  60.5  43.2  33.1  63.0
 1977   20.0  41.5  50.9  70.1  81.6  86.8  90.1  82.4  77.3  63.2  43.7  29.4  61.4
 1978   15.7  21.3  45.5  59.1  74.7  85.7  88.2  86.4  84.0  66.5  44.2  28.0  58.3
 1979   14.7  21.3  40.8  58.8  72.5  85.2  87.3  85.3  81.7  65.7  42.8  42.7  58.2
 1980   31.5  30.2  46.3  67.6  78.3  86.7  93.4  86.3  82.2  64.5  54.6  34.6  63.0
 1981   38.8  41.3  56.3  72.0  73.9  86.7  86.9  83.6  81.5  62.2  51.2  30.6  63.7
 1982   18.6  31.9  44.0  61.3  74.5  81.3  89.3  85.1  75.4  65.5  43.7  36.7  58.9
 1983   31.5  35.7  44.0  54.2  71.5  81.6  92.1  94.7  81.3  64.2  43.7  13.9  59.0
 1984   29.5  39.8  37.8  56.9  69.7  81.2  84.5  86.3  74.0  61.4  47.2  33.3  58.5
 1985   26.5  31.8  52.5  67.3  76.3  80.0  85.0  78.9  70.3  61.4  31.5  21.3  56.9
 1986   35.2  29.4  51.3  63.3  73.1  84.0  86.7  79.7  73.8  62.4  41.2  34.3  59.5
 1987   35.1  47.0  51.0  70.0  79.5  86.5  87.7  79.6  76.1  60.8  49.2  34.1  63.1
 1988   24.7  29.3  52.1  63.7  80.6  89.5  87.7  89.0  78.0  58.6  46.2  33.5  61.1
 1989   36.5  23.3  43.6  64.2  75.0  82.7  88.4  83.2  74.7  67.6  44.0  21.7  58.7
 1990   37.6  34.2  47.9  61.3  68.1  82.9  84.1  83.2  79.8  62.0  49.2  27.5  59.8
 1991   22.2  41.0  49.3  62.4  72.5  82.7  84.2  84.4  75.5  61.6  33.0  33.7  58.5
 1992   36.2  39.5  48.7  53.4  74.1  78.8  77.2  76.5  73.1  62.7  37.7  29.9  57.3
 1993   23.6  23.8  38.1  54.9  68.3  76.6  80.4  81.9  68.5  59.9  40.1  30.4  53.9
 1994   17.6  23.0  49.5  61.3  75.1  82.4  80.8  80.4  77.4  64.0  48.0  30.9  57.5
 1995   24.4  34.8  42.3  53.0  65.9  80.1  86.2  85.0  71.7  59.9  38.2  32.8  56.2
 1996   22.8  33.9  39.5  56.7  65.1  81.0  81.4  80.4  70.2  64.2  33.9  21.5  54.2
 1997   19.6  30.3  45.4  55.1  65.4  83.9  84.3  80.7  77.4  65.6  39.5  34.9  56.8
 1998   28.3  41.4  37.1  59.8  77.2  76.4  83.7  82.0  83.0  65.0  47.2  39.4  60.0
 MEANS  26.8  33.3  44.6  61.6  73.7  83.1  86.7  84.4  76.3  64.5  45.0  31.7  59.3
 
 THESE ARE THE MONTHLY AVG. MIN TEMPS 1951-1998 FOR STATION #4735
 YEAR    JAN   FEB  MARCH APRIL  MAY  JUNE  JULY AUGUST SEPT   OCT   NOV   DEC   ANN
  
 1951    7.7  17.1  17.6  35.1  50.9  55.6  62.0  59.5  48.0  40.5  21.9   9.7  35.5
 1952    8.0  23.7  22.4  37.9  49.2  61.4  61.3  58.6  51.4  32.2  26.2  15.9  37.4
 1953   10.7  17.6  28.3  33.8  47.9  61.6  61.4  60.8  48.7  43.5  29.4  17.5  38.4
 1954    3.4  27.2  22.5  39.0  43.5  60.8  65.2  62.0  53.3  40.6  29.8  19.3  38.9
 1955   12.3   7.1  20.7  41.8  50.8  56.7  69.3  65.5  52.0  38.9  16.7   9.1  36.7
 1956    7.5   7.1  22.2  31.2  49.0  61.4  59.3  60.3  47.1  43.2  24.9  16.4  35.8
 1957    0.7  16.1  23.6  34.3  46.3  55.5  67.1  61.5  48.5  39.0  27.9  20.2  36.7
 1958   13.7   5.2  24.1  34.1  47.8  53.9  58.7  59.2  51.0  37.3  22.2   6.6  34.5
 1959    1.4   4.2  25.8  33.2  49.7  60.7  60.0  65.5  48.9  35.5  15.1  23.5  35.3
 1960    7.3   7.3   8.3  36.9  45.6  54.7  58.3  59.1  51.6  36.3  25.2  11.7  33.5
 1961    5.5  13.9  27.1  31.0  42.7  55.2  57.8  57.6  47.2  36.3  21.7   6.3  33.5
 1962    1.4  11.1  16.5  31.7  52.8  57.0  60.4  58.6  45.3  41.1  28.9  13.2  34.8
 1963   -3.1   8.8  28.2  37.5  47.4  61.0  64.0  60.2  54.0  45.5  27.2   1.4  36.0
 1964   12.0  13.8  17.0  38.4  51.3  58.2  64.2  56.2  49.8  35.5  24.4   6.4  35.6
 1965    4.6   5.5  14.1  34.9  50.7  58.0  60.7  56.7  45.6  38.7  23.3  20.8  34.5
 1966   -1.4   9.7  25.8  32.4  42.5  58.1  64.9  55.7  47.8  35.1  21.1  11.5  33.6
 1967    7.6   7.6  26.3  35.5  43.3  57.6  57.7  55.6  46.4  34.1  22.5  14.8  34.1
 1968    6.3   8.6  24.8  36.2  41.8  57.3  60.6  59.6  49.9  40.0  24.6  10.1  35.0
 1969    1.4  13.6  12.9  37.0  49.5  50.7  63.2  59.4  50.3  35.9  25.2  10.9  34.2
 1970   -3.9  11.7  19.6  34.6  50.3  57.1  61.0  59.9  51.1  37.3  25.8   8.6  34.4
 1971    2.6  12.7  22.6  35.4  44.4  61.5  57.5  56.7  48.9  43.0  25.2  13.2  35.3
 1972    2.0   2.5  24.2  33.9  49.9  57.2  60.1  59.9  49.7  36.2  27.4   7.0  34.2
 1973   10.0  16.1  32.8  34.9  44.9  59.9  63.4  63.9  52.4  44.8  26.9  13.1  38.6
 1974    8.5  17.7  27.0  39.0  48.3  56.4  66.7  58.5  46.3  40.7  28.7  16.4  37.8
 1975    9.8  11.2  18.7  35.6  51.8  59.3  64.9  64.9  48.9  41.2  27.6  17.7  37.6
 1976   10.1  22.5  27.2  41.9  46.3  59.5  64.7  62.1  51.0  33.4  18.8   8.5  37.2
 1977   -2.0  16.2  30.8  43.6  57.3  60.4  65.1  58.5  53.6  39.4  25.3  11.8  38.3
 1978   -4.0   2.5  22.8  39.5  48.7  59.7  63.4  61.7  56.8  38.2  23.9  10.0  35.3
 1979   -3.3   0.0  21.7  35.0  46.8  58.8  63.8  62.5  54.0  38.7  25.5  20.1  35.3
 1980   12.4  12.1  23.5  37.1  48.8  60.1  64.8  63.8  53.5  37.1  27.9  14.7  38.0
 1981   12.7  16.8  26.8  43.5  46.9  60.3  65.5  61.3  51.2  39.0  30.1  12.3  38.9
 1982   -4.1   9.5  24.6  32.8  52.3  54.0  64.9  61.8  54.1  41.3  25.6  18.0  36.2
 1983   15.0  21.2  27.4  32.9  44.5  58.5  66.0  67.9  54.4  41.5  30.0  -3.2  38.0
 1984   11.1  21.7  19.5  36.7  47.8  61.7  62.6  63.7  47.7  42.0  28.2  14.3  38.1
 1985    5.9  12.7  30.1  42.2  52.9  57.2  61.5  58.5  53.6  39.8  17.3   2.4  36.2
 1986   16.8  15.3  30.7  39.0  51.1  62.1  66.2  58.0  54.0  41.6  21.9  18.5  39.6
 1987   17.5  24.1  30.0  39.7  54.1  61.7  66.9  59.6  51.7  34.2  32.9  21.8  41.2
 1988    5.0   9.9  27.4  35.5  54.9  64.1  64.7  64.0  53.6  34.8  25.1  13.5  37.7
 1989   16.7   0.1  19.8  33.5  44.9  53.7  65.2  60.3  48.3  34.2  18.8   0.8  33.0
 1990   16.2  12.3  26.5  32.5  45.0  58.7  60.8  60.5  52.7  34.5  26.1   7.6  36.1
 1991    3.1  18.7  24.0  38.4  53.0  63.0  61.8  60.5  48.8  33.4  16.9  17.4  36.6
 1992   18.2  23.4  26.3  32.2  46.5  55.2  56.8  55.4  47.8  36.5  25.9  14.0  36.5
 1993    5.5   8.9  20.6  33.1  46.0  55.3  63.1  60.5  44.8  36.3  19.2  13.8  33.9
 1994   -1.2   2.4  24.6  32.0  48.7  60.6  58.6  56.7  52.8  40.8  27.2  14.9  34.8
 1995    9.0  14.6  24.4  32.7  44.2  59.0  62.1  64.4  46.5  38.0  19.1  15.9  35.8
 1996    2.8  11.5  14.9  30.0  46.6  59.4  58.6  58.7  48.7  36.9  18.4   5.7  32.7
 1997    1.3  12.7  23.2  29.9  40.6  59.0  63.1  58.6  50.9  39.6  21.3  19.5  35.0
 1998   13.3  25.5  21.2  36.5  52.6  55.4  62.7  62.5  53.4  41.6  30.0  15.8  39.2
 MEANS   6.5  12.7  23.4  35.7  48.2  58.4  62.6  60.4  50.4  38.4  24.5  12.7  36.2
 
 THESE ARE THE MONTHLY AVG. MEAN TEMPS 1951-1998 FOR STATION #4735
 YEAR    JAN   FEB  MARCH APRIL  MAY  JUNE  JULY AUGUST SEPT   OCT   NOV   DEC   ANN
  
 1951   17.9  27.4  26.4  44.4  62.2  65.5  73.0  70.4  59.1  51.0  31.4  18.7  45.6
 1952   17.9  31.0  30.4  49.9  60.8  74.4  73.8  70.4  65.7  47.9  37.2  24.1  48.6
 1953   20.4  25.7  37.8  44.0  59.9  73.8  74.4  73.4  64.0  57.3  40.2  27.2  49.8
 1954   15.5  37.4  30.9  51.4  55.4  71.7  77.7  72.1  65.3  49.0  41.1  27.2  49.5
 1955   21.4  17.3  32.5  56.6  65.0  68.3  81.4  80.0  66.6  53.7  28.0  17.8  49.0
 1956   15.8  19.3  33.6  45.6  62.2  76.3  73.2  74.2  64.4  58.9  36.0  27.9  48.9
 1957   12.5  27.5  34.2  47.7  58.4  68.5  78.7  72.8  60.9  49.0  35.9  31.3  48.1
 1958   24.3  17.7  32.9  47.8  63.5  66.8  70.5  73.7  65.7  53.7  36.9  19.4  47.7
 1959   13.3  16.4  36.0  48.5  61.1  73.5  73.0  76.4  62.0  47.2  26.1  31.8  47.1
 1960   16.2  16.9  18.4  49.3  59.3  66.9  72.8  71.3  63.5  51.3  38.0  23.1  45.6
 1961   17.5  25.1  36.0  43.2  56.1  68.6  72.1  71.5  60.1  52.0  33.8  16.5  46.0
 1962   13.3  20.0  24.9  46.8  65.1  68.0  71.9  71.2  59.0  54.0  39.9  24.2  46.5
 1963    7.9  21.2  39.7  52.0  60.4  73.7  75.9  71.5  66.2  60.4  40.3  13.4  48.5
 1964   24.2  26.9  29.5  50.3  64.9  70.7  77.1  68.4  61.9  50.2  36.1  17.2  48.1
 1965   15.7  17.0  22.6  48.5  64.3  69.7  73.2  70.8  55.9  53.5  35.4  30.7  46.4
 1966    9.3  21.3  39.1  44.3  58.4  70.0  77.2  68.2  61.0  50.8  33.2  21.4  46.2
 1967   18.3  19.6  39.6  49.8  56.0  68.2  71.5  69.8  61.3  48.5  34.6  25.3  46.9
 1968   17.7  20.6  42.1  51.1  55.8  72.0  72.6  72.3  62.5  52.5  34.8  18.4  47.7
 1969   10.6  21.7  22.7  50.2  62.2  64.5  74.5  72.2  63.3  46.8  37.0  20.5  45.5
 1970    7.6  24.2  29.1  48.6  64.2  71.1  74.3  73.5  63.8  48.5  35.1  19.9  46.7
 1971   11.8  21.9  33.1  50.1  57.8  74.2  70.9  71.5  64.2  55.6  35.5  22.0  47.4
 1972   13.0  14.7  35.2  47.3  61.6  70.9  72.0  71.6  62.4  48.5  34.3  16.3  45.6
 1973   20.0  24.6  41.3  48.8  60.1  73.6  75.5  76.9  63.6  57.3  36.9  21.3  50.0
 1974   18.2  29.0  39.3  52.2  61.0  70.2  80.7  70.5  61.3  55.1  37.6  25.8  50.1
 1975   19.5  19.6  28.2  44.5  65.3  70.7  78.2  76.0  61.3  56.5  38.0  25.3  48.6
 1976   20.8  33.7  37.5  55.3  60.7  73.6  78.0  76.5  66.3  47.0  31.0  20.8  50.1
 1977    9.0  28.9  40.8  56.9  69.5  73.6  77.6  70.4  65.4  51.3  34.5  20.6  49.9
 1978    5.9  11.9  34.1  49.3  61.7  72.7  75.8  74.0  70.4  52.3  34.0  19.0  46.8
 1979    5.7  10.6  31.2  46.9  59.7  72.0  75.6  73.9  67.8  52.2  34.2  31.4  46.8
 1980   21.9  21.2  34.9  52.3  63.5  73.4  79.1  75.0  67.8  50.8  41.3  24.6  50.5
 1981   25.8  29.0  41.6  57.8  60.4  73.5  76.2  72.5  66.3  50.6  40.7  21.5  51.3
 1982    7.3  20.7  34.3  47.0  63.4  67.6  77.1  73.4  64.8  53.4  34.6  27.4  47.6
 1983   23.2  28.4  35.7  43.5  58.0  70.1  79.0  81.3  67.8  52.9  36.8   5.3  48.5
 1984   20.3  30.7  28.6  46.8  58.8  71.4  73.6  75.0  60.9  51.7  37.7  23.8  48.3
 1985   16.2  22.3  41.3  54.8  64.6  68.6  73.3  68.7  61.9  50.6  24.4  11.8  46.5
 1986   26.0  22.3  41.0  51.1  62.1  73.1  76.5  68.9  63.9  52.0  31.6  26.4  49.6
 1987   26.3  35.6  40.5  54.8  66.8  74.1  77.3  69.6  63.9  47.5  41.0  27.9  52.1
 1988   14.9  19.6  39.7  49.6  67.7  76.8  76.2  76.5  65.8  46.7  35.7  23.5  49.4
 1989   26.6  11.7  31.7  48.9  60.0  68.2  76.8  71.8  61.5  50.9  31.4  11.3  45.9
 1990   26.9  23.2  37.2  46.9  56.5  70.8  72.4  71.9  66.2  48.2  37.6  17.5  48.0
 1991   12.6  29.9  36.6  50.4  62.7  72.8  73.0  72.4  62.2  47.5  25.0  25.5  47.6
 1992   27.2  31.5  37.5  42.8  60.3  67.0  67.0  66.0  60.5  49.6  31.8  22.0  46.9
 1993   14.5  16.3  29.4  44.0  57.1  66.0  71.7  71.2  56.7  48.1  29.7  22.1  43.9
 1994    8.2  12.7  37.1  46.7  61.9  71.5  69.7  68.6  65.1  52.4  37.6  22.9  46.2
 1995   16.7  24.7  33.4  42.8  55.0  69.6  74.2  74.7  59.1  49.0  28.6  24.4  46.0
 1996   12.8  22.7  27.2  43.3  55.8  70.2  70.0  69.5  59.5  50.6  26.1  13.6  43.5
 1997   10.5  21.5  34.3  42.5  53.0  71.5  73.7  69.7  64.2  52.6  30.4  27.2  45.9
 1998   20.8  33.4  29.1  48.2  64.9  65.9  73.2  72.2  68.2  53.3  38.6  27.6  49.6
 MEANS  16.7  23.0  34.0  48.7  60.9  70.7  74.7  72.4  63.4  51.5  34.7  22.2  47.7
 
 THESE ARE THE MONTHLY PRECIP TOTALS AND NUMBER OF MISSING DAYS 1951-1998 FOR STATION #4735
 YEAR    JAN   FEB  MARCH APRIL  MAY  JUNE  JULY AUGUST SEPT   OCT   NOV   DEC   ANN
  
 1951   0.17  2.64  3.04  4.97  4.62  5.07  3.55  9.08  5.85  2.10  0.37  0.89 42.35
           0     0     0     0     0     0     0     0     0     0     0     0     0
 1952   1.76  0.73  2.25  0.95  3.96  4.22  5.97  4.11  0.86  0.00  0.65  0.96 26.42
           0     0     0     0     0     0     0     0     0     0     0     0     0
 1953   0.70  1.78  2.03  4.19  3.54  5.91  4.44  3.51  1.22  0.63  2.05  2.05 32.05
           0     0     0     0     0     0     0     0     0     0     0     0     0
 1954   0.14  2.23  2.18  2.61  3.41  6.51  1.36  2.90  2.05  2.48  0.37  0.18 26.42
           0     0     0     0     0     0     0     0     0     0     0     0     0
 1955   0.28  1.06  0.77  3.55  0.84  2.08  2.89  1.08  1.52  1.55  0.25  0.46 16.33
           0     0     0     0     0     0     0     0     0     0     0     0     0
 1956   0.59  0.00  0.00  1.60  2.77  0.94  1.85  2.79  0.39  0.48  1.35  0.38 13.14
           0    29    31     0     0     0     0     0     0     0     0     0    60
 1957   0.51  0.52  1.85  1.71  2.86  5.36  4.25  4.22  3.70  2.74  2.77  0.27 30.76
           0     0     0     0     0     0     0     0     0     0     1     0     1
 1958   0.20  0.91  0.67  2.82  3.21  1.56  2.95  0.46  0.77  0.00  1.06  0.21 14.82
           0     0     0     0     0     0     0     0     0     0     0     0     0
 1959   0.21  0.93  1.27  1.17  8.06  2.46  1.47  5.39  2.64  2.82  1.81  1.38 29.61
           0     0     0     0     0     0     0     0     0     0     0     0     0
 1960   0.80  0.24  1.10  3.36  6.07  2.87  0.75  7.60  3.22  0.91  0.86  0.55 28.33
           0     0     0     0     0     0     0     0     0     0     0     0     0
 1961   0.30  0.67  2.00  0.78  2.73  5.52  2.56  3.38  2.28  2.16  0.35  0.86 23.59
           0     1     0     0     0     0     0     0     0     0     0     0     1
 1962   0.09  1.63  2.26  2.48  4.25  5.42  5.22  2.81  3.36  0.98  0.10  0.08 28.68
           0     1     0     0     0     0     0     0     0     0     0     0     1
 1963   0.51  0.35  1.13  0.66  1.37  4.03  3.04  3.59  2.26  0.61  0.00  0.32 17.87
           0     0     0     0     0     0     0     0     0     0     0     0     0
 1964   0.14  0.11  1.44  3.15  4.88  2.22  3.60  3.55  5.44  0.41  0.12  0.74 25.80
           0     0     0     0     0     0     0     0     0     0     0     0     0
 1965   0.18  1.52  1.79  3.43  4.83  3.35  2.62  1.52  8.82  0.55  0.46  0.42 29.49
           0     0     0     0     0     0     0     0     0     0     0     0     0
 1966   0.45  0.85  1.26  0.51  1.81  4.41  2.83  4.09  1.82  1.86  0.05  0.80 20.74
           0     0     0     0     0     0     0     0     0     0     0     0     0
 1967   0.53  0.22  0.15  1.10  3.49  8.56  0.99  3.17  0.62  1.00  0.02  0.43 20.28
           0     0     0     0     0     0     0     0     0     0     0     0     0
 1968   0.20  0.06  0.39  3.18  2.89  2.71  3.69  4.21  4.85  5.69  0.45  2.28 30.60
           0     0     0     0     0     0     0     0     0     0     0     0     0
 1969   1.68  1.34  3.73  1.01  3.13  6.12  3.41  4.38  2.68  2.66  0.25  1.15 31.54
           0     0     0     0     0     0     0     0     0     0     0     0     0
 1970   0.34  0.12  1.63  1.39  2.33  0.93  1.89  0.62  5.38  3.04  0.97  0.60 19.24
           0     0     0     0     2     0     0     0     0     0     0     0     2
 1971   0.48  2.05  0.61  1.56  2.71  9.21  2.32  0.68  1.02  3.16  2.16  0.79 26.75
           0     0     0     0     0     0     0     0     0     0     0     0     0
 1972   0.41  0.70  0.64  3.47  5.79  3.71  6.24  1.95  1.92  1.40  1.77  2.27 30.27
           0     0     0     0     0     0     0     0     0     0     0     0     0
 1973   0.67  0.44  3.32  1.27  3.00  2.23  6.70  0.77  4.11  2.18  0.08  0.77 25.54
           0     0     0     0     0     0     0     0     0     0    29     0    29
 1974   0.19  0.05  1.68  2.15  3.38  5.88  0.92  5.30  1.12  1.33  0.53  0.62 23.15
           0     0     0     0     0     0     0     0     0     0     0     0     0
 1975   2.00  0.32  1.80  4.90  3.20  5.16  1.01  4.98  1.20  0.24  2.44  0.02 27.27
           0     0     0     0     0     0     0     0     0     0     0     0     0
 1976   0.18  0.88  2.54  1.31  2.44  0.96  1.37  1.06  1.32  0.52  0.02  0.39 12.99
           0     0     0     0     0     0     0     0     0     0     0     0     0
 1977   0.22  0.44  4.52  2.53  4.45  3.82  2.98  1.75  3.56  3.13  2.58  1.64 31.62
           0     0     0     0     0     0     0     0     0     0     0     0     0
 1978   0.36  0.97  0.40  2.73  3.60  1.78  9.94  4.60  2.78  0.89  0.94  0.83 29.82
           0     0     0     0     0     0     0     0     0     0     0     0     0
 1979   1.47  0.54  3.46  2.27  5.38  2.84  2.30  6.45  3.75  4.78  2.03  0.10 35.37
           0     0     0     0     0     0     0     0     0     0     0     0     0
 1980   0.37  0.65  0.84  1.07  3.37  1.54  2.39  6.39  2.90  1.30  0.02  0.30 21.14
           0     0     0     0     0     0     0     0     0     0     0     0     0
 1981   0.25  0.45  1.82  0.61  2.39  5.27  3.80  2.87  0.86  2.39  1.33  0.89 22.93
           0     0     0     0     0     0     0     0     0     0     0     0     0
 1982   2.30  0.29  1.07  0.92  5.51  1.70  4.73  1.69  2.63  4.60  2.00  2.66 30.10
           0     0     0     0     0     0     0     0     0     0     0     0     0
 1983   0.42  0.90  4.25  2.83  5.15  9.46  0.96  0.43  3.01  2.07  4.47  0.96 34.91
           0     0     0     0     0     0     0     0     0     0     0     0     0
 1984   0.35  1.41  1.66  6.87  4.67  7.93  3.14  2.24  1.15  5.11  0.69  1.36 36.58
           0     0     0     0     0     0     0     0     0     0     0     0     0
 1985   0.23  0.05  2.05  7.50  3.33  3.48  0.50 12.45  4.06  1.06  1.00  0.63 36.34
           0     0     0     0     0     0     0     0     0     0     0     0     0
 1986   0.08  0.05  2.11  4.50  2.26  3.24  2.41  1.88  6.08  3.11  0.96  0.21 26.89
           0     0     0     0     0     0     0     0     0     0     0     0     0
 1987   0.23  0.34  4.59  0.38  4.02  0.74  4.11  2.34  2.09  0.62  1.04  0.57 21.07
           0     0     0     0     0     0     0     0     0     0     0     0     0
 1988   0.65  0.20  0.73  2.82  1.92  2.39  0.96  8.36  4.04  0.24  1.72  0.30 24.33
           0     0     0     0     0     0     0     0     0     0     1     1     2
 1989   0.76  0.27  0.78  1.20  0.50  1.93  5.36  0.98  3.09  0.00  0.09  0.00 14.96
           0     1     0     1     0     1     0     0     0     0     1     3     7
 1990   1.26  0.00  2.29  1.67  5.26  4.15  2.21  4.10  1.65  2.03  0.83  0.55 26.00
           2     3     0     0     0     0     0     0     1     0     3     6    15
 1991   0.51  0.35  2.58  3.17  2.35  5.20  2.45  2.89  3.46  0.63  4.05  0.72 28.36
           0     0     0     0     0     0     0     0     0     0     0     0     0
 1992   0.45  0.52  2.71  2.91  2.27  3.61  6.93  4.35  3.08  4.75  1.28  0.99 33.85
           0     0     0     0     0     0     0     0     0     0     0     0     0
 1993   0.60  1.23  1.36  4.41  3.42  3.09  4.68  3.10  1.32  1.81  1.36  0.98 27.36
           0     0     0     0     0     0     0     0     0     0     0     0     0
 1994   0.69  0.57  0.02  3.85  1.10  3.81  2.44  3.18  3.54  0.49  1.94  1.07 22.70
           0     0     0     0     0     0     0     0     0     0     0     0     0
 1995   0.02  0.08  2.99  3.32  4.84  2.82  2.58  4.33  3.56  2.05  0.55  0.20 27.34
           0     0     0     0     0     0     0     0     0     0     0     0     0
 1996   1.10  0.01  1.25  0.51  3.47  7.37  4.00  4.33  2.43  1.31  2.38  0.88 29.04
           0     0     0     0     0     0     0     0     0     0     0     0     0
 1997   1.08  0.62  0.44  2.92  3.66  3.43  4.18  1.47  3.15  1.00  0.43  0.23 22.61
           0     0     0     0     0     0     0     0     0     0     0     0     0
 1998   1.00  0.66  3.76  5.64  4.36  4.58  2.41  3.52  0.84  3.73  2.35  0.15 33.00
           0     0     0     0     0     0     0     0     0     0     0     0     0
 
 MEANS  0.59  0.69  1.82  2.58  3.52  3.99  3.19  3.56  2.78  1.85  1.15  0.75 26.47
 PRECIPITATION MEANS AND TOTALS ARE BASED ON DATA AVAILABLE
 NO ATTEMPT WAS MADE TO ESTIMATE MISSING PRECIPITATION DATA
 *****************************************************************************************
 *****************************************************************************************
 
 THESE ARE THE MONTHLY HEATING DEGREE DAYS 1951-1998 FOR STATION #4735
 YEAR    JAN    FEB   MARCH  APRIL   MAY    JUNE   JULY  AUGUST  SEPT   OCT   NOV   DEC
 
 1951  1460.0 1053.5 1195.5  620.0  124.5   64.5   13.5    7.5  200.5  452.5 1008.0 1436.0
 1952  1459.0  986.5 1073.5  465.5  175.0    5.0    2.5    2.0   91.0  531.5  833.5 1267.5
 1953  1383.0 1101.0  844.0  629.0  202.0   19.5    2.0    3.0  105.5  273.5  744.0 1172.0
 1954  1536.0  774.0 1057.5  418.0  311.5   45.0    0.0    1.5   89.0  496.5  717.0 1171.0
 1955  1352.5 1335.5 1007.5  258.0   76.5   47.5    0.0    2.0   95.5  358.0 1111.0 1464.5
 1956  1526.0 1326.0  974.5  582.5  168.0   14.0    1.5   13.5  106.0  228.5  868.5 1151.5
 1957  1629.0 1050.5  954.0  523.5  234.5   27.0    0.0   10.0  151.5  494.5  873.5 1044.5
 1958  1263.0 1325.0  995.5  515.0  123.5   59.0    8.5   22.0  105.0  371.0  844.0 1414.0
 1959  1602.0 1359.5  899.5  494.5  178.0   20.0    6.5    1.0  185.0  550.5 1166.0 1030.5
 1960  1511.5 1395.0 1445.5  491.0  207.0   26.5    5.0    4.0  149.0  437.0  810.5 1297.5
 1961  1471.0 1116.5  899.5  655.0  296.0   36.0    1.5    3.5  211.5  406.5  936.0 1503.0
 1962  1603.5 1260.5 1244.5  560.5   88.5   34.5    9.5    6.0  214.0  369.5  753.5 1265.5
 1963  1771.5 1227.0  783.0  398.0  194.5    4.5    0.0   15.0   63.0  174.5  740.0 1599.0
 1964  1263.5 1106.0 1100.5  443.5  109.0   23.5    0.0   49.5  174.0  463.0  868.0 1481.0
 1965  1527.0 1345.0 1315.5  495.5  102.0    9.5    0.0   23.5  293.0  361.0  887.5 1062.5
 1966  1726.0 1222.5  804.0  625.0  246.0   34.0    0.0   24.0  169.5  446.0  953.0 1352.0
 1967  1448.0 1270.0  788.0  459.0  343.5   25.0   27.0   27.0  138.0  518.5  912.5 1231.5
 1968  1466.0 1288.5  711.5  420.0  298.5   26.0   12.0   13.5  122.5  407.0  907.0 1444.0
 1969  1685.5 1213.5 1312.5  444.5  168.0   85.5    0.0    0.0   85.0  572.0  841.5 1378.5
 1970  1778.0 1143.0 1113.0  515.5  142.0   27.5    9.5    0.0  166.5  525.0  898.0 1399.5
 1971  1649.0 1206.5  988.0  453.5  230.0    5.0   15.0   12.5  141.5  312.5  885.0 1333.5
 1972  1612.0 1458.0  924.0  532.5  188.0   16.0   18.5   13.0  157.0  514.0  922.5 1509.0
 1973  1394.5 1132.5  733.5  485.0  184.5    2.5    1.0    0.0   98.0  259.0  844.0 1354.5
 1974  1451.0 1008.0  796.0  398.0  174.0   40.0    0.0   10.5  166.5  316.5  821.0 1215.5
 1975  1411.5 1272.5 1139.5  615.0   96.5   20.0    2.5    0.0  174.0  304.0  811.0 1232.0
 1976  1371.0  907.0  851.0  306.5  174.5    5.0    0.0    0.0   90.5  569.5 1021.0 1371.0
 1977  1736.0 1012.0  749.0  276.0   12.0    0.0    0.0    5.0   58.0  426.0  916.0 1376.5
 1978  1832.5 1486.5  961.0  471.0  173.0   24.5    1.0    5.5   39.5  398.5  928.5 1426.5
 1979  1839.0 1522.5 1047.0  545.0  218.0   18.0    0.0   10.0   50.0  398.0  925.5 1041.0
 1980  1335.0 1271.0  933.5  408.5  135.0    8.0    0.0    0.5   58.5  448.5  711.5 1251.5
 1981  1215.5 1007.5  726.5  250.0  170.5    2.0    6.0    4.0   63.0  447.0  730.5 1350.0
 1982  1790.0 1240.0  952.0  542.5  104.0   30.5    0.0    8.5  102.0  364.0  911.5 1166.0
 1983  1294.5 1023.5  909.0  644.0  242.5   23.5    0.0    0.0  109.5  387.5  844.5 1849.5
 1984  1385.5  993.5 1127.5  547.0  222.0    7.5    1.5    5.5  187.0  414.5  819.0 1277.5
 1985  1511.5 1197.0  735.5  342.0   91.5   49.5    2.0   22.0  213.5  447.0 1218.5 1648.0
 1986  1209.0 1194.5  748.5  417.0  135.5    2.5    0.0   29.5   90.0  403.0 1002.5 1197.5
 1987  1199.5  824.5  759.0  340.0   76.0    7.0    2.5   46.5   84.0  544.0  718.5 1149.0
 1988  1554.5 1316.0  783.0  467.5   32.0    2.0    0.0   10.5   66.0  566.5  880.5 1287.5
 1989  1191.5 1493.0 1032.5  502.5  195.0   43.5    0.0   10.5  183.5  442.0 1007.0 1666.0
 1990  1181.0 1170.0  863.0  572.0  273.0   42.5    8.0    4.5  113.5  526.0  821.0 1471.0
 1991  1624.0  983.5  879.0  453.0  200.5    7.5    3.5    3.0  189.5  542.5 1201.5 1223.5
 1992  1171.0  972.5  851.5  667.0  190.0   35.0   28.0   56.5  170.5  480.0  997.0 1334.5
 1993  1564.5 1362.5 1104.5  629.5  250.0   69.5    0.0   18.0  262.5  533.0 1059.5 1330.0
 1994  1761.0 1465.0  865.5  563.0  183.5   10.0    9.5   25.0  101.5  392.5  822.0 1305.0
 1995  1496.5 1129.0  981.0  665.0  309.0   52.5   11.0    5.5  219.0  506.5 1091.0 1260.0
 1996  1618.0 1226.0 1172.0  649.5  317.0   35.5    2.5    4.0  221.0  451.5 1165.5 1594.0
 1997  1691.0 1218.5  953.0  674.5  382.5    0.5   10.0   24.0  107.0  437.0 1037.5 1171.5
 1998  1371.5  883.5 1112.0  505.5   90.0   92.5    0.0    0.0   48.0  363.0  792.5 1159.5
 *****************************************************************************************
 MEANS 1527.2 1207.6  980.4  507.5  187.2   27.2    4.7   11.9  137.0  437.2  924.3 1352.5
 
 THESE ARE THE MONTHLY COOLING DEGREE DAYS 1951-1998 FOR STATION #4735
 YEAR    JAN   FEB  MARCH APRIL  MAY  JUNE  JULY AUGUST SEPT   OCT   NOV   DEC   ANN
 
 1951    0.0   0.0   0.0   1.0  37.5  78.5 261.5 175.5  23.0  20.0   0.0   0.0
 1952    0.0   0.0   0.0  11.5  44.0 286.5 276.5 169.0 110.5   0.0   0.0   0.0
 1953    0.0   0.0   0.0   0.5  45.0 283.5 292.5 262.0  76.5  35.0   0.0   0.0
 1954    0.0   0.0   0.0  11.0  13.5 245.0 393.5 220.5  98.0   1.0   0.0   0.0
 1955    0.0   0.0   0.0   5.0  76.0 145.0 507.5 467.0 143.0   7.5   0.0   0.0
 1956    0.0   0.0   0.0   0.0  82.5 352.5 255.5 299.0  89.5  38.0   0.0   0.0
 1957    0.0   0.0   0.0   3.5  30.0 131.0 424.0 253.0  29.5   0.0   0.0   0.0
 1958    0.0   0.0   0.0   0.5  75.5 111.5 180.0 292.5 127.0  20.5   0.0   0.0
 1959    0.0   0.0   0.0   0.5  58.0 274.0 255.0 354.0  94.0   0.0   0.0   0.0
 1960    0.0   0.0   0.0  20.0  30.0  83.5 246.0 198.5 105.0  11.0   0.0   0.0
 1961    0.0   0.0   0.0   1.0  20.5 143.0 222.5 205.5  64.5   3.5   0.0   0.0
 1962    0.0   0.0   0.0  13.5  91.5 125.0 224.0 199.5  33.0  28.5   0.0   0.0
 1963    0.0   0.0   0.0   8.5  50.5 265.0 339.0 216.0  98.5  32.0   0.0   0.0
 1964    0.0   0.0   0.0   2.5 105.0 194.5 374.0 154.5  81.5   4.0   0.0   0.0
 1965    0.0   0.0   0.0   1.0  81.0 149.0 254.5 204.0  19.0   5.0   0.0   0.0
 1966    0.0   0.0   0.0   5.0  42.0 183.5 379.5 123.5  49.0   6.5   0.0   0.0
 1967    0.0   0.0   1.5   3.5  66.0 119.5 228.5 177.0  25.5   7.5   0.0   0.0
 1968    0.0   0.0   1.5   4.0  14.5 235.5 248.0 238.5  46.5  20.0   0.0   0.0
 1969    0.0   0.0   0.0   0.0  81.5  70.0 294.0 223.0  35.0   7.5   0.0   0.0
 1970    0.0   0.0   0.0  23.5 116.0 211.5 297.5 263.5 129.0  14.5   0.0   0.0
 1971    0.0   0.0   0.0   7.5   8.0 282.0 198.0 214.0 116.0  20.0   0.0   0.0
 1972    0.0   0.0   0.0   0.0  84.0 192.5 236.5 217.5  79.5   1.0   0.0   0.0
 1973    0.0   0.0   0.0   0.0  34.0 261.0 328.0 368.5  55.5  20.5   0.0   0.0
 1974    0.0   0.0   0.0  14.0  49.0 196.0 486.5 181.5  56.0   9.0   0.0   0.0
 1975    0.0   0.0   0.0   0.0 105.5 190.0 412.0 342.0  62.0  39.0   0.0   0.0
 1976    0.0   0.0   0.0  14.5  41.0 263.0 404.5 358.0 128.5  10.5   0.0   0.0
 1977    0.0   0.0   0.0  32.0 150.0 258.5 390.0 173.5  71.0   0.0   0.0   0.0
 1978    0.0   0.0   4.5   0.0  71.5 256.0 335.5 285.0 201.0   5.5   0.0   0.0
 1979    0.0   0.0   0.0   1.5  52.5 229.0 328.0 286.0 135.5   2.5   0.0   0.0
 1980    0.0   0.0   0.0  28.5  89.5 260.0 437.0 312.0 144.0   7.0   0.0   0.0
 1981    0.0   0.0   0.0  33.0  28.0 256.0 352.0 235.0 102.5   0.0   0.0   0.0
 1982    0.0   0.0   0.0   3.0  54.5 109.0 376.0 269.5  95.0   5.0   0.0   0.0
 1983    0.0   0.0   0.0   0.0  26.0 175.5 435.5 505.5 195.0  11.0   0.0   0.0
 1984    0.0   0.0   0.0   1.5  29.5 201.0 267.0 316.0  63.0   3.0   0.0   0.0
 1985    0.0   0.0   0.0  35.5  79.0 157.5 258.0 136.0 121.0   0.0   0.0   0.0
 1986    0.0   0.0   4.0   1.0  46.0 244.5 355.0 149.0  56.5   0.0   0.0   0.0
 1987    0.0   0.0   0.0  35.5 132.5 280.5 384.5 190.0  51.0   0.5   0.0   0.0
 1988    0.0   0.0   0.0   6.5 117.0 356.5 347.5 367.0  89.5   0.0   0.0   0.0
 1989    0.0   0.0   0.0  19.0  38.5 140.0 365.5 220.0  77.5   4.0   0.0   0.0
 1990    0.0   0.0   0.0  29.0  10.0 216.5 238.5 217.0 150.5   5.5   0.0   0.0
 1991    0.0   0.0   0.0  15.5 129.5 243.0 251.5 232.5 104.0   0.5   0.0   0.0
 1992    0.0   0.0   0.0   0.0  44.0  95.5  90.5  86.5  34.0   3.0   0.0   0.0
 1993    0.0   0.0   0.0   0.0   6.5  99.0 209.0 210.0  12.5  10.0   0.0   0.0
 1994    0.0   0.0   0.0  13.5  87.5 205.0 154.5 136.0 104.5   2.0   0.0   0.0
 1995    0.0   0.0   0.0   0.0   0.5 189.0 295.0 306.5  42.0   9.5   0.0   0.0
 1996    0.0   0.0   0.0   0.0  33.0 191.5 158.0 145.0  54.5   4.5   0.0   0.0
 1997    0.0   0.0   0.0   0.0  10.0 194.5 280.0 169.0  82.0  54.0   0.0   0.0
 1998    0.0   0.0   0.0   0.0  86.5 120.5 254.5 224.5 144.0   1.0   0.0   0.0
 *****************************************************************************************
 MEANS   0.0   0.0   0.3   8.8  59.9 203.6 311.2 246.6  87.9  10.6   0.0   0.0
 
 THESE ARE THE HEAT STRESS VARIABLES 1951-1998 FOR STATION #4735
             # OF DAYS MAXT >86                           HEAT INDEX
 YEAR   MAY  JUNE  JULY   AUG  SEPT  TOTAL     MAY    JUNE   JULY   AUG    SEPT  TOTAL
 1951   0.0   1.0  18.0   5.0   0.0   24.0      0.0    1.0   70.0   19.0    0.0   90.0
 1952   3.0  16.0  15.0   6.0   8.0   48.0     12.0  102.0   69.0   19.0   28.0  230.0
 1953   3.0  16.0  17.0  14.0   4.0   54.0      9.0  107.0   83.0   80.0   25.0  304.0
 1954   1.0  11.0  23.0   7.0   6.0   48.0      3.0   50.0  163.0   16.0   15.0  247.0
 1955   5.0   7.0  28.0  26.0  10.0   76.0     19.0   26.0  234.0  275.0   70.0  624.0
 1956   6.0  21.0  18.0  21.0  11.0   77.0     19.0  199.0   90.0  123.0   60.0  491.0
 1957   0.0   5.0  24.0  12.0   2.0   43.0      0.0   22.0  137.0   63.0    3.0  225.0
 1958   5.0   7.0   5.0  22.0   6.0   45.0     12.0   37.0   16.0  131.0   23.0  219.0
 1959   2.0  17.0  12.0  20.0   6.0   57.0     12.0   85.0   58.0   91.0   25.0  271.0
 1960   2.0   5.0  16.0   6.0   7.0   36.0      4.0   14.0   84.0   34.0   25.0  161.0
 1961   0.0   9.0  16.0  15.0   3.0   43.0      0.0   50.0   68.0   61.0    4.0  183.0
 1962   4.0   2.0  11.0  13.0   1.0   31.0     12.0    7.0   41.0   36.0    2.0   98.0
 1963   3.0  15.0  19.0   8.0   4.0   49.0      5.0   68.0   93.0   25.0   19.0  210.0
 1964   8.0  13.0  22.0   7.0   4.0   54.0     42.0   50.0  143.0   47.0   10.0  292.0
 1965   5.0   6.0  14.0  14.0   0.0   39.0     12.0   13.0   63.0   84.0    0.0  172.0
 1966   6.0   8.0  21.0   6.0   0.0   41.0     22.0   36.0  132.0   19.0    0.0  209.0
 1967   5.0   2.0  11.0   8.0   1.0   27.0     43.0    5.0   63.0   25.0    3.0  139.0
 1968   2.0  15.0  10.0  12.0   0.0   39.0      6.0  100.0   40.0   91.0    0.0  237.0
 1969   6.0   2.0  13.0  12.0   0.0   33.0     19.0   17.0   59.0   38.0    0.0  133.0
 1970   8.0  14.0  18.0  17.0   8.0   65.0     44.0   75.0   99.0  111.0   45.0  374.0
 1971   0.0  15.0  10.0  15.0   8.0   48.0      0.0   83.0   46.0   73.0   46.0  248.0
 1972   8.0  12.0  11.0  13.0   5.0   49.0     15.0   69.0   41.0   79.0   22.0  226.0
 1973   6.0  15.0  18.0  26.0   2.0   67.0     23.0  108.0  119.0  136.0    3.0  389.0
 1974   3.0  12.0  28.0   9.0   4.0   56.0      8.0   86.0  275.0   35.0   11.0  415.0
 1975   7.0   8.0  25.0  16.0   4.0   60.0     34.0   30.0  192.0   83.0   19.0  358.0
 1976   3.0  17.0  25.0  22.0  11.0   78.0     14.0   90.0  186.0  185.0   62.0  537.0
 1977   5.0  14.0  19.0   8.0   3.0   49.0     15.0   87.0  158.0   33.0   14.0  307.0
 1978   4.0  15.0  19.0  13.0  12.0   63.0     10.0   88.0  131.0   69.0   73.0  371.0
 1979   4.0  17.0  17.0  15.0   7.0   60.0     14.0   92.0   92.0   94.0   22.0  314.0
 1980   8.0  17.0  26.0  14.0  10.0   75.0     24.0   93.0  242.0   86.0   45.0  490.0
 1981   0.0  15.0  18.0  12.0  10.0   55.0      0.0   84.0  114.0   34.0   45.0  277.0
 1982   0.0   8.0  22.0  15.0   4.0   49.0      0.0   27.0  129.0   68.0    8.0  232.0
 1983   2.0   9.0  27.0  29.0  13.0   80.0      7.0   51.0  200.0  274.0   95.0  627.0
 1984   0.0   3.0   8.0  17.0   5.0   33.0      0.0    6.0   38.0   82.0   20.0  146.0
 1985   3.0   9.0  10.0   4.0   5.0   31.0      5.0   38.0   39.0    8.0   20.0  110.0
 1986   0.0   8.0  18.0   4.0   0.0   30.0      0.0   31.0   72.0   11.0    0.0  114.0
 1987  10.0  17.0  19.0   5.0   1.0   52.0     44.0   98.0   95.0   21.0    2.0  260.0
 1988   4.0  16.0  18.0  19.0   5.0   62.0      9.0  154.0  111.0  161.0   12.0  447.0
 1989   3.0  10.0  18.0   7.0   1.0   39.0     15.0   47.0  129.0   19.0    8.0  218.0
 1990   1.0  10.0   9.0  11.0  13.0   44.0      4.0   69.0   63.0   46.0   51.0  233.0
 1991   3.0  11.0  11.0  13.0   2.0   40.0     11.0   54.0   63.0   56.0   10.0  194.0
 1992   2.0   4.0   0.0   2.0   0.0    8.0     10.0    8.0    0.0    6.0    0.0   24.0
 1993   0.0   6.0   3.0   7.0   1.0   17.0      0.0   15.0    7.0   18.0    1.0   41.0
 1994   3.0   6.0   3.0   5.0   4.0   21.0     16.0   27.0    6.0   26.0   14.0   89.0
 1995   0.0  10.0  14.0  16.0   1.0   41.0      0.0   51.0   96.0   53.0    2.0  202.0
 1996   2.0  10.0   5.0   1.0   0.0   18.0     16.0   44.0   11.0    2.0    0.0   73.0
 1997   2.0   9.0  11.0   9.0   3.0   34.0      5.0   27.0   47.0   28.0    3.0  110.0
 1998   5.0   7.0   9.0   8.0  11.0   40.0     17.0   16.0   25.0   19.0   46.0  123.0
 *****************************************************************************************
 MEANS  3.4  10.7  16.0  12.5   4.8   47.4     12.8   57.9   96.4   67.9   21.5  256.6
