 
 THIS IS FOR STATION NUMBER 6305 1951-> 1998
                                 # OF PRECIPITATION EVENTS - % IN PARENS
 CL                   MAX   MEAN  0.01-  0.26-  0.51-  1.01-          # OF DAYS
 WK    TIME PERIOD    VAL   RAIN    0.25   0.51   1.00   2.00  >2.01 MISSING TOTAL
  1 3/1-->3/7        2.07   0.46  49(65)  8(10) 16(21)  1( 1)  1( 1)    0       75
  2 3/8-->3/14       1.60   0.49  59(68)  9(10) 12(13)  6( 6)  0( 0)    0       86
  3 3/15-->3/21      1.12   0.47  63(68) 13(14) 11(11)  5( 5)  0( 0)    0       92
  4 3/22-->3/28      1.80   0.52  54(60) 20(22) 12(13)  3( 3)  0( 0)    0       89
  5 3/29-->4/4       1.40   0.58  56(58) 22(22) 14(14)  4( 4)  0( 0)    0       96
  6 4/5-->4/11       1.32   0.53  62(63) 18(18) 15(15)  2( 2)  0( 0)    0       97
  7 4/12-->4/18      2.16   0.79  56(51) 25(23) 19(17)  7( 6)  1( 0)    0      108
  8 4/19-->4/25      1.52   0.77  55(51) 26(24) 17(15)  9( 8)  0( 0)    2      107
  9 4/26-->5/2       3.05   0.94  63(54) 27(23) 14(12)  8( 6)  3( 2)    0      115
 10 5/3-->5/9        1.41   0.72  64(58) 24(21) 14(12)  8( 7)  0( 0)    0      110
 11 5/10-->5/16      2.51   0.87  61(52) 26(22) 22(18)  7( 5)  1( 0)    0      117
 12 5/17-->5/23      1.92   0.82  54(53) 18(17) 19(18) 10( 9)  0( 0)    0      101
 13 5/24-->5/30      2.93   1.17  75(53) 24(17) 26(18) 11( 7)  3( 2)    0      139
 14 5/31-->6/6       1.50   0.63  57(56) 25(24) 14(13)  5( 4)  0( 0)    0      101
 15 6/7-->6/13       3.39   1.05  66(53) 20(16) 22(17) 12( 9)  3( 2)    0      123
 16 6/14-->6/20      4.09   1.07  68(53) 26(20) 21(16) 11( 8)  2( 1)    0      128
 17 6/21-->6/27      3.85   1.33  44(39) 18(16) 27(24) 19(17)  3( 2)    0      111
 18 6/28-->7/4       3.86   0.94  46(46) 26(26) 13(13) 12(12)  2( 2)    0       99
 19 7/5-->7/11       3.01   0.97  50(49) 17(16) 24(23)  7( 6)  3( 2)    0      101
 20 7/12-->7/18      3.60   1.13  47(43) 21(19) 25(22) 13(11)  3( 2)    0      109
 21 7/19-->7/25      3.41   1.06  54(51) 22(20) 12(11) 12(11)  5( 4)    0      105
 22 7/26-->8/1       3.70   0.91  45(50) 19(21) 10(11) 13(14)  3( 3)    0       90
 23 8/2-->8/8        2.60   1.11  61(52) 21(18) 16(13) 13(11)  5( 4)    0      116
 24 8/9-->8/15       6.37   0.70  57(64) 14(15) 11(12)  4( 4)  3( 3)    0       89
 25 8/16-->8/22      3.31   1.08  46(48) 16(16) 13(13) 15(15)  5( 5)    0       95
 26 8/23-->8/29      5.10   1.16  58(51) 23(20) 14(12) 15(13)  3( 2)    0      113
 27 8/30-->9/5       5.74   0.90  50(58) 12(13) 12(13)  9(10)  3( 3)    0       86
 28 9/6-->9/12       2.54   0.70  46(58) 10(12) 10(12) 11(14)  1( 1)    1       78
 29 9/13-->9/19      3.07   0.76  58(56) 28(27)  6( 5)  9( 8)  2( 1)    0      103
 30 9/20-->9/26      5.17   1.04  54(48) 23(20) 26(23)  4( 3)  4( 3)    0      111
 31 9/27-->10/3      2.49   0.76  39(47) 22(26) 11(13)  8( 9)  2( 2)    0       82
 32 10/4-->10/10     2.67   0.62  38(46) 15(18) 24(29)  3( 3)  1( 1)    0       81
 33 10/11-->10/17    2.38   0.60  31(44) 16(22) 16(22)  5( 7)  2( 2)    0       70
 34 10/18-->10/24    1.86   0.52  39(56) 16(23)  6( 8)  8(11)  0( 0)    0       69
 35 10/25-->10/31    1.31   0.40  43(61) 12(17) 13(18)  2( 2)  0( 0)    0       70
 36 11/1-->11/7      2.58   0.35  40(67)  9(15)  7(11)  2( 3)  1( 1)    7       59
 37 11/8-->11/14     2.47   0.35  46(73)  8(12)  5( 7)  3( 4)  1( 1)    7       63
 38 11/15-->11/21    1.38   0.53  31(46) 15(22) 14(21)  6( 9)  0( 0)    7       66
 39 11/22-->11/28    1.40   0.31  50(70) 16(22)  3( 4)  2( 2)  0( 0)    7       71
 40 11/29-->12/5     0.90   0.34  42(62) 11(16) 14(20)  0( 0)  0( 0)    2       67
 41 12/6-->12/12     1.21   0.26  51(78)  6( 9)  7(10)  1( 1)  0( 0)    1       65
 42 12/13-->12/19    0.93   0.25  39(66) 15(25)  5( 8)  0( 0)  0( 0)    1       59
 43 12/20-->12/26    0.67   0.19  59(84)  7(10)  4( 5)  0( 0)  0( 0)    2       70
 44 12/27-->1/2      1.78   0.24  51(78)  7(10)  5( 7)  2( 3)  0( 0)    0       65
 45 1/3-->1/9        1.18   0.18  47(83)  7(12)  1( 1)  1( 1)  0( 0)    0       56
 46 1/10-->1/16      0.90   0.19  58(86)  6( 8)  3( 4)  0( 0)  0( 0)    0       67
 47 1/17-->1/23      1.19   0.29  57(77)  8(10)  8(10)  1( 1)  0( 0)    1       74
 48 1/24-->1/30      1.06   0.24  70(84)  8( 9)  4( 4)  1( 1)  0( 0)    1       83
 49 1/31-->2/6       0.68   0.21  53(79) 10(14)  4( 5)  0( 0)  0( 0)    0       67
 50 2/7-->2/13       0.83   0.15  48(88)  4( 7)  2( 3)  0( 0)  0( 0)    0       54
 51 2/14-->2/20      1.30   0.25  35(62) 16(28)  4( 7)  1( 1)  0( 0)    0       56
 52 2/21-->2/27      0.93   0.22  46(76)  8(13)  6(10)  0( 0)  0( 0)    0       60
 53 2/28-->2/29      0.52   0.02   9(90)  0( 0)  1(10)  0( 0)  0( 0)    1       10
 ANNUAL TOTALS       6.37   2700(59)843(18)654(14)311( 6) 66( 1)   40     4574
 
 THESE ARE THE MONTHLY AVERAGES FOR 1951-->1998 FOR STATION NUMBER 6305
   JAN  FEB  MAR  APR  MAY  JUN  JUL  AUG  SPT  OCT  NOV  DEC  ANNUAL
   0.95 0.85 2.14 3.19 3.91 4.56 4.30 4.56 3.57 2.35 1.64 1.14 33.17  <-- PRECIP
  
   15.0 21.2 32.6 47.9 60.5 70.1 73.8 71.7 62.9 51.5 34.9 21.2  51.5  <-- TEMP
 
 TWELVE SIGNIFICANT RAINFALL EVENTS  
 MONTH  DAY  YEAR   AMOUNT
   8     10  1980     6.37
   8     31  1962     5.74
   8     23  1954     5.10
   9     20  1983     5.17
   9      5  1985     4.39
   6     20  1971     4.09
   6     26  1969     3.85
   6     28  1980     3.86
   7     31  1956     3.70
   7     14  1966     3.60
   7     19  1963     3.41
   6      8  1984     3.39
 
 GROWING DEGREE DAYS FOR 4 BASE TEMPS FOR STATION NUMBER  6305
               MARCH                       APRIL  
     ****************************  *************************** 
 YEAR  40-86  48-86  50-86  52-86   40-86  48-86  50-86  52-86  
     ****************************  *************************** 
 1951      2      0      0      0    159     79     65     54
 1952     28     12      9      7    337    214    189    168
 1953    103     37     27     19    151     61     47     37
 1954     42      9      6      4    384    237    206    178
 1955     71     27     20     14    417    248    216    186
 1956     28      1      0      0    251    144    120     97
 1957     67     17     12      7    337    208    184    163
 1958     54     12      7      3    303    169    141    117
 1959     35      4      2      0    306    172    147    125
 1960     19      3      1      0    324    192    170    148
 1961     34      7      4      2    153     61     47     34
 1962     12      3      1      0    249    146    128    110
 1963    143     91     81     71    337    189    158    133
 1964     53     16     11      7    298    165    143    122
 1965      2      0      0      0    199    105     88     73
 1966    157     74     59     44    186     85     66     50
 1967    134     77     65     53    306    172    141    114
 1968    225    135    117     99    388    232    197    164
 1969     27      5      2      1    323    177    148    120
 1970     13      0      0      0    337    207    181    156
 1971     38     16     13     10    346    213    185    159
 1972     56     15     10      6    226    111     91     72
 1973    148     55     40     28    252    134    109     89
 1974     51     17     13      9    340    196    169    144
 1975     14      0      0      0    168     73     58     44
 1976    101     51     42     33    360    209    175    142
 1977    188     87     68     53    491    331    296    264
 1978     92     46     39     32    257    132    107     85
 1979     22      0      0      0    193     99     83     68
 1980     49     12      8      5    328    196    173    152
 1981    163     75     60     48    376    218    187    159
 1982     43     14     10      6    243    141    120     99
 1983     70     30     23     17    177     96     82     70
 1984     18      0      0      0    246    123     98     76
 1985    118     42     29     20    445    289    258    229
 1986    142     82     73     65    367    224    194    166
 1987    146     67     56     45    459    304    273    244
 1988    128     51     35     24    311    186    159    134
 1989    107     61     52     43    324    186    160    136
 1990    175     83     64     46    359    217    189    165
 1991    135     60     46     37    372    219    188    161
 1992    126     48     36     24    237    128    107     86
 1993     24      5      3      1    229    111     90     74
 1994    137     67     57     47    360    236    208    181
 1995    131     63     49     39    217    116     94     74
 1996     74     26     20     17    265    157    134    114
 1997     63     25     19     17    238    140    118     97
 1998     88     49     41     34    295    167    141    117
     ****************************  *************************** 
 MEAN   81.4   35.2   27.9   21.8  296.6  171.4  146.7  124.2
 STDV   56.8   32.5   27.6   23.1   82.7   61.9   57.1   52.4
 
               MAY                         JUNE   
     ****************************  *************************** 
 YEAR  40-86  48-86  50-86  52-86   40-86  48-86  50-86  52-86  
     ****************************  *************************** 
 1951    631    415    365    319    681    451    398    347
 1952    523    329    289    250    895    657    599    542
 1953    567    363    323    289    876    638    581    525
 1954    482    310    272    237    907    672    616    561
 1955    675    448    401    357    769    535    480    428
 1956    613    412    369    330    927    690    633    576
 1957    534    335    295    258    823    583    523    466
 1958    630    433    386    342    689    460    412    365
 1959    661    449    400    354    867    627    570    516
 1960    580    370    321    277    759    525    470    420
 1961    507    318    280    244    827    596    544    494
 1962    708    481    428    377    788    549    494    440
 1963    555    354    315    276    912    673    616    560
 1964    716    490    441    393    844    613    558    505
 1965    675    455    407    362    813    575    519    465
 1966    492    328    294    261    833    596    539    485
 1967    475    307    269    236    810    573    517    463
 1968    483    289    251    215    876    638    579    523
 1969    633    422    376    331    673    444    392    342
 1970    686    468    417    369    902    662    603    545
 1971    524    338    301    266    968    728    668    609
 1972    664    450    403    357    832    600    549    498
 1973    540    332    287    247    933    693    633    573
 1974    509    313    271    233    803    566    511    458
 1975    699    467    421    376    860    620    565    511
 1976    534    330    284    244    879    640    581    522
 1977    849    610    554    500    871    633    575    519
 1978    628    422    378    336    853    619    561    505
 1979    554    362    323    285    810    573    516    460
 1980    646    440    396    355    852    612    556    501
 1981    547    345    300    257    856    616    556    498
 1982    679    447    394    343    699    466    415    367
 1983    468    279    240    206    851    615    559    505
 1984    517    323    285    247    892    652    592    534
 1985    718    486    435    388    755    524    470    420
 1986    638    419    371    324    886    647    590    534
 1987    787    561    510    462    958    720    661    603
 1988    793    561    514    468    986    748    690    633
 1989    628    422    378    338    845    614    560    508
 1990    541    333    290    250    887    651    593    536
 1991    725    510    460    412   1006    766    706    646
 1992    669    460    414    373    826    594    538    483
 1993    568    356    309    267    784    554    498    442
 1994    665    458    412    368    914    675    617    560
 1995    537    330    289    252    895    658    600    544
 1996    476    283    244    206    845    606    549    494
 1997    385    223    190    160    875    635    576    518
 1998    741    499    445    396    747    522    470    419
     ****************************  *************************** 
 MEAN  605.6  398.9  354.4  312.6  846.9  610.8  554.3  499.6
 STDV   99.6   83.8   79.3   74.7   75.5   72.8   70.8   68.3
 
               JULY                        AUGUST 
     ****************************  *************************** 
 YEAR  40-86  48-86  50-86  52-86   40-86  48-86  50-86  52-86  
     ****************************  *************************** 
 1951    913    665    604    545    832    584    524    467
 1952    971    723    662    603    850    605    549    495
 1953    958    710    650    591    932    684    623    563
 1954   1009    761    699    637    888    641    580    520
 1955   1110    862    800    738   1027    779    718    658
 1956    887    639    577    516    927    683    626    569
 1957   1074    826    764    702    918    670    609    550
 1958    865    617    556    498    921    679    620    564
 1959    952    705    644    583   1038    790    728    666
 1960    928    681    620    560    955    707    646    585
 1961    912    664    602    542    938    690    628    566
 1962    889    641    582    523    891    643    582    522
 1963    972    724    662    600    878    633    574    517
 1964   1043    795    733    671    856    619    561    506
 1965    947    699    637    575    874    630    570    512
 1966   1014    766    704    642    850    603    546    490
 1967    871    631    574    521    832    587    530    477
 1968    973    725    663    602    932    684    623    563
 1969   1021    773    712    651    988    740    678    616
 1970   1013    765    704    644    945    697    635    574
 1971    890    642    583    525    896    648    587    529
 1972    929    681    621    561    942    695    635    575
 1973   1015    767    705    643    989    741    679    618
 1974   1091    843    781    719    871    625    565    507
 1975   1013    765    705    645    961    713    651    589
 1976   1035    787    726    665    940    692    632    572
 1977   1043    795    733    671    842    595    535    476
 1978    951    703    641    579    941    693    634    576
 1979    965    717    655    593    900    654    595    539
 1980   1034    786    724    662    950    702    640    578
 1981    999    751    689    628    911    663    602    543
 1982   1030    782    720    658    914    667    608    552
 1983   1084    836    774    712   1080    832    770    708
 1984    951    704    643    582    999    751    690    631
 1985    978    730    668    606    835    588    529    471
 1986   1042    794    732    670    817    577    520    463
 1987   1086    838    776    714    913    665    607    549
 1988   1057    809    747    686   1044    799    739    679
 1989   1057    809    747    685    978    730    668    607
 1990    976    728    666    605    975    727    665    603
 1991    996    748    686    624    976    728    666    605
 1992    836    588    527    466    814    571    514    460
 1993    965    717    655    593    936    688    626    565
 1994    924    676    614    552    842    595    536    479
 1995    987    740    680    620   1087    839    777    715
 1996    892    644    583    522    875    627    565    503
 1997    932    684    623    563    836    588    526    464
 1998    982    734    672    610    948    700    638    576
     ****************************  *************************** 
 MEAN  980.7  733.0  671.6  610.8  922.8  676.1  615.8  556.8
 STDV   65.8   65.4   64.9   64.1   67.7   66.7   65.7   64.2
 
               SEPTEMBER                   OCTOBER
     ****************************  *************************** 
 YEAR  40-86  48-86  50-86  52-86   40-86  48-86  50-86  52-86  
     ****************************  *************************** 
 1951    542    345    301    260    304    188    163    140
 1952    665    468    425    383     50     30     25     21
 1953    662    464    420    380    489    334    300    266
 1954    676    452    400    350    347    193    160    131
 1955    707    496    452    411    286    177    154    133
 1956    598    404    361    322    139     91     81     73
 1957    557    358    316    278    135     80     69     60
 1958    651    445    401    360      0      0      0      0
 1959    650    443    398    356    108     48     37     28
 1960    654    444    397    352    290    194    172    150
 1961    589    401    357    317      0      0      0      0
 1962    549    359    317    277    385    236    203    173
 1963    697    479    429    381    625    421    376    334
 1964    614    413    368    325    103     60     51     43
 1965    504    306    264    225    327    203    174    147
 1966    620    420    379    342    233    150    133    116
 1967    618    409    364    322    254    153    132    115
 1968    643    421    374    328    360    224    196    169
 1969    686    464    417    372    216    139    123    108
 1970    646    431    382    338    163    106     95     84
 1971    707    494    446    399    501    309    268    228
 1972    668    449    400    353    216    129    111     95
 1973    645    424    375    329    518    327    287    249
 1974    414    274    244    216      0      0      0      0
 1975    534    337    294    253    422    272    239    209
 1976    644    449    404    365    123     77     67     61
 1977    677    444    393    346    159     84     69     55
 1978    788    563    510    460    342    189    154    123
 1979    685    471    424    380    123     64     51     39
 1980    690    467    415    367    151     93     81     70
 1981    623    409    362    319    212    109     89     71
 1982    631    421    371    323    279    159    136    115
 1983    694    481    432    386    190    115     99     85
 1984    613    409    361    315    342    204    175    146
 1985    657    460    414    371    333    178    148    119
 1986    667    439    383    332    364    200    167    135
 1987    696    460    410    366     40     30     28     26
 1988    749    525    476    430    261    153    131    110
 1989    647    446    400    356     48     36     33     30
 1990    781    559    509    461    266    167    145    127
 1991    671    471    425    380     77     48     43     38
 1992    646    445    397    349    240    142    124    109
 1993    523    323    281    242    166    112    101     90
 1994    738    515    462    413    444    264    227    190
 1995    621    424    381    341    225    140    124    110
 1996    581    378    336    295    349    208    180    157
 1997    656    435    388    345    346    233    207    184
 1998    767    541    488    438    359    193    160    131
     ****************************  *************************** 
 MEAN  644.9  436.3  389.9  346.3  248.4  151.6  131.2  112.6
 STDV   71.6   60.3   57.4   54.5  146.1   93.1   82.0   71.5
 
 DAILY RECORD HIGHS AND LOWS OCCURRING DURING 1951-1998 FOR STATION NUMBER 6305
     JAN     FEB    MARCH   APRIL    MAY     JUNE    JULY    AUG     SEPT    OCT     NOV     DEC
 DY MX  MN  MX  MN  MX  MN  MX  MN  MX  MN  MX  MN  MX  MN  MX  MN  MX  MN  MX  MN  MX  MN  MX  MN
  1  43 -24  48 -25  60 -27  71  13  91  26  91  39  95  48  98  50  92  41  91  25  73  14  62   1
  2  42 -21  51 -32  61 -11  79  12  92  24  90  40  97  46  98  52  92  44  89  26  76   5  63  -7
  3  47 -17  42 -28  63  -3  72   9  85  22  90  39  99  43  95  49  89  37  88  28  74   8  61 -17
  4  44 -18  51 -22  63  -9  74   7  88  29  92  42 100  43  97  47  91  38  93  26  68   1  57  -9
  5  44 -21  52 -25  58  -8  83  15  87  30  91  39  96  43  96  48  91  38  93  23  66  -4  61  -2
  6  39 -26  48 -21  66  -8  89   6  84  25  92  42  95  47  95  48  92  40  92  21  70   6  61 -14
  7  47 -24  56 -16  71 -11  89  17  86  29  94  40 100  47  96  46  98  36  89  27  68  -3  48 -17
  8  50 -20  49 -20  67  -6  79   9  88  31 101  41  98  49  95  51  95  38  85  25  67   1  45  -9
  9  43 -24  52 -28  60  -9  76  10  88  26  93  43  98  50  92  48  99  37  80  23  64  14  47 -21
 10  41 -28  55 -21  64  -4  82  15  89  25  92  43  97  48  92  47  90  38  81  23  65  10  57 -17
 11  46 -23  56 -20  62  -3  83  16  83  25  92  44  95  52  92  45  89  33  82  21  66  -4  54 -11
 12  46 -23  59 -16  71  -8  80  18  86  31  94  46  95  49  94  44  89  34  85  23  63   3  57 -11
 13  50 -18  55 -11  70  -7  76  20  86  28  97  46  99  47  97  45  92  33  86  28  66  -3  50 -21
 14  48 -22  58 -20  65  -7  84  24  90  29  97  46  99  50  95  40  91  36  85  28  69  -2  53 -20
 15  53 -31  52 -11  66  -1  81  20  88  32  95  40  96  49 100  45  94  36  85  22  68   4  53 -16
 16  51 -25  59 -19  70  -9  86  22  87  29  91  42  92  48 101  48  92  36  83  22  70   2  55 -15
 17  46 -22  63 -15  67  -2  85  20  90  37  90  41  96  49 101  48  94  33  81  18  68  -6  53 -20
 18  49 -32  62  -8  58  -1  90  19  95  38  94  44  96  54  96  46  92  36  79  20  70   3  51 -25
 19  47 -25  58 -16  66  -2  88  26  92  36  94  47  95  52  97  43  91  34  79  16  65   4  49 -25
 20  49 -25  58 -15  61  -8  87  24  91  32  99  42  98  48  95  44  88  31  80  16  59   7  48 -25
 21  44 -28  49 -14  69  -5  91  24  90  37 101  40  98  48 102  47  85  35  78  20  71  -5  52 -23
 22  48 -17  56 -12  70   3  92  23  89  30  98  48  95  51  92  46  81  28  80  19  61   5  44 -21
 23  51 -24  54  -9  69  -1  83  26  89  31  92  43  95  53  94  45  77  30  81  20  57   2  46 -24
 24  55 -21  53 -16  77  -8  84  19  86  38  93  45  94  51  95  47  87  34  79  21  60  -3  47 -18
 25  57 -15  54 -18  71   3  84  30  90  38  92  45  94  53  91  37  86  33  79  22  62  -7  45 -20
 26  45 -19  56 -20  78   0  83  28  92  34  97  47  96  49  96  42  87  29  79  19  57 -15  47 -25
 27  41 -20  58 -11  77   1  85  28  89  36  97  46  95  48  95  46  87  33  81  19  63  -8  48 -20
 28  42 -22  50 -21  77   8  88  29  90  34  94  48  96  50  95  41  86  27  72  18  63 -11  59 -18
 29  42 -29 *** ***  84   0  88  22  89  32  97  48  96  47  92  42  85  29  68  12  57  -8  42  -8
 30  47 -30 *** ***  79   2  88  24  89  34  95  48  96  48  90  49  90  29  75  16  65  -9  51 -18
 31  51 -24 *** ***  80   7 *** ***  89  39 *** *** 102  47  91  44 *** ***  75  19 *** ***  54 -20
 
 DAILY MAXIMUM PRECIPITATION OCCURRING DURING 1951-1998 FOR STATION NUMBER 6305
     JAN   FEB   MARCH APRIL MAY   JUNE  JULY  AUG   SEPT  OCT   NOV   DEC
 
  1  0.58  0.25  1.10  0.45  1.38  0.80  0.89  1.55  1.56  0.48  2.58  0.90
  2  0.51  0.49  0.85  0.86  1.10  1.30  1.97  2.60  1.90  0.64  1.64  0.86
  3  0.42  0.67  0.75  0.95  0.73  0.60  0.68  1.10  0.75  1.80  0.60  0.85
  4  1.18  0.64  0.75  1.40  0.42  1.23  1.90  1.74  1.24  0.70  0.34  0.53
  5  0.40  0.68  0.71  0.82  1.02  1.04  0.95  2.00  4.39  0.50  1.35  0.60
  6  0.22  0.65  2.07  0.88  1.41  1.00  2.86  0.91  1.44  1.00  0.31  0.95
  7  0.32  0.07  0.88  1.32  1.00  2.61  1.10  2.53  1.00  0.74  0.52  0.54
  8  0.25  0.83  1.00  0.89  1.40  3.39  2.25  2.60  2.54  0.91  0.22  0.18
  9  0.23  0.22  1.60  1.04  0.85  1.82  3.01  0.80  1.25  2.67  0.92  0.52
 10  0.27  0.48  0.28  0.98  1.35  0.65  1.14  6.37  1.87  0.64  2.47  0.24
 11  0.90  0.45  1.26  0.42  1.63  0.68  1.83  0.84  1.73  1.04  0.25  1.21
 12  0.42  0.75  1.24  1.64  0.67  1.15  1.10  0.40  1.90  2.38  1.14  0.60
 13  0.48  0.30  0.60  1.02  1.15  2.40  1.75  1.66  3.07  2.37  0.93  0.70
 14  0.10  0.40  1.53  1.28  0.93  0.70  3.60  2.20  1.14  0.75  0.23  0.93
 15  0.70  0.34  1.00  0.64  1.02  2.53  1.48  2.10  1.21  1.65  0.81  0.50
 16  0.49  0.32  1.04  1.62  2.51  1.40  2.50  1.62  1.13  0.78  1.28  0.34
 17  0.91  0.16  0.28  0.62  1.65  1.75  0.88  2.00  2.25  1.16  1.30  0.22
 18  0.60  0.93  1.10  2.16  1.67  1.56  2.25  1.48  1.04  0.87  0.73  0.48
 19  0.57  1.30  0.82  0.82  1.90  0.91  3.41  2.34  1.50  0.43  0.55  0.66
 20  0.54  0.47  0.55  1.25  1.40  4.09  1.83  1.35  5.17  1.86  1.35  0.67
 21  0.66  0.72  1.12  1.33  1.10  1.56  0.52  1.54  2.01  1.20  1.38  0.50
 22  1.19  0.64  0.47  0.63  1.92  1.13  1.83  3.31  2.13  1.72  0.90  0.48
 23  0.95  0.93  1.80  1.52  1.30  1.40  2.48  5.10  0.93  1.66  0.46  0.59
 24  0.40  0.33  0.85  1.05  2.33  1.67  1.58  0.98  0.90  1.38  0.55  0.15
 25  1.06  0.25  1.20  1.00  1.64  2.85  2.24  2.75  2.49  0.52  0.26  0.50
 26  0.24  0.30  0.95  0.74  1.35  3.85  1.00  1.80  0.95  0.55  1.40  0.30
 27  0.54  0.28  0.77  1.41  0.83  2.50  2.96  1.83  1.55  1.31  0.30  0.30
 28  0.27  0.52  1.40  3.05  1.38  3.86  1.45  3.15  1.16  0.71  1.00  1.78
 29  0.52******  0.82  1.77  2.93  1.93  1.54  1.78  2.49  0.63  0.70  0.56
 30  0.40******  1.15  2.42  2.20  1.55  1.43  2.45  1.72  1.18  0.80  0.50
 31  0.17******  1.00******  1.50******  3.70  5.74******  0.86******  0.18
 
 RECORD LARGEST AND SMALLEST DAILY RANGES (MAX-MIN) DURING 1951-1998 FOR STATION NUMBER 6305
     JAN     FEB    MARCH   APRIL    MAY     JUNE    JULY    AUG     SEPT    OCT     NOV     DEC
 DY MX  MN  MX  MN  MX  MN  MX  MN  MX  MN  MX  MN  MX  MN  MX  MN  MX  MN  MX  MN  MX  MN  MX  MN
  1 32   3  39   3  39   1  34   4  35   6  36   7  30  11  32   5  38  10  44   7  39   2  31   2
  2 27   3  48   7  31   3  42   5  37   5  35   6  32   8  28   9  34   6  41  10  40   4  32   2
  3 36   3  28   5  31   6  37   5  38   5  37   6  30  10  29   6  35   8  37   5  39   3  29   2
  4 33   4  40   5  36   2  45   7  44   6  34   9  32   9  27   6  42   8  50   5  32   3  32   5
  5 33   2  35   5  29   5  41   6  34   8  37  10  30   9  33   7  37  11  43   7  34   3  28   5
  6 34   2  34   2  40   4  36   7  39   8  33   5  30   9  33   6  36   5  41   4  35   4  34   3
  7 32   6  31   3  38   8  38   6  39   3  34   9  30   7  30   7  37   8  38   5  35   6  33   2
  8 38   5  29   4  36   4  35   4  38   8  35  10  29   9  30   5  33   6  43   6  34   3  25   3
  9 31   6  32   5  39   5  37   3  36   7  38   8  31  11  32  10  42   6  36   9  35   3  32   5
 10 39   5  38   5  32   3  36   3  40   9  32  12  32   8  32   8  38   3  38   8  34   4  32   3
 11 40   3  35   4  35   3  43   6  35  11  33   9  32   8  32  11  36   8  36   4  35   5  36   4
 12 42   2  36   3  28   5  41   6  40   6  33   4  32  10  34   9  43   5  42   7  37   4  29   2
 13 37   4  37   2  34   4  43   6  43   8  33  15  32  10  34   9  34   7  43   5  33   4  33   3
 14 27   5  45   5  35   4  37   5  44   8  31   3  32   8  38   8  36   4  41   7  34   3  31   1
 15 33   5  39   5  37   5  41   4  35   9  31  11  30   8  32  11  38   6  40   6  36   5  35   3
 16 42   4  36   5  41   4  42   8  38   7  31  12  31   8  32   5  41   5  41   3  36   4  34   5
 17 38   4  33   2  33   5  53   3  37   9  33  12  33  10  33   9  33   5  35   4  30   4  34   3
 18 50   3  33   2  32   5  42   9  45   7  36   5  29   8  33  10  37   7  48   5  37   3  43   4
 19 39   5  32   3  31   4  49   5  39   5  33   8  33  11  31  10  40   5  38   6  47   5  27   5
 20 37   3  38   3  38   4  41   6  36   8  34   8  28  12  33   8  35   9  39   6  31   4  36   4
 21 39   3  39   5  31   3  44   7  37  11  34   8  30   9  39  10  36   8  37   8  30   2  43   5
 22 37   2  39   5  39   2  36   7  41   3  31  10  30  10  31  11  38   7  35   5  32   3  31   5
 23 39   6  37   4  35   4  35   4  36   7  35   8  30   6  27   6  33   5  34   2  30   3  32   3
 24 32   5  45   4  45   5  41   6  33  10  33  10  30  11  33   8  45   7  46   3  37   3  33   4
 25 38   2  36   4  33   4  38   4  36   4  33  12  31  12  35  13  40   9  44   5  36   4  27   3
 26 32   4  32   4  36   7  40   7  35   4  34   7  30  10  32   7  37  10  41   6  33   4  41   4
 27 36   3  41   4  46   4  37   7  36   3  30   8  33  10  37   9  37   8  43   5  35   3  34   4
 28 34   3  37   5  39   4  38   9  32   5  33   6  30  12  32   7  38   5  33   8  32   4  29   2
 29 35   5  **  **  47   4  45   6  41   3  34   8  31  13  34   9  45   5  41   5  37   3  38   5
 30 40   3  **  **  40   5  35   6  33   5  29   8  27  11  34   8  44   5  39   3  30   3  35   4
 31 39   6  **  **  38   2  **  **  35  11  **  **  32  11  35   7  **  **  37   3  **  **  31   0
 
 DAILY  MEAN  HIGHS AND LOWS OCCURRING DURING 1951-1998 FOR STATION NUMBER 6305
     JAN     FEB    MARCH   APRIL    MAY     JUNE    JULY    AUG     SEPT    OCT     NOV     DEC
 DY MX  MN  MX  MN  MX  MN  MX  MN  MX  MN  MX  MN  MX  MN  MX  MN  MX  MN  MX  MN  MX  MN  MX  MN
  1 24   9  24   7  35  17  48  30  63  41  74  53  82  60  82  60  77  55  69  45  51  34  34  19
  2 25   8  24   5  34  18  50  31  65  42  73  52  82  61  82  62  78  57  69  44  49  32  34  19
  3 23   6  23   5  35  18  49  30  65  43  75  52  81  60  82  61  78  56  67  44  48  31  34  18
  4 22   5  25   6  35  18  49  30  67  44  77  54  81  61  80  61  77  55  66  43  47  29  34  17
  5 23   5  25   7  34  18  51  31  67  45  78  55  81  59  80  60  76  54  65  43  46  29  33  17
  6 21   5  25   8  36  17  53  31  66  42  78  56  81  60  81  60  76  55  63  43  46  28  30  14
  7 20   2  25   6  33  15  53  33  66  44  78  57  83  61  81  60  78  55  63  42  46  27  30  15
  8 22   3  25   8  34  16  50  32  67  45  77  56  82  62  80  61  76  54  63  42  46  28  28  15
  9 22   5  26   8  36  18  52  31  66  45  76  55  81  62  80  60  76  55  61  40  45  27  28  13
 10 21   3  28  11  37  20  53  31  68  45  78  56  81  60  80  59  75  52  62  40  46  27  28  11
 11 22   4  27   9  39  23  54  33  68  46  77  57  82  62  79  58  75  51  63  41  45  27  28  12
 12 24   6  28  11  39  22  54  34  68  45  79  57  82  62  80  58  74  52  63  41  43  27  28  12
 13 25   8  29  12  38  23  55  35  70  45  81  58  82  62  80  59  72  52  63  41  44  27  27  12
 14 25   8  30  11  40  23  55  35  70  48  80  59  81  62  80  59  70  50  64  42  43  26  28  13
 15 22   4  29  12  38  21  58  35  71  48  79  57  82  61  80  59  71  49  62  40  45  27  27  12
 16 22   4  29  11  39  22  60  37  71  47  78  57  83  62  81  60  70  49  62  40  44  26  28  11
 17 23   6  31  13  40  23  61  37  72  49  79  58  84  63  82  59  71  50  61  40  44  28  27  11
 18 23   5  32  16  40  24  60  38  72  50  79  59  84  64  81  59  72  51  58  37  43  27  27  11
 19 23   4  32  15  40  25  61  39  72  49  80  59  83  63  80  59  71  50  57  36  42  25  27  12
 20 23   5  33  15  40  24  60  41  73  49  80  58  82  62  80  58  69  48  59  37  40  25  25  10
 21 25   7  31  15  41  24  61  38  74  50  80  58  82  62  79  58  68  47  59  38  39  23  25   9
 22 26   8  32  14  43  23  61  38  72  51  80  58  82  63  79  58  67  46  59  39  39  22  27  11
 23 25   6  32  16  44  25  60  38  72  51  79  58  81  62  78  59  65  44  57  38  38  22  27  12
 24 25   6  32  15  43  24  62  39  72  50  80  58  82  61  78  58  67  45  57  36  38  20  26   9
 25 23   7  32  13  44  25  64  41  71  50  81  60  83  62  80  58  70  46  55  36  38  22  24   9
 26 21   4  34  15  44  26  65  41  71  51  81  60  82  62  79  59  70  45  57  35  36  21  25   9
 27 21   4  34  18  47  27  63  41  71  51  81  60  82  62  80  60  68  45  58  36  34  18  26  10
 28 22   5  34  18  48  30  63  40  72  52  83  61  82  61  80  58  67  44  54  35  31  15  28  11
 29 22   4  **  **  45  29  63  42  73  53  82  62  82  60  80  59  68  45  54  33  32  16  27  10
 30 23   3  **  **  48  29  63  42  74  53  82  60  81  61  79  59  68  45  54  35  33  17  25   8
 31 24   3  **  **  49  30  **  **  75  53  **  **  81  60  78  58  **  **  53  35  **  **  25   9
  
  # OF DAYS EACH YEAR WHERE MIN >=32 F  1951-1998 FOR STATION # 6305
   51  52  53  54  55  56  57  58  59  60  61  62  63  64  65  66  67  68  69  70
  197 187 214 211 209 194 201 204 206 205 197 204 218 209 203 196 211 219 212 213
 
   71  72  73  74  75  76  77  78  79  80  81  82  83  84  85  86  87  88  89  90
  215 208 236 213 212 207 227 212 201 201 218 209 211 209 209 209 228 205 211 214
 
   91  92  93  94  95  96  97  98
  218 220 210 225 209 197 190 232
  
 MEAN=210
 
 LENGTH OF SEASON FOR STATION NUMBER 6305   BASE TEMP=32
 LAST SPRING OCCURENCE FIRST FALL OCCURENCE  LENGTH OF SEASON
   YEAR MONTH DAY DOY         MONTH DAY DOY
   1951   4    26 116           9    28 271          155
   1952   4    24 115          10     3 277          162
   1953   5    13 133          10     7 280          147
   1954   5     7 127          10     7 280          153
   1955   5     8 128          10     8 281          153
   1956   5    16 137           9    20 264          127
   1957   5     4 124          10    10 283          159
   1958   5     5 125          10     1 274          149
   1959   4    22 112          10    11 284          172
   1960   5    11 132          10    19 293          161
   1961   5     2 122           9    28 271          149
   1962   4    20 110          10    23 296          186
   1963   5    23 143          10    29 302          159
   1964   4    15 106          10     5 279          173
   1965   5    29 149          10     3 276          127
   1966   5    11 131          10     1 274          143
   1967   5    20 140           9    29 272          132
   1968   5     5 126          10     4 278          152
   1969   5    12 132          10    14 287          155
   1970   5     2 122          10    10 283          161
   1971   5    12 132          10    31 304          172
   1972   4    26 117           9    30 274          157
   1973   5     3 123          10    30 303          180
   1974   5     6 126           9    22 265          139
   1975   4    22 112          10     2 275          163
   1976   5     4 125          10     6 280          155
   1977   4     8  98          10    11 284          186
   1978   5     1 121          10     8 281          160
   1979   5    12 132          10     9 282          150
   1980   4    24 115          10     5 279          164
   1981   5    12 132          10     2 275          143
   1982   4    22 112          10    16 289          177
   1983   4    23 113           9    23 266          153
   1984   4    30 121           9    26 270          149
   1985   4    17 107          10     1 274          167
   1986   4    22 112          10     6 279          167
   1987   4     5  95          10     3 276          181
   1988   4    28 119          10     4 278          159
   1989   5     7 127           9    23 266          139
   1990   5     2 122          10    10 283          161
   1991   4    10 100           9    20 263          163
   1992   4    22 113           9    29 273          160
   1993   4    21 111          10     2 275          164
   1994   4    29 119          10    10 283          164
   1995   4    22 112           9    22 265          153
   1996   5    13 134          10     3 277          143
   1997   5    15 135          10    14 287          152
   1998   4    17 107          10    22 295          188
             MEAN=121              MEAN=279     MEAN=158
 
 LENGTH OF SEASON FOR STATION NUMBER 6305   BASE TEMP=30
 LAST SPRING OCCURENCE FIRST FALL OCCURENCE  LENGTH OF SEASON
   YEAR MONTH DAY DOY         MONTH DAY DOY
   1951   4    26 116           9    28 271          155
   1952   4    16 107          10     3 277          170
   1953   5    13 133          10    27 300          167
   1954   5     7 127          10    18 291          164
   1955   4     7  97          10    15 288          191
   1956   5    16 137           9    30 274          137
   1957   4    14 104          10    10 283          179
   1958   4    29 119          10     1 274          155
   1959   4    14 104          10    12 285          181
   1960   4    18 109          10    19 293          184
   1961   5     2 122           9    28 271          149
   1962   4    20 110          10    24 297          187
   1963   5    22 142          10    29 302          160
   1964   4     9 100          10     9 283          183
   1965   4    28 118          10    13 286          168
   1966   5    11 131          10    17 290          159
   1967   5     6 126           9    29 272          146
   1968   4    25 116          10    25 299          183
   1969   4    29 119          10    14 287          168
   1970   5     2 122          10    10 283          161
   1971   4    24 114          10    31 304          190
   1972   4     9 100           9    30 274          174
   1973   4    16 106          10    30 303          197
   1974   5     6 126           9    22 265          139
   1975   4    12 102          10     2 275          173
   1976   4    12 103          10     6 280          177
   1977   4     8  98          10    16 289          191
   1978   4    21 111          10     8 281          170
   1979   4    15 105          10    12 285          180
   1980   4    24 115          10    12 286          171
   1981   5    10 130          10     2 275          145
   1982   4    21 111          10    21 294          183
   1983   4    20 110           9    23 266          156
   1984   4     1  92           9    26 270          178
   1985   4     9  99          10     6 279          180
   1986   4    22 112          11     1 305          193
   1987   4     4  94          10     3 276          182
   1988   4    27 118          10     5 279          161
   1989   5     6 126          10     3 276          150
   1990   4    18 108          10    10 283          175
   1991   4    10 100          10     7 280          180
   1992   4    13 104          10    17 291          187
   1993   4    21 111          10     2 275          164
   1994   4     7  97          11     1 305          208
   1995   4    10 100          10    16 289          189
   1996   4    23 114          10     3 277          163
   1997   5    14 134          10    14 287          153
   1998   3    25  84          10    22 295          211
             MEAN=112              MEAN=284     MEAN=172
 
 LENGTH OF SEASON FOR STATION NUMBER 6305   BASE TEMP=28
 LAST SPRING OCCURENCE FIRST FALL OCCURENCE  LENGTH OF SEASON
   YEAR MONTH DAY DOY         MONTH DAY DOY
   1951   4    26 116          10    24 297          181
   1952   4    15 106          10     5 279          173
   1953   5    13 133          10    27 300          167
   1954   5     3 123          10    30 303          180
   1955   4     7  97          10    19 292          195
   1956   4    30 121          10     9 283          162
   1957   4    13 103          10    10 283          180
   1958   4    29 119          10     1 274          155
   1959   4    13 103          10    12 285          182
   1960   4    18 109          10    19 293          184
   1961   5     1 121           9    28 271          150
   1962   4    16 106          10    24 297          191
   1963   4    24 114          10    29 302          188
   1964   4     9 100          10     9 283          183
   1965   4     2  92          10    24 297          205
   1966   5    11 131          10    17 290          159
   1967   5     6 126          10    19 292          166
   1968   4     5  96          10    25 299          203
   1969   4     1  91          10    14 287          196
   1970   4    10 100          10    10 283          183
   1971   4    14 104          11     4 308          204
   1972   4     9 100          10    15 289          189
   1973   4    13 103          11     4 308          205
   1974   4     8  98           9    22 265          167
   1975   4    11 101          10    29 302          201
   1976   3    22  82          10     8 282          200
   1977   4     6  96          10    19 292          196
   1978   3    26  85          11     7 311          226
   1979   4    10 100          10    13 286          186
   1980   4    14 105          10    12 286          181
   1981   5    10 130          10    19 292          162
   1982   4    20 110          10    21 294          184
   1983   4    19 109          10    13 286          177
   1984   4     1  92          10    23 297          205
   1985   4     9  99          10    31 304          205
   1986   4    22 112          11     2 306          194
   1987   4     4  94          10     3 276          182
   1988   4    27 118          10    22 296          178
   1989   5     6 126          10     3 276          150
   1990   4    18 108          10    19 292          184
   1991   4    10 100          10     7 280          180
   1992   4    13 104          10    17 291          187
   1993   4     5  95          10    10 283          188
   1994   4     7  97          11     1 305          208
   1995   4    10 100          10    16 289          189
   1996   4    23 114          10    28 302          188
   1997   4    18 108          10    22 295          187
   1998   3    25  84          11     4 308          224
             MEAN=105              MEAN=291     MEAN=185
 
 LENGTH OF SEASON FOR STATION NUMBER 6305   BASE TEMP=26
 LAST SPRING OCCURENCE FIRST FALL OCCURENCE  LENGTH OF SEASON
   YEAR MONTH DAY DOY         MONTH DAY DOY
   1951   4    19 109          10    27 300          191
   1952   4    11 102          10     5 279          177
   1953   4    19 109          10    27 300          191
   1954   4    12 102          10    30 303          201
   1955   3    28  87          10    24 297          210
   1956   4    30 121          11     9 314          193
   1957   4    13 103          10    25 298          195
   1958   4    29 119          10     1 274          155
   1959   4    11 101          10    12 285          184
   1960   4    18 109          10    20 294          185
   1961   5     1 121          10    20 293          172
   1962   4    16 106          10    24 297          191
   1963   4     4  94          11     2 306          212
   1964   4     9 100          10     9 283          183
   1965   3    30  89          10    24 297          208
   1966   5    11 131          10    24 297          166
   1967   5     3 123          10    26 299          176
   1968   4     5  96          11     9 314          218
   1969   4     1  91          10    23 296          205
   1970   4     4  94          11    14 318          224
   1971   4    14 104          11     4 308          204
   1972   4     8  99          10    18 292          193
   1973   4    13 103          11     5 309          206
   1974   4     8  98          10     2 275          177
   1975   4    11 101          11    13 317          216
   1976   3    22  82          10     8 282          200
   1977   4     6  96          11    11 315          219
   1978   3    25  84          11     7 311          227
   1979   4    10 100          11     2 306          206
   1980   4    14 105          10    28 302          197
   1981   5    10 130          10    19 292          162
   1982   4    11 101          10    21 294          193
   1983   4    19 109          11    12 316          207
   1984   3    29  89          10    23 297          208
   1985   4     9  99          11     4 308          209
   1986   4    22 112          11     2 306          194
   1987   4     4  94          10    11 284          190
   1988   4    19 110          10    24 298          188
   1989   5     6 126          10     4 277          151
   1990   4    18 108          11     7 311          203
   1991   3    30  89          10    15 288          199
   1992   4    12 103          10    17 291          188
   1993   4     4  94          10    30 303          209
   1994   4     7  97          11    15 319          222
   1995   4     4  94          10    22 295          201
   1996   4     9 100          10    28 302          202
   1997   4    18 108          10    22 295          187
   1998   3    25  84          11     4 308          224
             MEAN=102              MEAN=298     MEAN=196
 
 LENGTH OF SEASON FOR STATION NUMBER 6305   BASE TEMP=24
 LAST SPRING OCCURENCE FIRST FALL OCCURENCE  LENGTH OF SEASON
   YEAR MONTH DAY DOY         MONTH DAY DOY
   1951   4    17 107          10    27 300          193
   1952   4    11 102          10     5 279          177
   1953   4    18 108          11     4 308          200
   1954   4    12 102          10    30 303          201
   1955   3    28  87          11     3 307          220
   1956   4    30 121          11     9 314          193
   1957   4    13 103          10    25 298          195
   1958   4    29 119          11     6 310          191
   1959   4    11 101          10    12 285          184
   1960   4    10 101          10    20 294          193
   1961   4    16 106          11     3 307          201
   1962   4    16 106          10    24 297          191
   1963   3    22  81          11     2 306          225
   1964   4     4  95          10     9 283          188
   1965   3    30  89          10    24 297          208
   1966   4    21 111          10    25 298          187
   1967   5     3 123          10    26 299          176
   1968   4     5  96          11    12 317          221
   1969   4     1  91          10    28 301          210
   1970   4     4  94          11    15 319          225
   1971   4     5  95          11     4 308          213
   1972   4     8  99          10    19 293          194
   1973   4    13 103          11     5 309          206
   1974   3    26  85          11     6 310          225
   1975   4     4  94          11    14 318          224
   1976   3    22  82          10    22 296          214
   1977   4     6  96          11    11 315          219
   1978   3    25  84          11     7 311          227
   1979   4     7  97          11     3 307          210
   1980   3    26  86          10    28 302          216
   1981   3    20  79          10    19 292          213
   1982   4    11 101          11     4 308          207
   1983   4    17 107          11    12 316          209
   1984   3    24  84          11     1 306          222
   1985   4     9  99          11     8 312          213
   1986   4    22 112          11     2 306          194
   1987   4     3  93          10    11 284          191
   1988   3    27  87          10    26 300          213
   1989   4    10 100          10    19 292          192
   1990   4    12 102          11     7 311          209
   1991   3    30  89          10    19 292          203
   1992   4    12 103          10    18 292          189
   1993   4     4  94          10    31 304          210
   1994   4     6  96          11    16 320          224
   1995   4     4  94          11     3 307          213
   1996   4     8  99          10    31 305          206
   1997   4    10 100          10    22 295          195
   1998   3    24  83          11     7 311          228
             MEAN= 97              MEAN=303     MEAN=205
 
 THESE ARE THE MONTHLY AVG. MAX TEMPS 1951-1998 FOR STATION #6305
 YEAR    JAN   FEB  MARCH APRIL  MAY  JUNE  JULY AUGUST SEPT   OCT   NOV   DEC   ANN
  
 1951   20.1  26.3  30.5  48.7  70.7  72.0  79.9  76.4  68.5  59.1  36.9  26.2  51.3
 1952   25.4  33.1  35.6  59.6  67.2  81.1  82.7  77.9  76.0  58.3  47.0  27.8  56.0
 1953   26.5  30.5  41.5  49.2  68.6  79.8  80.8  81.3  75.7  69.5  49.9  33.6  57.2
 1954   25.5  42.4  39.1  61.8  65.9  80.8  83.4  78.5  72.6  58.3  48.3  30.1  57.2
 1955   24.1  26.6  39.2  64.0  73.4  76.2  86.8  88.3  78.7  62.8  37.3  24.9  56.9
 1956   23.0  27.3  36.2  55.9  71.7  84.8  80.7  80.5  72.7  68.4  42.1  33.1  56.4
 1957   21.6  34.1  41.4  58.7  67.6  77.6  85.6  80.2  69.1  57.1  39.5  34.7  55.6
 1958   28.1  25.0  40.1  58.9  72.9  74.0  78.3  81.9  73.7  66.5  48.2  26.2  56.1
 1959   21.6  24.6  38.6  59.3  71.6  80.6  82.0  85.4  71.7  54.5  34.1  36.7  55.1
 1960   27.3  28.9  29.3  58.8  68.6  76.0  81.5  81.1  71.5  61.3  47.6  28.2  55.0
 1961   24.2  33.9  38.5  49.1  67.1  80.0  79.5  81.6  70.1  63.9  41.8  25.5  54.6
 1962   20.9  23.3  32.6  54.3  72.5  76.3  78.2  79.3  68.6  61.7  46.9  30.7  53.8
 1963   14.4  25.8  45.9  59.9  68.3  82.7  81.7  78.7  74.3  72.5  49.6  19.6  56.1
 1964   33.5  38.8  38.0  57.9  74.6  80.5  87.6  80.2  70.4  60.6  46.6  25.9  57.9
 1965   22.7  25.0  28.5  52.3  72.8  78.2  81.9  80.5  65.9  62.8  44.9  38.1  54.5
 1966   17.1  29.3  47.3  51.9  67.6  79.4  85.1  79.6  73.0  63.2  43.6  30.3  55.6
 1967   28.9  25.8  45.4  58.8  66.9  77.9  80.2  77.8  71.9  59.2  41.1  32.7  55.5
 1968   25.9  28.6  52.8  62.2  65.6  79.3  80.7  80.1  71.5  61.6  43.1  26.9  56.5
 1969   19.7  28.5  34.4  59.5  70.6  71.7  81.8  83.0  73.2  55.6  44.3  27.3  54.1
 1970   16.0  29.5  37.0  59.3  71.9  80.2  83.7  80.6  70.7  59.2  41.6  28.3  54.8
 1971   18.5  25.9  36.9  60.8  68.8  83.6  78.9  80.6  74.8  64.9  43.3  29.8  55.6
 1972   19.7  24.6  39.7  53.5  72.6  79.3  79.0  80.6  71.5  55.6  39.2  22.7  53.2
 1973   27.5  31.6  49.2  54.3  66.5  81.3  82.8  82.2  69.8  66.0  43.7  25.2  56.7
 1974   23.5  29.1  39.7  59.4  65.4  77.4  87.6  78.5  70.0  62.2  43.9  31.0  55.7
 1975   26.4  27.6  33.4  48.6  73.6  78.7  83.5  80.8  66.9  65.2  46.5  29.7  55.1
 1976   25.5  39.1  42.0  60.4  67.1  81.5  86.1  82.7  74.6  55.7  39.2  26.0  56.7
 1977   13.9  35.9  49.7  66.7  79.0  81.4  86.0  76.9  72.2  58.3  42.1  24.2  57.2
 1978   16.0  21.3  40.0  56.1  71.1  79.3  79.9  81.9  78.8  59.6  41.4  24.1  54.1
 1979   10.7  19.2  35.9  51.4  69.5  78.5  81.2  78.6  74.6  59.4  41.0  36.7  53.0
 1980   25.0  25.2  38.5  59.7  72.9  80.4  85.3  80.2  73.9  56.0  47.4  30.0  56.2
 1981   31.5  34.8  49.3  62.1  67.6  79.0  81.8  79.3  71.8  57.0  46.7  26.3  57.3
 1982   13.7  26.3  37.1  53.3  70.9  74.0  84.1  79.5  69.8  60.8  41.1  34.2  53.7
 1983   28.4  32.8  40.5  51.1  65.0  78.7  86.9  87.1  73.7  58.7  41.7  14.9  55.0
 1984   23.2  35.1  33.8  55.6  67.3  81.4  81.5  84.7  71.5  60.6  44.2  30.8  55.8
 1985   23.0  25.4  46.0  63.7  75.3  76.9  83.9  78.1  71.0  59.5  34.7  18.1  54.6
 1986   26.7  25.4  45.9  62.8  71.1  81.4  84.5  77.2  71.0  60.2  38.5  30.1  56.2
 1987   30.3  41.3  47.4  66.3  77.5  84.9  86.6  79.4  73.8  58.0  47.6  32.2  60.4
 1988   20.8  23.9  46.0  59.9  79.5  88.3  87.7  87.8  77.8  57.7  45.2  30.9  58.8
 1989   34.2  24.1  39.1  58.5  71.8  80.4  86.4  83.7  72.5  65.5  41.8  22.4  56.7
 1990   38.6  34.6  49.4  59.3  67.6  79.4  81.5  80.8  77.4  63.3  51.2  26.1  59.1
 1991   21.0  35.1  46.7  61.4  72.2  85.0  83.3  82.1  72.2  61.1  34.1  31.8  57.2
 1992   30.8  34.8  45.0  54.1  74.3  79.2  76.0  77.0  72.3  61.9  37.2  27.9  55.9
 1993   24.7  25.2  35.5  53.9  67.6  75.6  79.4  79.2  66.8  61.0  41.1  30.0  53.3
 1994   15.7  22.9  47.2  61.8  73.5  80.8  79.2  77.3  75.8  63.0  47.3  31.9  56.4
 1995   23.8  29.9  43.9  53.8  68.0  80.8  82.8  85.1  72.2  60.2  36.3  28.1  55.4
 1996   22.2  28.6  39.0  56.7  64.1  78.1  78.7  78.4  69.5  60.9  31.9  22.4  52.5
 1997   18.8  27.6  39.0  53.8  61.9  80.1  79.3  76.2  72.6  61.3  35.7  31.3  53.1
 1998   25.5  36.6  37.0  58.2  74.9  74.1  81.6  79.5  78.7  60.0  45.2  35.9  57.3
 MEANS  23.5  29.4  40.5  57.4  70.3  79.3  82.5  80.6  72.4  61.0  42.6  28.6  55.7
 
 THESE ARE THE MONTHLY AVG. MIN TEMPS 1951-1998 FOR STATION #6305
 YEAR    JAN   FEB  MARCH APRIL  MAY  JUNE  JULY AUGUST SEPT   OCT   NOV   DEC   ANN
  
 1951    0.8   9.0  13.4  33.3  49.6  53.4  59.1  57.5  46.7  39.6  16.4   8.9  32.3
 1952    4.6  20.0  20.5  35.3  46.1  59.2  60.6  57.1  48.2  29.3  23.8  14.3  34.9
 1953    8.9  13.6  24.4  32.6  47.5  59.5  61.3  59.6  48.1  43.2  28.6  15.8  36.9
 1954    4.0  25.5  20.5  37.2  42.6  60.3  62.8  58.9  52.3  40.3  29.6  17.0  37.6
 1955   10.0   9.2  19.5  42.0  49.9  55.3  67.8  62.3  49.5  39.4  18.6   5.3  35.7
 1956    3.9   5.9  19.0  31.5  47.1  59.5  57.0  60.0  46.2  44.0  24.8  15.4  34.5
 1957    1.5  17.2  22.1  37.1  46.2  57.3  65.6  59.5  47.7  37.8  25.0  18.5  36.3
 1958   14.5   5.7  23.9  35.7  47.2  52.1  57.6  58.3  49.5  40.2  25.5   6.1  34.7
 1959    0.1   4.1  21.6  36.5  50.7  57.6  59.7  64.0  51.4  37.2  15.5  23.8  35.2
 1960   12.6  12.8  11.0  37.0  47.5  54.6  59.1  61.0  52.7  38.8  27.2  10.2  35.4
 1961    5.7  16.9  25.7  30.9  44.0  56.1  59.3  59.3  49.8  40.3  26.6   9.7  35.3
 1962    1.6   9.6  18.0  32.8  53.2  56.3  59.3  58.2  47.6  42.6  28.9  12.9  35.1
 1963   -2.4   4.5  24.9  37.7  46.5  59.4  61.5  57.9  52.0  49.2  30.4   3.8  35.5
 1964   14.4  14.7  19.1  37.2  51.9  56.9  63.5  56.6  50.0  36.8  27.5  10.8  36.6
 1965    2.9   3.0  11.9  34.8  50.0  56.1  59.9  57.3  47.2  39.3  25.2  22.3  34.2
 1966   -3.2   7.9  26.7  32.5  41.4  56.7  62.2  55.6  47.8  35.7  24.1  13.1  33.4
 1967    8.6   3.3  24.6  36.0  40.7  56.2  56.1  55.9  48.6  39.7  26.3  17.6  34.5
 1968    9.6  10.5  29.5  39.3  44.8  60.0  62.3  61.1  51.4  43.1  29.1  12.7  37.8
 1969    4.1  13.7  16.0  38.7  50.0  53.3  64.8  61.1  52.6  38.3  26.1  13.5  36.0
 1970   -1.2   7.5  21.5  38.1  52.0  60.7  62.8  60.7  52.3  41.5  27.9  10.2  36.2
 1971    0.0  11.1  21.5  35.7  43.9  62.2  58.7  57.6  52.5  46.0  28.8  15.2  36.1
 1972    0.2   6.4  22.3  34.4  50.3  56.6  61.4  62.0  52.5  37.7  28.1   7.6  34.9
 1973   10.6  16.8  34.4  36.0  47.6  61.8  63.7  62.5  53.0  46.1  29.3  11.1  39.4
 1974    7.5  11.6  24.7  38.6  46.7  56.3  66.3  58.0  47.0  41.0  27.9  17.8  36.9
 1975    7.7  11.4  16.2  33.0  51.9  59.2  63.2  61.5  48.1  40.9  30.0  16.7  36.7
 1976    6.6  21.2  25.9  40.5  46.2  57.5  62.8  58.8  48.0  34.6  18.4   3.1  35.3
 1977   -6.7  14.7  32.3  42.7  55.9  57.7  63.8  57.5  53.0  38.9  25.1   9.9  37.1
 1978   -2.7   2.7  21.3  37.4  48.8  58.0  61.9  59.4  55.2  39.0  23.8   6.7  34.3
 1979   -5.8   0.7  21.2  32.8  45.3  55.6  61.2  59.8  51.1  39.2  26.4  18.3  33.8
 1980    9.2   8.3  19.6  36.6  48.3  57.1  63.3  61.5  51.8  36.3  27.4  13.7  36.1
 1981    9.4  14.8  27.1  40.1  46.7  58.4  63.5  59.6  49.4  38.7  30.1  10.4  37.3
 1982   -5.4   8.6  22.9  32.1  52.9  52.6  63.4  60.1  52.0  41.1  24.5  19.9  35.4
 1983   14.3  20.6  27.0  33.3  44.7  58.7  65.8  65.3  52.5  41.1  29.5  -2.3  37.5
 1984    7.0  20.8  18.5  36.5  45.7  58.5  60.3  61.5  48.3  43.1  26.3  14.0  36.7
 1985    2.9   8.9  28.7  41.6  51.2  54.4  60.1  56.4  52.7  39.0  18.8  -1.9  34.4
 1986    9.3  11.2  26.7  37.5  49.9  58.7  64.1  55.6  53.4  41.0  19.9  17.1  37.0
 1987   14.7  22.6  30.3  41.4  53.5  61.2  65.9  60.3  52.6  36.0  32.5  20.5  41.0
 1988    1.6   6.0  26.1  35.8  51.9  61.2  63.9  64.0  52.7  34.9  27.9  13.7  36.6
 1989   17.9   3.0  22.5  36.8  47.5  56.5  64.4  60.6  50.0  40.4  23.1   4.4  35.6
 1990   18.4  15.6  28.9  37.4  46.6  60.0  62.5  62.4  55.0  39.0  30.3   8.9  38.7
 1991    3.1  16.1  27.7  40.6  54.4  64.1  62.4  61.5  51.4  38.1  20.6  17.2  38.1
 1992   16.5  23.5  27.1  36.1  48.7  56.3  58.0  55.8  50.2  39.0  27.2  14.9  37.8
 1993    7.7  10.5  21.6  34.6  49.0  56.6  63.0  61.5  47.7  38.7  25.5  17.1  36.1
 1994   -0.8   5.6  26.8  37.1  48.6  60.9  60.5  57.2  53.7  43.7  31.1  17.6  36.8
 1995   10.6  13.5  27.0  33.6  46.7  60.2  62.5  66.5  48.1  39.1  20.1  14.4  36.8
 1996    3.8  13.0  18.1  33.1  45.6  59.1  59.0  58.2  48.9  37.3  17.9   8.6  33.6
 1997    2.6  11.1  22.5  31.0  40.3  58.4  61.4  57.8  51.1  37.9  22.9  19.4  34.7
 1998   13.2  24.3  23.3  38.5  53.3  56.1  62.1  61.7  53.0  40.7  29.2  16.3  39.3
 MEANS   5.7  11.9  23.0  36.3  48.1  57.8  61.9  59.7  50.6  39.7  25.6  12.8  36.1
 
 THESE ARE THE MONTHLY AVG. MEAN TEMPS 1951-1998 FOR STATION #6305
 YEAR    JAN   FEB  MARCH APRIL  MAY  JUNE  JULY AUGUST SEPT   OCT   NOV   DEC   ANN
  
 1951   10.5  17.6  21.9  41.0  60.2  62.7  69.5  66.9  57.6  49.3  26.7  17.5  41.8
 1952   15.0  26.5  28.1  47.5  56.7  70.2  71.7  67.5  62.1  43.8  35.4  21.1  45.5
 1953   17.7  22.1  33.0  40.9  58.1  69.7  71.0  70.4  61.9  56.3  39.3  24.7  47.1
 1954   14.7  34.0  29.8  49.5  54.2  70.6  73.1  68.7  62.5  49.3  39.0  23.5  47.4
 1955   17.0  17.9  29.4  53.0  61.6  65.7  77.3  75.3  64.1  51.1  28.0  15.1  46.3
 1956   13.4  16.6  27.6  43.7  59.4  72.1  68.9  70.3  59.5  56.2  33.4  24.2  45.4
 1957   11.5  25.6  31.8  47.9  56.9  67.4  75.6  69.8  58.4  47.4  32.2  26.6  45.9
 1958   21.3  15.3  32.0  47.3  60.0  63.0  68.0  70.1  61.6  53.3  36.8  16.1  45.4
 1959   10.9  14.4  30.1  47.9  61.2  69.1  70.9  74.7  61.6  45.8  24.8  30.3  45.1
 1960   20.0  20.8  20.2  47.9  58.0  65.3  70.3  71.0  62.1  50.0  37.4  19.2  45.2
 1961   14.9  25.4  32.1  40.0  55.5  68.1  69.4  70.4  59.9  52.1  34.2  17.6  45.0
 1962   11.3  16.4  25.3  43.6  62.8  66.3  68.7  68.8  58.1  52.2  37.9  21.8  44.4
 1963    6.0  15.2  35.4  48.8  57.4  71.1  71.6  68.3  63.2  60.8  40.0  11.7  45.8
 1964   23.9  26.8  28.6  47.5  63.3  68.7  75.5  68.4  60.2  48.7  37.1  18.3  47.3
 1965   12.8  14.0  20.2  43.6  61.4  67.2  70.9  68.9  56.5  51.0  35.0  30.2  44.3
 1966    7.0  18.6  37.0  42.2  54.5  68.1  73.6  67.6  60.4  49.5  33.8  21.7  44.5
 1967   18.8  14.5  35.0  47.4  53.8  67.1  68.2  66.9  60.3  49.5  33.7  25.2  45.0
 1968   17.7  19.6  41.1  50.7  55.2  69.6  71.5  70.6  61.4  52.4  36.1  19.8  47.1
 1969   11.9  21.1  25.2  49.1  60.3  62.5  73.3  72.1  62.9  46.9  35.2  20.4  45.1
 1970    7.4  18.5  29.2  48.7  61.9  70.5  73.3  70.7  61.5  50.3  34.7  19.2  45.5
 1971    9.3  18.5  29.2  48.2  56.4  72.9  68.8  69.1  63.7  55.5  36.0  22.5  45.8
 1972   10.0  15.5  31.0  44.0  61.4  68.0  70.2  71.3  62.0  46.7  33.7  15.1  44.1
 1973   19.1  24.2  41.8  45.2  57.1  71.5  73.3  72.4  61.4  56.1  36.5  18.1  48.1
 1974   15.5  20.3  32.2  49.0  56.1  66.9  77.0  68.2  58.5  51.6  35.9  24.4  46.3
 1975   17.1  19.5  24.8  40.8  62.7  68.9  73.3  71.2  57.5  53.0  38.3  23.2  45.9
 1976   16.0  30.2  34.0  50.5  56.6  69.5  74.5  70.8  61.3  45.2  28.8  14.5  46.0
 1977    3.6  25.3  41.0  54.7  67.5  69.6  74.9  67.2  62.6  48.6  33.6  17.0  47.1
 1978    6.6  12.0  30.6  46.8  60.0  68.7  70.9  70.6  67.0  49.3  32.6  15.4  44.2
 1979    2.4   9.9  28.5  42.1  57.4  67.1  71.2  69.2  62.8  49.3  33.7  27.5  43.4
 1980   17.1  16.8  29.1  48.2  60.6  68.8  74.3  70.8  62.8  46.1  37.4  21.9  46.2
 1981   20.5  24.8  38.2  51.1  57.2  68.7  72.6  69.4  60.6  47.8  38.4  18.4  47.3
 1982    4.2  17.4  30.0  42.7  61.9  63.3  73.8  69.8  60.9  50.9  32.8  27.1  44.6
 1983   21.4  26.7  33.8  42.2  54.8  68.7  76.4  76.2  63.1  49.9  35.6   6.3  46.3
 1984   15.1  27.9  26.1  46.0  56.5  69.9  70.9  73.1  59.9  51.9  35.2  22.4  46.3
 1985   13.0  17.1  37.3  52.7  63.2  65.6  72.0  67.2  61.8  49.2  26.8   8.1  44.5
 1986   18.0  18.3  36.3  50.2  60.5  70.1  74.3  66.4  62.2  50.6  29.2  23.6  46.6
 1987   22.5  32.0  38.9  53.8  65.5  73.0  76.2  69.8  63.2  47.0  40.0  26.4  50.7
 1988   11.2  15.0  36.0  47.8  65.7  74.7  75.8  75.9  65.3  46.3  36.6  22.3  47.7
 1989   26.1  13.6  30.8  47.7  59.6  68.4  75.4  72.2  61.2  53.0  32.4  13.4  46.1
 1990   28.5  25.1  39.2  48.4  57.1  69.7  72.0  71.6  66.2  51.2  40.7  17.5  48.9
 1991   12.0  25.6  37.2  51.0  63.3  74.6  72.8  71.8  61.8  49.6  27.4  24.5  47.6
 1992   23.6  29.1  36.0  45.1  61.5  67.8  67.0  66.4  61.3  50.5  32.2  21.4  46.8
 1993   16.2  17.9  28.5  44.3  58.3  66.1  71.2  70.3  57.2  49.8  33.3  23.6  44.7
 1994    7.5  14.3  37.0  49.5  61.1  70.8  69.8  67.2  64.8  53.3  39.2  24.7  46.6
 1995   17.2  21.7  35.5  43.7  57.3  70.5  72.7  75.8  60.2  49.7  28.2  21.3  46.1
 1996   13.0  20.8  28.5  44.9  54.9  68.6  68.9  68.3  59.2  49.1  24.9  15.5  43.1
 1997   10.7  19.3  30.7  42.4  51.1  69.2  70.3  67.0  61.8  49.6  29.3  25.3  43.9
 1998   19.4  30.5  30.1  48.3  64.1  65.1  71.9  70.6  65.9  50.4  37.2  26.1  48.3
 MEANS  14.6  20.6  31.8  46.9  59.2  68.6  72.2  70.1  61.5  50.4  34.1  20.7  45.9
 
 THESE ARE THE MONTHLY PRECIP TOTALS AND NUMBER OF MISSING DAYS 1951-1998 FOR STATION #6305
 YEAR    JAN   FEB  MARCH APRIL  MAY  JUNE  JULY AUGUST SEPT   OCT   NOV   DEC   ANN
  
 1951   0.66  1.35  4.54  6.32  2.62  5.59  3.02  5.28  1.89  3.79  1.10  1.30 37.46
           0     1     0     0     0     0     0     0     0     0     0     0     1
 1952   2.52  0.90  3.24  2.19  2.94  4.06  4.31  4.01  0.50  0.00  1.70  0.86 27.23
           0     0     0     0     0     0     0     0     0     0     0     0     0
 1953   1.23  1.24  1.95  4.18  2.45  5.15  6.28  5.04  0.68  0.48  2.15  1.23 32.06
           0     0     0     0     0     0     0     0     0     0     0     0     0
 1954   0.38  0.40  1.39  3.14  4.06  7.18  4.83  8.02  2.58  2.90  0.25  1.38 36.51
           0     0     0     0     0     0     0     0     0     0     0     0     0
 1955   0.61  1.54  1.59  3.35  2.71  3.04  3.57  0.81  1.76  1.82  0.55  1.11 22.46
           0     0     0     0     0     0     0     0     1     0     0     0     1
 1956   1.44  0.83  4.75  1.93  5.05  1.41  5.90  4.48  2.15  1.98  1.84  1.09 32.85
           0     0     0     0     0     0     0     0     0     0     0     0     0
 1957   0.72  0.25  2.09  1.18  6.80  5.16  3.12  3.13  2.15  1.90  2.48  0.54 29.52
           0     0     0     0     0     0     0     0     0     0     0     0     0
 1958   0.35  0.08  0.33  2.79  1.17  3.92  3.51  3.55  2.42  1.32  0.78  0.15 20.37
           0     0     0     0     0     0     0     0     0     0     0     0     0
 1959   0.66  1.81  3.50  0.96  5.80  6.02  2.06  4.63  6.81  1.16  2.33  0.84 36.58
           0     0     0     0     0     0     0     0     0     0     0     0     0
 1960   0.26  0.58  0.86  2.19  3.86  4.24  2.39  5.47  3.76  1.21  0.50  0.94 26.26
           0     0     0     0     0     0     0     0     0     0     0     0     0
 1961   0.28  1.91  4.70  1.24  2.54  1.32  8.41  2.33  3.18  3.20  1.63  0.88 31.62
           0     0     0     0     0     0     0     0     0     0     0     0     0
 1962   0.08  1.25  1.03  1.70  4.07  2.65  6.75  8.98  3.52  2.66  0.00  0.12 32.81
           0     0     0     0     0     0     0     0     0     0     0     0     0
 1963   0.58  0.83  2.13  3.06  3.15  1.91  6.49  2.70  0.49  1.28  1.12  0.54 24.28
           0     0     0     0     0     0     0     0     0     0     0     0     0
 1964   0.49  0.00  1.30  3.78  5.71  1.70  1.22  3.87  6.04  0.32  0.97  1.09 26.49
           0     0     0     0     0     0     0     0     0     0     0     0     0
 1965   0.56  1.68  3.53  5.14  4.47  2.10  5.35  2.44 13.39  0.95  1.16  1.47 42.24
           0     0     0     0     0     0     0     0     0     0     0     0     0
 1966   0.76  1.15  2.87  1.54  2.74  6.11  6.96  2.35  0.83  2.27  0.27  0.86 28.71
           0     0     0     0     0     0     0     0     0     0     0     0     0
 1967   1.72  1.01  1.70  2.06  2.59  7.13  2.99  5.21  1.58  2.33  0.16  0.64 29.12
           0     0     0     0     0     0     0     0     0     0     0     0     0
 1968   0.57  0.07  0.90  4.74  5.20  6.29  7.88  4.36  4.63  3.54  0.40  2.42 41.00
           0     0     0     0     0     0     0     0     0     0     0     0     0
 1969   1.54  0.17  0.94  3.35  4.24 11.76  5.62  0.51  3.47  3.23  0.42  1.57 36.82
           0     0     0     0     0     0     0     0     0     0     0     0     0
 1970   0.23  0.26  1.16  1.78  5.77  3.98  4.28  2.91  5.72  5.42  2.40  1.36 35.27
           0     0     0     0     0     0     0     0     0     0     0     0     0
 1971   1.36  3.27  1.13  0.60  2.79  8.98  2.10  0.76  2.32  3.59  2.65  1.69 31.24
           0     0     0     0     0     0     0     0     0     0     0     0     0
 1972   0.71  0.48  1.13  2.29  2.48  2.18  5.43  3.75  9.45  4.17  1.17  1.52 34.76
           0     0     0     0     0     0     0     0     0     0     0     0     0
 1973   1.56  1.17  3.24  4.10  5.22  3.18  3.36  3.83  5.05  2.40  2.72  1.68 37.51
           0     0     0     0     0     0     0     0     0     0     0     0     0
 1974   0.38  1.06  2.06  3.00  8.35  4.00  2.77  3.71  0.96  2.92  0.79  0.92 30.92
           0     0     0     0     0     0     0     0     0     0     0     0     0
 1975   1.79  0.58  2.73  5.61  3.11  5.14  1.42  8.42  0.24  0.53  5.19  1.06 35.82
           0     0     0     0     0     0     0     0     0     0     0     0     0
 1976   0.16  0.58  4.50  4.59  3.77  1.59  1.56  1.25  0.98  1.14  0.04  0.57 20.73
           0     0     0     0     0     0     0     0     0     0     0     0     0
 1977   0.35  0.74  3.45  3.86  2.25  3.63  5.27  5.81  2.55  2.64  1.17  0.75 32.47
           0     0     0     0     0     0     0     0     0     0     0     0     0
 1978   1.00  0.54  0.40  3.84  3.69  5.99  7.27  1.62  4.57  1.45  2.39  0.97 33.73
           0     0     0     0     0     0     0     0     0     0     0     0     0
 1979   1.50  0.35  3.18  2.61  4.01  2.55  5.32  9.17  1.60  4.17  0.00  0.64 35.10
           0     0     0     0     0     0     0     0     0     0    30     0    30
 1980   1.86  0.57  0.80  1.30  3.60  6.39  3.31 17.45  5.98  2.56  0.25  0.88 44.95
           0     0     0     0     0     0     0     0     0     0     0     0     0
 1981   0.10  2.55  0.81  5.59  3.95  6.14  6.31  7.78  2.03  1.52  1.04  1.45 39.27
           0     0     0     0     0     0     0     0     0     0     0     0     0
 1982   3.27  0.15  1.76  3.03  6.10  4.74  4.08  5.76  4.81  3.97  3.40  3.70 44.77
           0     0     0     0     0     0     0     0     0     0     0     1     1
 1983   1.19  1.87  2.04  3.22  6.92  4.39  1.48  2.59  7.90  3.42  4.12  0.93 40.07
           0     0     0     0     0     0     0     0     0     0     0     0     0
 1984   0.39  1.09  2.20  5.63  3.50  8.59  2.50  1.02  1.18  4.91  2.45  1.24 34.70
           0     0     0     0     0     0     0     0     0     0     0     1     1
 1985   0.71  0.60  1.91  3.82  1.36  3.94  1.50  3.22 10.35  1.22  2.85  1.76 33.24
           1     0     0     0     0     0     0     0     0     0     0     0     1
 1986   0.57  0.51  1.96  4.15  4.65  1.78  5.80  4.60  9.87  4.68  1.55  0.60 40.72
           0     0     0     0     0     0     0     0     0     0     0     1     1
 1987   0.33  0.06  2.34  2.42  3.19  1.62  4.24  4.17  2.29  0.39  2.40  2.65 26.10
           1     0     0     0     0     0     0     0     0     0     0     0     1
 1988   1.11  0.68  1.18  3.24  2.37  2.20  0.81  3.83  4.09  0.49  2.83  0.97 23.80
           0     0     0     2     0     0     0     0     0     0     0     0     2
 1989   0.19  0.27  1.52  2.23  1.52  1.66  3.28  2.92  2.85  2.32  0.51  0.11 19.38
           0     0     0     0     0     0     0     0     0     0     0     1     1
 1990   0.90  0.42  4.40  4.76  4.06  7.01  5.55  7.61  1.28  1.59  0.54  2.41 40.53
           0     0     0     0     0     0     0     0     0     0     0     0     0
 1991   0.59  0.15  2.60  6.72  6.36  1.74  3.25  3.94  4.11  1.40  4.73  1.80 37.39
           0     0     0     0     0     0     0     0     0     0     0     0     0
 1992   1.83  1.19  2.63  3.43  2.69  2.38  6.70  2.48  4.51  1.32  4.91  1.75 35.82
           0     0     0     0     0     0     0     0     0     0     0     0     0
 1993   0.95  1.39  2.46  4.33  5.10  9.94  7.09  9.81  1.57  0.68  0.73  0.96 45.01
           0     0     0     0     0     0     0     0     0     0     0     0     0
 1994   1.58  1.13  0.03  2.27  3.17  4.91  5.22  5.48  3.12  3.59  1.88  0.85 33.23
           0     0     0     0     0     0     0     0     0     0     0     0     0
 1995   0.79  0.00  2.39  3.86  4.70  6.21  6.00  3.20  3.40  2.86  0.86  0.32 34.59
           0     0     0     0     0     0     0     0     0     0     0     0     0
 1996   2.16  0.03  1.94  1.03  2.67  6.29  0.95  6.55  1.82  2.57  4.07  1.20 31.28
           0     0     0     0     0     0     0     0     0     0     0     0     0
 1997   1.28  1.09  1.63  1.45  4.18  3.94  7.41  2.78  2.22  4.07  0.20  0.79 31.04
           0     0     0     0     0     0     0     0     0     0     0     0     0
 1998   1.31  1.20  1.97  3.67  3.90  6.89  1.56  5.26  2.68  4.38  1.15  0.31 34.28
           0     0     0     0     0     0     0     0     0     0     0     0     0
 
 MEANS  0.95  0.85  2.14  3.19  3.91  4.56  4.30  4.56  3.57  2.35  1.64  1.14 33.17
 PRECIPITATION MEANS AND TOTALS ARE BASED ON DATA AVAILABLE
 NO ATTEMPT WAS MADE TO ESTIMATE MISSING PRECIPITATION DATA
 *****************************************************************************************
 *****************************************************************************************
 
 THESE ARE THE MONTHLY HEATING DEGREE DAYS 1951-1998 FOR STATION #6305
 YEAR    JAN    FEB   MARCH  APRIL   MAY    JUNE   JULY  AUGUST  SEPT   OCT   NOV   DEC
 
 1951  1691.0 1326.0 1335.5  721.5  166.5   92.5   21.5   35.0  226.0  495.5 1150.0 1472.0
 1952  1549.5 1115.5 1145.0  536.5  285.5   25.5    5.5   36.0  152.0  657.5  887.5 1362.0
 1953  1466.5 1201.5  993.5  724.0  255.5   31.0   10.0    9.0  143.5  290.5  772.0 1249.0
 1954  1558.5  868.5 1090.5  468.0  349.5   44.5    0.0   14.0  122.5  492.5  781.5 1285.0
 1955  1486.5 1318.5 1105.0  360.5  146.0   58.0    0.0    7.0  119.0  432.0 1111.0 1546.5
 1956  1598.5 1403.0 1160.5  638.0  223.5   21.5    7.0   28.5  184.0  282.5  947.0 1263.5
 1957  1657.0 1102.0 1030.5  514.5  262.5   34.0    0.0   18.0  215.0  545.0  983.0 1190.5
 1958  1355.5 1391.0 1024.0  532.0  171.5  109.5   17.5   41.0  140.0  363.0  844.5 1515.0
 1959  1678.5 1418.0 1081.0  513.5  174.5   29.5   11.0    3.0  181.5  594.5 1206.0 1077.0
 1960  1396.0 1281.0 1390.0  525.5  220.0   58.5   11.5    5.0  184.5  465.5  827.5 1420.5
 1961  1552.0 1109.5 1020.0  749.0  312.5   40.0    1.0    4.5  217.5  400.0  924.5 1470.0
 1962  1665.5 1360.0 1230.5  646.5  150.5   55.0   19.0    9.5  232.0  412.5  813.5 1339.0
 1963  1828.5 1395.0  917.5  486.0  261.0   22.5    6.0   30.5  105.0  162.0  749.5 1651.0
 1964  1273.0 1108.5 1129.5  525.5  121.5   47.5    2.0   54.5  197.0  505.5  838.0 1446.5
 1965  1619.0 1428.0 1388.0  643.0  151.0   26.0    4.0   39.5  262.0  437.5  898.5 1078.5
 1966  1799.0 1300.5  867.5  684.0  346.5   39.5    2.5   32.0  173.5  486.0  934.5 1343.0
 1967  1432.5 1414.0  931.5  530.0  376.0   20.5   45.0   41.5  153.5  492.0  938.5 1234.0
 1968  1465.0 1318.0  740.0  431.0  313.0   36.0    7.5   22.0  131.5  416.5  867.5 1401.5
 1969  1646.0 1230.0 1234.5  476.0  203.0  120.5    5.5    0.0  114.5  573.0  893.5 1382.5
 1970  1785.0 1302.5 1108.5  517.0  179.0   20.5    6.0    2.5  181.5  462.0  908.0 1418.5
 1971  1728.0 1302.0 1111.0  504.0  276.5   12.0   23.5   18.5  145.5  309.5  869.0 1317.0
 1972  1706.0 1436.0 1054.0  631.5  190.0   47.5   19.5   28.0  140.0  567.5  940.5 1545.5
 1973  1424.0 1141.5  719.0  595.5  256.5    2.0    0.0    3.5  154.5  289.5  855.5 1452.5
 1974  1534.0 1251.0 1016.5  491.0  295.0   50.0    0.0   31.5  226.0  416.0  873.5 1258.0
 1975  1485.5 1274.5 1245.5  726.0  150.0   44.5   20.0    5.0  249.5  382.0  802.0 1296.0
 1976  1518.5 1010.0  962.0  443.5  267.5    5.0    1.0   11.5  157.0  623.5 1086.5 1565.0
 1977  1904.0 1111.5  744.0  328.0   56.0   15.0    0.5   33.5  107.0  509.0  942.0 1487.0
 1978  1809.0 1485.0 1066.0  547.5  214.5   26.5    4.5   12.5   77.0  486.0  971.0 1538.5
 1979  1939.5 1541.5 1130.5  687.0  263.0   34.0    3.5   37.0  114.0  490.5  939.5 1162.0
 1980  1485.5 1399.0 1114.0  518.5  201.0   27.0    0.0    4.5  124.5  584.5  827.5 1336.5
 1981  1381.0 1127.0  831.0  421.0  249.5   18.0   13.0   10.5  158.0  532.0  798.0 1446.0
 1982  1886.0 1331.5 1084.5  669.0  120.5   89.5    0.0   35.0  166.0  436.0  966.0 1176.0
 1983  1353.0 1072.0  968.0  683.5  315.5   42.0    0.0    0.0  163.5  479.0  881.5 1818.5
 1984  1546.5 1074.5 1204.5  568.5  272.5    8.5    5.5    9.5  199.5  406.5  893.0 1321.5
 1985  1613.0 1341.0  857.5  404.5  100.0   77.5    4.0   26.0  222.0  489.5 1147.0 1764.0
 1986  1457.0 1307.5  888.5  445.5  168.0   16.5    0.5   46.0  121.5  447.0 1075.0 1284.0
 1987  1317.5  924.5  810.5  352.5   90.5    8.5    3.0   39.5   96.5  558.5  749.0 1197.5
 1988  1668.0 1450.5  898.5  514.5   64.5    5.5    1.0   12.5   78.0  580.5  853.0 1323.0
 1989  1207.0 1440.0 1060.0  521.5  207.0   46.0    0.0    3.0  159.5  385.0  977.0 1600.0
 1990  1132.5 1116.5  801.0  526.0  253.5   38.5    6.5    1.5  104.0  439.0  728.5 1472.5
 1991  1641.5 1102.5  861.0  438.0  181.5    0.0    2.5    7.0  189.0  479.5 1128.5 1254.5
 1992  1282.5 1040.5  897.5  599.0  172.5   37.5   38.5   55.5  144.0  460.0  984.5 1352.0
 1993  1512.5 1320.0 1130.5  622.0  224.0   67.0    0.5   17.0  253.5  482.0  951.5 1284.5
 1994  1784.0 1421.0  867.5  484.5  175.0   18.0    4.5   33.5   98.5  362.0  774.0 1248.0
 1995  1482.5 1213.0  916.0  639.5  241.5   29.0    9.5    0.0  198.5  481.5 1103.0 1356.0
 1996  1611.5 1283.0 1130.0  603.0  341.0   51.0   10.0    5.0  214.0  493.0 1202.5 1534.0
 1997  1682.0 1279.0 1062.0  678.5  432.0   11.0   30.5   33.0  128.5  511.0 1071.0 1229.5
 1998  1414.5  966.5 1080.5  500.0  101.0  114.5    0.0    0.0   67.5  454.0  833.0 1207.0
 *****************************************************************************************
 MEANS 1592.7 1276.6 1048.7  558.6  223.0   39.5    8.1   20.0  162.6  468.5  944.9 1400.9
 
 THESE ARE THE MONTHLY COOLING DEGREE DAYS 1951-1998 FOR STATION #6305
 YEAR    JAN   FEB  MARCH APRIL  MAY  JUNE  JULY AUGUST SEPT   OCT   NOV   DEC   ANN
 
 1951    0.0   0.0   0.0   1.0  17.0  23.0 161.5  94.5   3.5  10.0   0.0   0.0
 1952    0.0   0.0   0.0  10.0  27.5 181.0 212.0 112.5  65.5   0.0   0.0   0.0
 1953    0.0   0.0   0.0   0.0  40.5 170.5 197.0 177.5  50.5  21.5   0.0   0.0
 1954    0.0   0.0   0.0   3.0  15.5 212.0 251.0 127.5  46.5   6.0   0.0   0.0
 1955    0.0   0.0   0.0   0.0  42.0  80.0 381.5 326.0  92.0   0.0   0.0   0.0
 1956    0.0   0.0   0.0   0.0  50.0 235.0 126.5 192.0  17.5   9.0   0.0   0.0
 1957    0.0   0.0   0.0   1.5  12.0 107.5 329.0 167.5  16.0   0.0   0.0   0.0
 1958    0.0   0.0   0.0   0.5  17.5  51.0 109.5 198.0  39.0   1.5   0.0   0.0
 1959    0.0   0.0   0.0   0.0  55.5 152.0 193.0 304.5  79.0   0.0   0.0   0.0
 1960    0.0   0.0   0.0  13.0   4.0  68.0 175.5 192.5  98.0   2.0   0.0   0.0
 1961    0.0   0.0   0.0   0.0  19.5 132.5 138.5 173.0  65.0   0.0   0.0   0.0
 1962    0.0   0.0   0.0   3.5  83.5  94.5 134.5 126.0  25.0  15.0   0.0   0.0
 1963    0.0   0.0   0.0   1.0  25.5 204.0 210.5 134.0  50.0  33.0   0.0   0.0
 1964    0.0   0.0   0.0   1.5  67.5 158.0 329.0 160.0  53.5   0.0   0.0   0.0
 1965    0.0   0.0   0.0   0.0  40.5  91.5 187.0 160.5   8.0   5.0   0.0   0.0
 1966    0.0   0.0   0.0   0.0  20.0 131.0 270.5 113.0  36.5   4.5   0.0   0.0
 1967    0.0   0.0   1.5   2.0  29.0  82.0 143.0  99.0  11.0  10.0   0.0   0.0
 1968    0.0   0.0   0.0   2.5  10.5 175.0 209.5 194.5  24.5  24.5   0.0   0.0
 1969    0.0   0.0   0.0   0.0  58.5  44.5 264.0 219.0  51.0  13.0   0.0   0.0
 1970    0.0   0.0   0.0  27.5  83.5 184.5 262.0 178.0  77.5   7.0   0.0   0.0
 1971    0.0   0.0   0.0   0.5   9.5 250.0 141.5 146.5 105.5  14.5   0.0   0.0
 1972    0.0   0.0   0.0   0.0  79.5 136.5 181.0 223.0  49.5   0.0   0.0   0.0
 1973    0.0   0.0   0.0   0.0  10.5 198.0 256.5 231.5  47.5  13.0   0.0   0.0
 1974    0.0   0.0   0.0  11.5  18.0 106.0 371.0 131.0  30.5   0.5   0.0   0.0
 1975    0.0   0.0   0.0   0.0  79.5 162.0 278.0 197.0  24.5  11.5   0.0   0.0
 1976    0.0   0.0   0.0   7.0   8.0 140.0 294.5 190.0  46.5   8.5   0.0   0.0
 1977    0.0   0.0   0.0  19.0 132.0 151.5 307.0 101.5  34.5   0.0   0.0   0.0
 1978    0.0   0.0   0.0   0.0  59.0 136.0 187.0 187.5 137.0   0.0   0.0   0.0
 1979    0.0   0.0   0.0   0.0  26.5  95.5 194.5 167.0  49.0   3.5   0.0   0.0
 1980    0.0   0.0   0.0  13.5  65.0 140.0 287.5 185.0  60.0   0.0   0.0   0.0
 1981    0.0   0.0   0.0   4.5   6.5 128.0 250.0 147.5  26.0   0.0   0.0   0.0
 1982    0.0   0.0   0.0   0.0  25.0  38.5 271.5 183.5  43.5   0.0   0.0   0.0
 1983    0.0   0.0   0.0   0.0   0.5 153.0 352.0 348.0 105.5  10.5   0.0   0.0
 1984    0.0   0.0   0.0   0.0   8.5 157.0 188.0 260.0  46.0   0.0   0.0   0.0
 1985    0.0   0.0   0.0  34.0  44.5  96.5 220.5  95.5 127.5   0.0   0.0   0.0
 1986    0.0   0.0   0.0   0.0  29.0 168.5 289.0  89.0  38.5   0.0   0.0   0.0
 1987    0.0   0.0   0.0  17.5 106.5 249.0 351.5 189.0  42.5   0.0   0.0   0.0
 1988    0.0   0.0   0.0   0.0  87.5 297.5 336.0 349.5  85.5   0.0   0.0   0.0
 1989    0.0   0.0   0.0   1.0  40.5 149.5 322.5 225.5  46.5  12.0   0.0   0.0
 1990    0.0   0.0   0.0  27.5   8.5 179.5 223.0 205.5 140.5  10.0   0.0   0.0
 1991    0.0   0.0   0.0  17.0 127.5 287.0 245.5 217.0  93.0   2.0   0.0   0.0
 1992    0.0   0.0   0.0   2.0  63.5 120.0 100.0  98.0  32.5  10.0   0.0   0.0
 1993    0.0   0.0   0.0   0.0  16.0 100.5 193.5 182.5  20.0  12.0   0.0   0.0
 1994    0.0   0.0   0.0  18.0  53.0 192.5 154.0 103.0  91.5   0.5   0.0   0.0
 1995    0.0   0.0   0.0   0.0   4.0 194.5 247.0 333.5  53.0   6.0   0.0   0.0
 1996    0.0   0.0   0.0   0.0  27.5 158.5 130.0 106.5  40.5   0.5   0.0   0.0
 1997    0.0   0.0   0.0   0.0   0.0 138.0 195.0  95.0  34.0  32.5   0.0   0.0
 1998    0.0   0.0   0.0   0.0  73.0 117.0 213.0 174.0  94.0   0.0   0.0   0.0
 *****************************************************************************************
 MEANS   0.0   0.0   0.0   5.3  41.6 150.9 237.5 185.1  57.4   6.8   0.0   0.0
 
 THESE ARE THE HEAT STRESS VARIABLES 1951-1998 FOR STATION #6305
             # OF DAYS MAXT >86                           HEAT INDEX
 YEAR   MAY  JUNE  JULY   AUG  SEPT  TOTAL     MAY    JUNE   JULY   AUG    SEPT  TOTAL
 1951   0.0   0.0   2.0   1.0   0.0    3.0      0.0    0.0    3.0    4.0    0.0    7.0
 1952   1.0   8.0   8.0   2.0   5.0   24.0      2.0   21.0   21.0    2.0   12.0   58.0
 1953   2.0   6.0   2.0   8.0   2.0   20.0      5.0   26.0    7.0   23.0   12.0   73.0
 1954   0.0   4.0   7.0   0.0   0.0   11.0      0.0   21.0   33.0    0.0    0.0   54.0
 1955   0.0   2.0  15.0  17.0   7.0   41.0      0.0    6.0   92.0  133.0   49.0  280.0
 1956   1.0  15.0   3.0   6.0   0.0   25.0      2.0   72.0   15.0   22.0    0.0  111.0
 1957   0.0   1.0  13.0   3.0   0.0   17.0      0.0    1.0   60.0   13.0    0.0   74.0
 1958   0.0   2.0   1.0   7.0   2.0   12.0      0.0    5.0    4.0   25.0    2.0   36.0
 1959   2.0   5.0   5.0  14.0   4.0   30.0      3.0   11.0   10.0   77.0    8.0  109.0
 1960   0.0   1.0   9.0   4.0   7.0   21.0      0.0    1.0   21.0   14.0   22.0   58.0
 1961   1.0   7.0   0.0   5.0   1.0   14.0      2.0   31.0    0.0   11.0    3.0   47.0
 1962   1.0   2.0   2.0   1.0   0.0    6.0      1.0    3.0    3.0    1.0    0.0    8.0
 1963   0.0  11.0   4.0   1.0   0.0   16.0      0.0   38.0   15.0    1.0    0.0   54.0
 1964   3.0   9.0  18.0   8.0   1.0   39.0      9.0   32.0  117.0   48.0    2.0  208.0
 1965   0.0   2.0   5.0   9.0   0.0   16.0      0.0    4.0   21.0   44.0    0.0   69.0
 1966   1.0   7.0  13.0   4.0   0.0   25.0      4.0   16.0   58.0   12.0    0.0   90.0
 1967   3.0   1.0   3.0   0.0   0.0    7.0     17.0    3.0    4.0    0.0    0.0   24.0
 1968   0.0   7.0   4.0   8.0   0.0   19.0      0.0   25.0    8.0   30.0    0.0   63.0
 1969   2.0   1.0   7.0   6.0   0.0   16.0      6.0    2.0   24.0   12.0    0.0   44.0
 1970   4.0   5.0  11.0   5.0   1.0   26.0      8.0   24.0   35.0   10.0    1.0   78.0
 1971   1.0  13.0   2.0   3.0   4.0   23.0      4.0   40.0    5.0   14.0   16.0   79.0
 1972   4.0   5.0   6.0  12.0   0.0   27.0      9.0   14.0   14.0   56.0    0.0   93.0
 1973   0.0   5.0   9.0   9.0   0.0   23.0      0.0   25.0   33.0   27.0    0.0   85.0
 1974   0.0   3.0  19.0   2.0   0.0   24.0      0.0    6.0  109.0    7.0    0.0  122.0
 1975   4.0   6.0  15.0   6.0   0.0   31.0     16.0   15.0   40.0   12.0    0.0   83.0
 1976   0.0   4.0  13.0  10.0   2.0   29.0      0.0   11.0   66.0   26.0    7.0  110.0
 1977   4.0   6.0  13.0   2.0   0.0   25.0      6.0   30.0   76.0    2.0    0.0  114.0
 1978   3.0   4.0   5.0   7.0   9.0   28.0      8.0   12.0   12.0   18.0   43.0   93.0
 1979   1.0   1.0   2.0   4.0   0.0    8.0      1.0    2.0    2.0   10.0    0.0   15.0
 1980   4.0   5.0  11.0   4.0   2.0   26.0      9.0   21.0   57.0   10.0    7.0  104.0
 1981   0.0   2.0   9.0   2.0   1.0   14.0      0.0    7.0   26.0    2.0    2.0   37.0
 1982   0.0   0.0   9.0   5.0   0.0   14.0      0.0    0.0   33.0   19.0    0.0   52.0
 1983   0.0   6.0  17.0  16.0   5.0   44.0      0.0   20.0   86.0   86.0   15.0  207.0
 1984   0.0   5.0   5.0  13.0   3.0   26.0      0.0   12.0   12.0   53.0    8.0   85.0
 1985   1.0   5.0   7.0   6.0   5.0   24.0      2.0   28.0   27.0   18.0   17.0   92.0
 1986   1.0   6.0  12.0   1.0   1.0   21.0      2.0   31.0   42.0    2.0    1.0   78.0
 1987   5.0  14.0  18.0   5.0   0.0   42.0     11.0   64.0   75.0   23.0    0.0  173.0
 1988   5.0  19.0  17.0  15.0   5.0   61.0     12.0  112.0  105.0  136.0   17.0  382.0
 1989   0.0   5.0  15.0   7.0   0.0   27.0      0.0   16.0   81.0   38.0    0.0  135.0
 1990   0.0   5.0   4.0   3.0   6.0   18.0      0.0    8.0   30.0    8.0   16.0   62.0
 1991   3.0  11.0  10.0   6.0   0.0   30.0      6.0   61.0   43.0   17.0    0.0  127.0
 1992   2.0   4.0   1.0   3.0   0.0   10.0     11.0   13.0    1.0    6.0    0.0   31.0
 1993   0.0   0.0   2.0   4.0   0.0    6.0      0.0    0.0    5.0    8.0    0.0   13.0
 1994   1.0   6.0   0.0   2.0   3.0   12.0      1.0   20.0    0.0    4.0   12.0   37.0
 1995   0.0   8.0   9.0  12.0   1.0   30.0      0.0   40.0   50.0   43.0    1.0  134.0
 1996   0.0   8.0   1.0   1.0   0.0   10.0      0.0   24.0    5.0    3.0    0.0   32.0
 1997   0.0   2.0   7.0   1.0   0.0   10.0      0.0    3.0   15.0    2.0    0.0   20.0
 1998   5.0   2.0   3.0   1.0   7.0   18.0     11.0   10.0   11.0    2.0   18.0   52.0
 *****************************************************************************************
 MEANS  1.4   5.6   8.1   5.9   1.9   22.9      3.8   21.8   35.7   25.1    6.5   92.9
