 
 THIS IS FOR STATION NUMBER 8755 1951-> 1998
                                 # OF PRECIPITATION EVENTS - % IN PARENS
 CL                   MAX   MEAN  0.01-  0.26-  0.51-  1.01-          # OF DAYS
 WK    TIME PERIOD    VAL   RAIN    0.25   0.51   1.00   2.00  >2.01 MISSING TOTAL
  1 3/1-->3/7        0.78   0.23  37(67) 15(27)  3( 5)  0( 0)  0( 0)    2       55
  2 3/8-->3/14       5.00   0.48  41(61) 16(23)  7(10)  2( 2)  1( 1)    3       67
  3 3/15-->3/21      1.32   0.35  30(54) 12(21) 11(20)  2( 3)  0( 0)    4       55
  4 3/22-->3/28      1.62   0.48  27(42) 22(34) 11(17)  3( 4)  0( 0)    2       63
  5 3/29-->4/4       4.17   0.62  38(50) 18(23) 16(21)  3( 3)  1( 1)    2       76
  6 4/5-->4/11       1.15   0.55  32(43) 22(30) 13(17)  6( 8)  0( 0)    1       73
  7 4/12-->4/18      1.79   0.85  47(45) 27(25) 22(21)  8( 7)  0( 0)    0      104
  8 4/19-->4/25      2.85   0.90  39(40) 33(34) 14(14) 10(10)  1( 1)    0       97
  9 4/26-->5/2       2.40   0.91  39(41) 28(30) 15(16)  9( 9)  2( 2)    0       93
 10 5/3-->5/9        1.34   0.68  38(45) 21(25) 18(21)  6( 7)  0( 0)    0       83
 11 5/10-->5/16      2.54   0.86  45(45) 27(27) 18(18)  9( 9)  1( 1)    0      100
 12 5/17-->5/23      2.87   0.71  45(50) 24(26) 14(15)  6( 6)  1( 1)    0       90
 13 5/24-->5/30      2.14   1.07  55(47) 27(23) 21(18) 12(10)  1( 0)    0      116
 14 5/31-->6/6       1.73   0.66  35(43) 20(25) 15(18) 10(12)  0( 0)    0       80
 15 6/7-->6/13       1.58   0.99  46(42) 30(27) 18(16) 15(13)  0( 0)    0      109
 16 6/14-->6/20      3.02   1.05  39(40) 22(22) 21(21) 11(11)  4( 4)    2       97
 17 6/21-->6/27      3.58   1.09  46(46) 14(14) 28(28)  8( 8)  4( 4)    4      100
 18 6/28-->7/4       2.86   1.10  30(34) 27(31) 15(17)  8( 9)  7( 8)    0       87
 19 7/5-->7/11       2.26   0.73  38(47) 20(25) 11(13) 10(12)  1( 1)    1       80
 20 7/12-->7/18      2.82   0.99  35(39) 22(25) 16(18) 13(14)  2( 2)    0       88
 21 7/19-->7/25      2.45   1.07  32(39) 13(16) 18(22) 14(17)  4( 4)    1       81
 22 7/26-->8/1       4.05   0.82  36(45) 16(20) 19(23)  7( 8)  2( 2)    8       80
 23 8/2-->8/8        4.72   1.08  46(46) 17(17) 22(22) 10(10)  4( 4)    0       99
 24 8/9-->8/15       3.00   0.86  33(43) 11(14) 21(27)  9(11)  2( 2)    0       76
 25 8/16-->8/22      2.16   0.75  41(48) 16(19) 18(21)  7( 8)  2( 2)    1       84
 26 8/23-->8/29      3.78   0.99  34(41) 12(14) 22(26) 12(14)  2( 2)    0       82
 27 8/30-->9/5       3.76   0.80  31(43) 17(23) 14(19)  7( 9)  3( 4)    0       72
 28 9/6-->9/12       3.21   0.72  32(47) 14(20) 10(14)  8(11)  3( 4)    0       67
 29 9/13-->9/19      1.90   0.74  34(40) 26(31) 15(18)  8( 9)  0( 0)    0       83
 30 9/20-->9/26      3.35   0.93  32(35) 30(33) 19(21)  6( 6)  3( 3)    0       90
 31 9/27-->10/3      2.32   0.52  44(56) 20(25) 11(14)  2( 2)  1( 1)    0       78
 32 10/4-->10/10     1.80   0.54  37(52) 13(18) 20(28)  1( 1)  0( 0)    1       71
 33 10/11-->10/17    1.90   0.51  33(51) 13(20) 12(18)  6( 9)  0( 0)    0       64
 34 10/18-->10/24    1.70   0.52  37(54) 14(20) 12(17)  5( 7)  0( 0)    0       68
 35 10/25-->10/31    1.00   0.44  31(46) 20(29) 14(20)  2( 2)  0( 0)    0       67
 36 11/1-->11/7      2.02   0.47  40(62) 12(18)  6( 9)  5( 7)  1( 1)    4       64
 37 11/8-->11/14     2.04   0.34  30(61)  9(18)  5(10)  4( 8)  1( 2)    1       49
 38 11/15-->11/21    1.91   0.57  34(50) 15(22) 12(17)  7(10)  0( 0)    1       68
 39 11/22-->11/28    0.82   0.30  39(61) 19(30)  5( 7)  0( 0)  0( 0)    1       63
 40 11/29-->12/5     0.66   0.17  45(84)  6(11)  2( 3)  0( 0)  0( 0)   15       53
 41 12/6-->12/12     0.93   0.22  42(75) 11(19)  3( 5)  0( 0)  0( 0)   16       56
 42 12/13-->12/19    0.46   0.18  32(69) 14(30)  0( 0)  0( 0)  0( 0)   19       46
 43 12/20-->12/26    0.47   0.15  32(72) 12(27)  0( 0)  0( 0)  0( 0)   22       44
 44 12/27-->1/2      0.68   0.17  24(63) 11(28)  3( 7)  0( 0)  0( 0)   23       38
 45 1/3-->1/9        1.08   0.15  27(72)  9(24)  0( 0)  1( 2)  0( 0)   15       37
 46 1/10-->1/16      1.23   0.14  33(80)  6(14)  1( 2)  1( 2)  0( 0)   17       41
 47 1/17-->1/23      0.68   0.14  33(80)  6(14)  2( 4)  0( 0)  0( 0)   21       41
 48 1/24-->1/30      0.81   0.17  36(80)  4( 8)  5(11)  0( 0)  0( 0)   22       45
 49 1/31-->2/6       7.00   0.24  25(83)  3(10)  1( 3)  0( 0)  1( 3)   18       30
 50 2/7-->2/13       1.22   0.12  21(77)  4(14)  1( 3)  1( 3)  0( 0)   20       27
 51 2/14-->2/20      0.73   0.14  24(68)  9(25)  2( 5)  0( 0)  0( 0)   25       35
 52 2/21-->2/27      1.40   0.22  29(65) 11(25)  3( 6)  1( 2)  0( 0)   27       44
 53 2/28-->2/29      0.20   0.01   5(**)  0( 0)  0( 0)  0( 0)  0( 0)    3        5
 ANNUAL TOTALS       7.00   1866(50)860(23)605(16)275( 7) 55( 1)  302     3661
 
 THESE ARE THE MONTHLY AVERAGES FOR 1951-->1998 FOR STATION NUMBER 8755
   JAN  FEB  MAR  APR  MAY  JUN  JUL  AUG  SPT  OCT  NOV  DEC  ANNUAL
   0.62 0.73 1.76 3.36 3.70 4.24 4.03 4.08 3.24 2.17 1.76 0.79 30.47  <-- PRECIP
  
   15.2 21.1 32.3 47.4 59.5 68.7 72.7 70.8 62.2 51.0 34.7 21.3  50.7  <-- TEMP
 
 TWELVE SIGNIFICANT RAINFALL EVENTS  
 MONTH  DAY  YEAR   AMOUNT
   2      4  1997     7.00
   3     14  1997     5.00
   8      6  1951     4.72
   4      4  1981     4.17
   7     29  1970     4.05
   8     25  1983     3.78
   9      5  1985     3.76
   8     25  1990     3.70
   6     21  1974     3.58
   6     27  1983     3.50
   9     21  1986     3.35
   9     11  1986     3.21
 
 GROWING DEGREE DAYS FOR 4 BASE TEMPS FOR STATION NUMBER  8755
               MARCH                       APRIL  
     ****************************  *************************** 
 YEAR  40-86  48-86  50-86  52-86   40-86  48-86  50-86  52-86  
     ****************************  *************************** 
 1951      6      0      0      0    179     84     69     58
 1952     29     13     11      9    358    226    198    174
 1953     98     36     26     19    157     61     45     32
 1954     49     13      8      3    354    209    183    158
 1955     76     27     20     16    407    243    211    184
 1956     22      2      0      0    249    137    111     88
 1957     67     22     17     13    309    177    152    130
 1958     53      9      6      3    296    165    137    112
 1959     28      2      1      0    265    139    115     92
 1960     21      5      3      2    327    197    173    151
 1961     46     14     10      7    173     80     61     46
 1962     26      9      6      4    256    151    130    112
 1963    134     83     73     63    329    187    160    135
 1964     55     15      9      6    303    171    145    121
 1965      5      0      0      0    207    105     84     67
 1966    132     49     33     23    186     78     60     45
 1967    103     48     39     31    294    152    123     97
 1968    221    122    103     87    361    211    179    149
 1969     39     13      8      4    307    160    132    104
 1970     28      0      0      0    338    205    178    152
 1971     32      9      8      7    330    203    176    151
 1972     41      8      5      3    214    109     90     72
 1973    163     67     52     39    234    125    102     80
 1974     59     18     13      9    365    214    181    151
 1975     17      0      0      0    163     73     59     46
 1976    134     72     60     49    368    215    181    149
 1977    183     83     68     53    497    337    302    268
 1978     71     37     31     25    267    139    112     86
 1979     34      6      3      1    209    113     95     79
 1980     40      6      3      1    326    198    172    147
 1981    146     71     57     46    350    198    169    142
 1982     44     11      8      5    233    128    105     84
 1983     90     37     30     23    178     93     80     69
 1984     32      2      0      0    255    125     97     72
 1985    121     39     29     20    419    281    251    223
 1986    149     85     76     68    405    249    213    181
 1987    144     67     57     48    416    276    246    218
 1988     99     37     26     17    294    175    148    122
 1989     99     50     42     34    290    158    132    109
 1990    136     53     41     34    331    191    165    141
 1991    104     47     38     30    352    201    170    142
 1992     95     30     20     13    235    127    106     85
 1993     34      9      6      4    227    110     90     74
 1994     99     40     33     28    294    182    156    133
 1995    142     76     63     51    182     90     72     54
 1996     67     17     11      7    212    112     94     77
 1997     83     35     28     22    242    148    126    105
 1998    104     57     49     42    288    158    133    109
     ****************************  *************************** 
 MEAN   79.3   32.6   25.8   20.4  288.3  164.1  139.2  116.5
 STDV   51.2   29.3   25.0   21.3   78.1   59.5   54.8   50.2
 
               MAY                         JUNE   
     ****************************  *************************** 
 YEAR  40-86  48-86  50-86  52-86   40-86  48-86  50-86  52-86  
     ****************************  *************************** 
 1951    645    425    374    326    687    453    400    348
 1952    540    337    294    256    864    625    566    509
 1953    562    358    317    280    869    630    573    516
 1954    440    267    233    201    891    657    601    546
 1955    682    462    414    368    746    512    456    401
 1956    561    372    332    295    922    688    631    574
 1957    479    296    256    219    764    531    475    421
 1958    610    409    366    325    684    448    395    347
 1959    648    434    386    340    828    588    529    475
 1960    563    358    312    270    734    501    445    393
 1961    501    315    276    242    840    603    550    499
 1962    679    459    408    361    766    532    476    421
 1963    517    331    292    254    884    648    592    537
 1964    730    496    447    399    844    609    554    502
 1965    667    445    398    356    782    542    483    428
 1966    495    310    275    241    821    586    529    476
 1967    467    294    257    223    814    574    516    459
 1968    487    291    254    219    824    585    529    473
 1969    599    393    347    304    638    413    364    318
 1970    637    429    381    336    851    612    555    500
 1971    503    315    275    238    938    698    639    581
 1972    677    460    411    364    789    562    509    459
 1973    486    282    240    202    876    636    576    516
 1974    492    302    264    228    743    503    446    394
 1975    664    434    384    338    803    564    506    451
 1976    538    340    299    262    856    616    557    499
 1977    816    584    530    476    808    570    513    458
 1978    598    397    350    306    811    576    520    467
 1979    542    353    313    275    791    554    497    443
 1980    646    432    384    340    796    558    501    450
 1981    518    325    284    245    783    543    485    429
 1982    665    431    378    327    670    441    390    344
 1983    424    241    206    174    836    599    542    489
 1984    492    307    269    235    850    610    552    495
 1985    679    451    405    361    730    501    450    403
 1986    608    388    340    294    851    613    556    500
 1987    690    475    430    387    910    672    614    559
 1988    686    480    438    397    919    684    628    573
 1989    580    380    336    292    834    596    538    480
 1990    497    304    263    222    841    609    554    500
 1991    704    492    444    398    947    707    647    587
 1992    620    415    370    331    788    552    495    439
 1993    598    371    319    273    772    541    486    431
 1994    533    367    329    293    853    623    570    519
 1995    474    285    249    216    852    616    561    509
 1996    426    250    214    180    759    526    469    415
 1997    382    231    200    171    807    576    525    474
 1998    705    466    416    372    738    515    463    411
     ****************************  *************************** 
 MEAN  578.4  376.1  332.7  292.2  812.9  577.3  521.3  467.3
 STDV   95.8   79.1   74.3   69.6   69.2   67.2   65.8   63.7
 
               JULY                        AUGUST 
     ****************************  *************************** 
 YEAR  40-86  48-86  50-86  52-86   40-86  48-86  50-86  52-86  
     ****************************  *************************** 
 1951    899    651    589    528    796    548    487    432
 1952    996    748    686    625    856    609    549    492
 1953    955    707    646    586    937    689    627    566
 1954   1007    759    697    635    897    649    587    528
 1955   1063    815    753    691    996    749    688    628
 1956    878    630    568    507    893    651    593    535
 1957   1019    771    709    647    890    642    582    523
 1958    890    642    580    519    932    687    627    569
 1959    896    648    587    527    994    746    684    622
 1960    917    669    607    545    936    688    627    567
 1961    913    665    603    543    942    694    632    571
 1962    839    591    530    470    869    621    560    500
 1963    971    723    661    599    882    634    575    516
 1964   1035    787    725    664    880    632    574    518
 1965    933    685    623    561    867    622    562    503
 1966   1015    767    705    643    862    615    555    497
 1967    892    646    588    531    810    566    509    457
 1968    940    692    630    568    914    668    608    548
 1969    966    718    656    595    984    736    674    612
 1970    994    746    685    625    933    685    623    561
 1971    859    613    554    496    875    628    567    508
 1972    901    653    592    531    935    688    627    566
 1973    977    729    667    605    953    705    643    581
 1974   1036    788    726    664    859    613    553    493
 1975    989    741    681    621    963    715    653    592
 1976   1030    782    720    658    907    659    598    538
 1977   1031    783    721    659    841    595    536    479
 1978    933    685    623    562    901    653    593    534
 1979    917    669    607    545    834    591    534    479
 1980   1018    770    708    646    937    689    627    565
 1981    923    675    614    554    847    600    542    484
 1982    980    732    670    608    860    613    555    498
 1983   1069    821    759    698   1058    810    748    686
 1984    915    667    605    544    965    718    657    597
 1985    956    708    646    584    836    589    529    469
 1986   1010    762    700    638    795    552    494    437
 1987   1029    781    719    658    853    609    550    493
 1988   1018    770    709    648    992    748    690    632
 1989   1051    803    741    679    930    682    620    558
 1990    947    699    637    575    930    682    620    558
 1991    972    724    663    603    940    692    630    568
 1992    838    590    528    467    784    537    477    422
 1993    946    698    636    574    958    710    648    587
 1994    873    625    566    507    779    538    482    432
 1995    959    712    652    593   1066    818    756    694
 1996    867    620    560    501    852    604    547    496
 1997    896    655    598    544    799    552    496    442
 1998    959    711    649    587    940    692    630    569
     ****************************  *************************** 
 MEAN  956.9  709.2  647.8  586.9  901.5  654.7  594.4  535.7
 STDV   61.5   61.2   60.8   60.1   67.2   66.5   65.3   63.1
 
               SEPTEMBER                   OCTOBER
     ****************************  *************************** 
 YEAR  40-86  48-86  50-86  52-86   40-86  48-86  50-86  52-86  
     ****************************  *************************** 
 1951    523    323    280    242    326    194    166    139
 1952    651    446    402    360     34     22     19     16
 1953    642    438    395    359    485    329    293    258
 1954    689    463    411    360    241    133    108     85
 1955    690    482    437    395    239    145    125    110
 1956    571    376    332    293    124     85     77     69
 1957    566    366    324    285    272    155    130    105
 1958    634    421    377    338      0      0      0      0
 1959    660    453    404    359    116     51     37     26
 1960    674    452    405    361    306    201    177    155
 1961    560    374    333    294      0      0      0      0
 1962    507    317    275    235    354    203    172    145
 1963    664    444    391    344    638    419    369    322
 1964    606    399    352    307    103     60     51     43
 1965    526    322    281    240    305    173    145    117
 1966    606    393    347    308    227    143    124    106
 1967    601    395    350    308    323    194    168    143
 1968    649    424    374    326    390    239    205    172
 1969    648    432    386    343    230    153    136    119
 1970    639    422    374    331    388    219    184    153
 1971    730    511    462    415    545    345    300    256
 1972    659    438    385    338    231    131    113     96
 1973    641    419    367    320    516    330    287    248
 1974    549    354    313    274      5      1      0      0
 1975    524    330    287    245    461    298    262    228
 1976    639    433    386    344    131     85     75     68
 1977    656    427    374    326     99     48     37     27
 1978    754    526    475    427    321    166    133    102
 1979    681    473    427    381    282    154    129    105
 1980    663    443    393    348    147     86     73     62
 1981    605    387    341    298    215    110     89     70
 1982    596    389    342    299    298    183    159    136
 1983    664    448    400    354    186    113     96     83
 1984    593    412    371    335      0      0      0      0
 1985    643    441    395    352    348    182    147    116
 1986    659    433    382    332    338    188    155    126
 1987    638    417    374    332     36     28     26     24
 1988    682    469    422    378     46     30     26     22
 1989    606    393    347    302    230    146    128    110
 1990    734    513    462    413    242    148    129    111
 1991    630    434    387    341    215    121    103     88
 1992    611    413    368    324    223    126    106     89
 1993    498    297    255    215    133     87     76     66
 1994    693    469    419    371    390    221    186    155
 1995    552    366    325    286    280    177    155    133
 1996    591    391    349    310     50     34     30     27
 1997    625    421    374    330    307    215    193    172
 1998    740    521    473    428    349    180    146    117
     ****************************  *************************** 
 MEAN  628.6  419.3  372.9  329.5  244.5  147.2  126.2  106.9
 STDV   60.8   52.7   50.5   48.5  151.7   96.0   84.0   72.8
 
 DAILY RECORD HIGHS AND LOWS OCCURRING DURING 1951-1998 FOR STATION NUMBER 8755
     JAN     FEB    MARCH   APRIL    MAY     JUNE    JULY    AUG     SEPT    OCT     NOV     DEC
 DY MX  MN  MX  MN  MX  MN  MX  MN  MX  MN  MX  MN  MX  MN  MX  MN  MX  MN  MX  MN  MX  MN  MX  MN
  1  40 -23  44 -24  57 -21  76  11  87  27  88  40  98  49  98  50  91  43  88  27  69  14  59   1
  2  43 -23  44 -34  61 -10  76  14  85  30  86  41  90  46  97  52  91  43  87  26  73   6  61  -6
  3  49 -17  44 -34  63  -4  75   8  83  24  86  40  96  48  96  49  89  38  84  26  72   6  63 -12
  4  48 -18  48 -34  65 -10  73  10  85  28  90  38  95  44  94  48  88  40  91  28  67   0  58  -6
  5  42 -22  50 -25  63  -7  80  11  82  30  88  39  92  48  92  43  90  40  81  21  63  -2  59  -6
  6  37 -27  45 -19  61  -2  86   7  79  25  90  42  93  48  91  43  90  39  89  22  65   7  61 -12
  7  42 -21  44 -20  69 -17  78  13  81  28  89  38  95  41  91  50  92  39  85  29  64  -1  51 -18
  8  44 -24  46 -20  67  -9  72  10  81  30  93  39  92  42  91  51  93  37  85  25  63   0  44  -6
  9  39 -22  50 -21  62 -17  75  13  85  26  90  37  95  50  89  47  96  38  77  25  61  10  45 -20
 10  40 -30  47 -20  61  -8  81  15  86  27  89  38  93  46  89  47  88  40  78  24  61  10  54 -19
 11  42 -25  50 -18  61  -3  81  14  81  31  89  42  95  48  90  47  87  37  80  21  66  -3  49 -14
 12  41 -22  56 -14  71  -4  82  17  83  33  90  44  92  47  92  49  88  37  81  25  63   5  55 -13
 13  43 -22  53 -12  66 -14  73  19  84  25  91  41  94  49  92  48  90  33  85  25  62  -5  52 -22
 14  47 -25  56  -9  65 -10  79  18  84  26  93  46 102  51  92  44  89  36  84  26  68   1  56 -14
 15  50 -29  51  -9  71  -4  81  20  87  31  90  44  97  52  95  44  86  37  83  25  68   3  52 -18
 16  43 -26  56 -18  71  -4  85  22  86  29  89  46  90  52  98  47  89  36  82  21  72   1  51 -14
 17  44 -25  60 -15  71   2  83  19  86  36  89  41  92  51  99  47  90  39  78  20  70  -5  46 -16
 18  48 -30  60 -12  63   2  87  19  88  40  91  47  91  52  98  47  91  38  80  21  69   4  45 -25
 19  42 -29  58 -16  68  -1  86  22  90  40  93  47  93  52  94  46  87  33  78  16  63   8  47 -25
 20  40 -29  56 -19  66  -7  84  26  86  33  93  46  91  48  94  45  87  32  80  20  61   4  48 -19
 21  46 -27  52 -19  69  -5  84  25  87  31  96  42  92  50  96  49  81  33  78  20  67  -7  53 -23
 22  47 -16  57 -14  67   3  91  23  88  32  96  45  92  53  90  48  81  30  77  19  57   1  45 -23
 23  47 -30  54  -9  70  -2  88  25  87  35  89  45  95  52  89  45  76  30  80  20  58   0  47 -23
 24  52 -21  55 -18  70  -9  81  22  83  33  90  47  94  52  89  45  85  30  76  19  57  -2  42 -27
 25  54 -20  54 -18  69   6  82  28  85  36  93  43  92  50  88  42  83  35  80  21  57  -1  48 -22
 26  50 -18  57 -12  77  -2  82  29  88  31  92  49  95  48  90  49  85  27  77  17  58 -11  44 -23
 27  47 -22  54  -9  74   1  84  28  87  34  92  47  97  50  92  45  85  32  78  19  60  -1  47 -12
 28  41 -21  53 -15  76   7  85  26  88  34  93  47  93  47  94  41  83  26  72  19  63  -9  57 -19
 29  40 -28 *** ***  82  -2  86  20  89  32  92  47  94  48  93  46  86  29  66  15  64 -13  54 -13
 30  44 -31 *** ***  78   0  84  22  89  38  94  46  98  44  89  45  85  29  73  15  65  -9  44 -15
 31  53 -26 *** ***  79   3 *** ***  87  39 *** ***  97  48  92  42 *** ***  71  18 *** ***  55 -23
 
 DAILY MAXIMUM PRECIPITATION OCCURRING DURING 1951-1998 FOR STATION NUMBER 8755
     JAN   FEB   MARCH APRIL MAY   JUNE  JULY  AUG   SEPT  OCT   NOV   DEC
 
  1  0.26  0.19  0.42  0.69  2.40  1.66  2.08  1.10  1.78  0.69  2.02  0.25
  2  0.26  0.23  0.40  0.94  1.10  0.64  2.62  0.88  1.00  0.52  1.34  0.13
  3  0.37  0.07  0.46  0.98  1.34  1.14  2.00  2.17  0.93  0.56  1.02  0.18
  4  1.08  7.00  0.60  4.17  0.72  1.02  1.42  1.39  0.78  0.76  0.68  0.26
  5  0.40  0.48  0.41  0.54  1.17  1.02  0.80  2.05  3.76  0.93  1.24  0.34
  6  0.43  0.54  0.78  1.04  1.28  1.02  0.87  4.72  1.40  0.89  0.36  0.27
  7  0.44  0.04  0.54  1.05  0.90  1.30  1.01  1.43  2.36  0.78  0.84  0.72
  8  0.14  0.26  1.14  1.14  1.17  1.49  1.85  2.60  0.87  0.84  0.91  0.24
  9  0.45  0.46  0.80  1.15  0.73  0.82  2.26  0.98  1.10  1.80  0.23  0.28
 10  0.18  0.42  0.28  1.05  0.87  0.66  1.24  1.93  1.32  0.94  1.34  0.15
 11  0.26  1.22  0.74  0.86  1.09  1.42  1.70  1.46  3.21  0.48  0.62  0.86
 12  0.46  0.32  0.74  1.62  0.80  1.58  1.59  0.30  2.35  1.55  2.04  0.93
 13  0.63  0.10  0.33  1.34  1.75  1.35  1.64  1.34  1.58  1.90  0.57  0.44
 14  1.23  0.10  5.00  0.78  1.26  1.03  2.82  2.40  1.90  1.43  0.50  0.28
 15  0.32  0.18  1.06  0.63  2.54  1.16  1.94  3.00  1.70  0.62  1.82  0.46
 16  0.33  0.24  0.54  1.79  1.26  1.80  1.24  0.72  0.82  0.74  1.40  0.34
 17  0.47  0.40  0.38  1.78  1.08  3.02  1.48  1.05  1.10  1.08  0.82  0.23
 18  0.62  0.24  0.67  1.15  0.73  2.00  2.46  1.17  0.82  1.05  1.91  0.20
 19  0.68  0.73  1.32  1.40  1.38  0.84  2.00  1.25  1.67  0.52  0.73  0.36
 20  0.10  0.34  0.78  1.05  2.87  2.08  2.05  0.75  2.49  0.58  1.10  0.30
 21  0.38  0.50  0.34  1.38  1.24  3.58  2.11  2.16  3.35  0.64  1.30  0.42
 22  0.21  0.47  0.82  0.45  0.58  0.96  1.65  2.06  1.82  1.26  0.27  0.32
 23  0.34  0.65  1.12  2.85  1.33  1.94  1.18  1.04  1.57  1.70  0.82  0.47
 24  0.24  0.38  0.57  1.60  1.52  1.22  2.45  1.55  0.72  1.02  0.47  0.26
 25  0.66  0.37  0.75  1.06  1.61  1.32  1.90  3.78  1.07  1.00  0.63  0.25
 26  0.50  0.34  0.58  0.66  2.14  2.46  1.77  1.18  1.15  0.47  0.55  0.30
 27  0.81  1.40  0.80  1.78  0.88  3.50  1.45  0.92  2.32  0.47  0.46  0.68
 28  0.12  0.20  1.62  1.76  1.53  2.20  1.52  1.70  0.63  0.56  0.59  0.64
 29  0.62******  0.63  0.94  1.82  2.35  4.05  1.95  0.96  0.84  0.64  0.54
 30  0.20******  1.02  2.02  1.66  2.86  0.83  2.02  1.82  1.00  0.66  0.40
 31  0.00******  1.39******  1.73******  2.08  3.08******  0.82******  0.37
 
 RECORD LARGEST AND SMALLEST DAILY RANGES (MAX-MIN) DURING 1951-1998 FOR STATION NUMBER 8755
     JAN     FEB    MARCH   APRIL    MAY     JUNE    JULY    AUG     SEPT    OCT     NOV     DEC
 DY MX  MN  MX  MN  MX  MN  MX  MN  MX  MN  MX  MN  MX  MN  MX  MN  MX  MN  MX  MN  MX  MN  MX  MN
  1 37   4  32   5  33   3  38   3  34   6  42   9  33   9  31   6  32   7  37   8  29   4  26   4
  2 28   5  47   5  30   4  43   6  34   3  35   5  27  12  28  12  34   4  42   7  39   4  29   5
  3 33   2  30   4  30   6  38   6  33   5  33   8  30   8  31  10  37   5  35   5  37   3  28   2
  4 34   2  45   3  32   3  56   6  34   7  30   9  30   7  27  10  38  12  38   6  33   6  36   5
  5 35   2  39   4  31   6  40   7  33   9  32   9  31   8  36   8  31   3  33   7  32   3  27   3
  6 33   3  31   1  35   5  40   7  37   8  32  10  28  12  32   3  34  11  38   6  33   6  38   4
  7 35   4  35   3  41   8  37   9  38   8  31   6  32   8  31   6  34   6  34   6  33   4  34   3
  8 38   5  27   5  39   5  32   4  42   3  37   6  31   8  33   5  32   6  40   4  28   6  23   4
  9 31   1  36   6  38   6  34   3  40   6  34   9  27  10  31  11  40   8  39   6  39   4  36   1
 10 34   5  34   3  36   4  34   9  38  10  36   6  29  12  39   8  36   5  33   5  31   4  32   4
 11 42   5  42   4  37   5  38   5  40  10  34  11  31   8  28   3  32   5  41   6  30   3  32   3
 12 32   6  32   4  30   7  36   5  36  11  26  10  30  12  28   9  38   6  39  10  32   4  30   3
 13 45   3  34   6  40   2  35   5  40   7  33  11  34   9  28   7  32   9  36   4  33   3  41   2
 14 30   5  35   2  40   3  39   6  36  11  34   9  32   8  35   6  38   6  39   6  35   6  33   3
 15 34   5  34   4  45   4  36   3  31   5  30   7  30   7  34   5  36   6  32   6  37   5  31   2
 16 36   2  34   6  36   5  42   7  36  10  31   7  30  12  33   9  33   8  36   6  33   4  40   4
 17 37   4  37   2  35   3  46   4  42   9  29   5  28  11  32   6  41   6  35   7  31   4  35   3
 18 30   6  32   3  34   6  36   6  39   6  31   6  33  12  33  11  34   6  44   4  39   4  31   3
 19 44   6  26   4  31   3  49   5  35   8  27   6  29  11  31   7  36   8  36   6  39   5  29   4
 20 38   4  37   5  29   5  34   6  37   8  28   7  27   9  33   5  36   8  37   8  29   3  32   4
 21 32   3  35   3  29   4  40   5  37  12  29  11  27  10  30   8  33   5  38   8  25   5  42   6
 22 34   4  37   2  38   6  33   7  41   3  31   8  28   7  29  12  32   6  33   3  29   5  33   4
 23 31   3  34   3  36   4  44   8  32   9  30  12  32   5  30   7  31   7  34   5  29   4  37   4
 24 30   6  36   1  41   7  37   5  31   6  33   7  30  10  30   9  34   6  37   5  39   3  41   4
 25 34   4  39   5  36   4  33   2  30   7  27  10  29   7  36   9  42  10  37   7  30   3  27   3
 26 38   6  33   6  38   6  36  10  44   5  28   7  32  10  27   7  38   7  33   3  29   3  36   4
 27 31   4  37   5  38   7  40   6  36   7  28  10  31   8  29  10  35   5  35   3  40   3  37   4
 28 43   4  30   5  35   6  47   4  35   5  32   7  30   9  30   7  37   5  34   6  31   4  34   3
 29 31   4  **  **  35   2  39   0  35  10  30   9  31   5  30   9  38   5  33   6  28   5  41   5
 30 40   7  **  **  35   7  39   6  38   6  30   8  25   9  33   4  34   8  34   5  38   5  29   5
 31 41   5  **  **  40   5  **  **  31   9  **  **  34   7  31  10  **  **  42   4  **  **  38   1
 
 DAILY  MEAN  HIGHS AND LOWS OCCURRING DURING 1951-1998 FOR STATION NUMBER 8755
     JAN     FEB    MARCH   APRIL    MAY     JUNE    JULY    AUG     SEPT    OCT     NOV     DEC
 DY MX  MN  MX  MN  MX  MN  MX  MN  MX  MN  MX  MN  MX  MN  MX  MN  MX  MN  MX  MN  MX  MN  MX  MN
  1 25  10  24   7  35  16  48  30  63  41  73  51  80  59  81  59  76  56  68  45  51  33  33  19
  2 25   9  23   6  35  18  49  30  64  42  72  51  80  60  81  60  76  56  67  44  49  32  34  19
  3 24   8  23   5  35  18  49  29  64  43  73  51  80  59  81  60  76  56  66  44  49  31  34  19
  4 22   6  24   6  35  17  48  29  65  44  74  53  79  60  80  60  76  54  64  42  47  30  33  17
  5 23   6  26   8  34  18  50  30  66  45  76  55  79  59  79  59  74  54  64  43  46  29  33  18
  6 22   7  24   8  35  18  51  31  66  42  76  55  80  60  79  60  75  54  63  43  45  29  31  15
  7 21   4  25   6  35  15  54  31  65  43  76  55  81  60  79  60  76  55  62  41  45  27  30  15
  8 21   3  24   8  35  16  51  31  65  45  76  56  81  61  79  59  75  53  63  42  46  28  29  16
  9 21   4  26   8  36  17  51  30  65  44  74  55  80  60  79  59  74  55  61  41  45  27  29  13
 10 21   3  27  11  37  19  53  31  67  44  75  55  80  59  79  59  73  52  61  39  45  27  28  13
 11 22   4  27  10  39  22  53  33  68  45  76  56  81  60  78  58  74  51  62  41  45  27  28  12
 12 23   7  28  11  39  23  54  34  68  45  77  57  81  61  78  58  74  52  63  40  43  26  27  12
 13 25   8  29  12  39  22  54  34  69  45  78  57  81  62  79  59  71  52  62  40  44  26  28  11
 14 25   9  29  12  39  23  54  35  68  47  78  58  80  61  79  59  70  51  63  41  44  27  28  13
 15 22   6  29  12  39  21  57  35  68  48  77  57  80  61  79  59  69  49  62  41  45  26  27  13
 16 22   4  29  11  39  21  58  37  69  47  76  56  82  61  79  59  69  48  61  39  44  27  29  12
 17 23   6  30  12  40  22  60  37  70  47  77  56  82  63  80  59  70  50  61  40  44  27  27  11
 18 23   6  32  16  41  23  60  38  70  49  78  59  83  63  79  59  70  50  59  37  44  27  26  11
 19 23   6  31  15  40  24  60  39  71  49  78  58  82  63  79  59  70  50  56  35  41  26  27  12
 20 23   6  33  14  41  24  60  40  71  49  78  58  81  62  78  58  69  49  58  36  40  25  26  11
 21 24   8  32  15  41  23  61  39  72  49  78  58  81  61  78  59  67  47  58  37  39  23  25  10
 22 25  10  32  14  43  23  60  38  71  50  77  58  81  62  78  58  65  46  59  38  39  22  27  11
 23 25   8  32  16  44  24  60  38  70  50  78  57  80  61  77  57  64  43  56  38  37  21  26  11
 24 24   8  32  16  43  23  60  38  70  50  78  58  81  60  77  57  65  44  56  36  37  19  26  10
 25 24   6  32  13  44  25  62  41  69  49  78  58  82  61  78  57  68  45  55  36  37  21  24   9
 26 22   5  34  15  45  25  65  41  70  50  80  60  81  61  78  59  68  46  55  36  37  22  25   9
 27 21   3  34  17  46  27  63  42  70  50  80  60  81  61  79  59  67  45  56  36  34  19  26   9
 28 21   5  34  17  48  30  62  40  70  50  81  60  80  60  78  59  67  45  54  35  31  16  27  12
 29 21   5  **  **  47  28  62  41  72  52  81  60  81  60  79  59  66  46  53  33  32  16  27  10
 30 23   3  **  **  48  28  62  41  73  52  80  60  80  60  78  58  67  45  54  35  33  17  25   9
 31 23   4  **  **  49  29  **  **  73  53  **  **  80  60  77  58  **  **  53  36  **  **  26   9
  
  # OF DAYS EACH YEAR WHERE MIN >=32 F  1951-1998 FOR STATION # 8755
   51  52  53  54  55  56  57  58  59  60  61  62  63  64  65  66  67  68  69  70
  201 201 210 205 205 194 197 209 197 203 189 199 214 216 210 206 209 220 205 209
 
   71  72  73  74  75  76  77  78  79  80  81  82  83  84  85  86  87  88  89  90
  219 208 233 207 212 200 223 207 205 201 220 209 207 201 213 213 214 191 201 220
 
   91  92  93  94  95  96  97  98
  220 220 200 209 195 177 186 238
  
 MEAN=208
 
 LENGTH OF SEASON FOR STATION NUMBER 8755   BASE TEMP=32
 LAST SPRING OCCURENCE FIRST FALL OCCURENCE  LENGTH OF SEASON
   YEAR MONTH DAY DOY         MONTH DAY DOY
   1951   4    23 113           9    28 271          158
   1952   4    15 106          10     3 277          171
   1953   5    13 133          10     7 280          147
   1954   5     9 129          10     7 280          151
   1955   5     8 128          10    14 287          159
   1956   5    16 137           9    20 264          127
   1957   5     4 124           9    27 270          146
   1958   5     5 125          10     1 274          149
   1959   4    20 110          10     9 282          172
   1960   5    10 131          10    19 293          162
   1961   5    26 146           9    28 271          125
   1962   4    20 110          10    23 296          186
   1963   5     1 121          10    29 302          181
   1964   4    15 106          10     6 280          174
   1965   5    29 149          10    12 285          136
   1966   5    11 131          10    16 289          158
   1967   5    22 142           9    29 272          130
   1968   5     5 126          10     4 278          152
   1969   4    29 119          10    14 287          168
   1970   5     6 126          10    10 283          157
   1971   4    24 114          10    31 304          190
   1972   4    24 115           9    30 274          159
   1973   4    16 106          10    30 303          197
   1974   5    10 130           9    22 265          135
   1975   4    22 112          10     2 275          163
   1976   5     4 125          10     6 280          155
   1977   5     9 129          10    11 284          155
   1978   5     1 121          10     8 281          160
   1979   4    30 120          10     7 280          160
   1980   4    24 115          10     5 279          164
   1981   5    11 131          10     2 275          144
   1982   4    22 112          10    16 289          177
   1983   5     8 128          10    13 286          158
   1984   5     8 129           9    26 270          141
   1985   4     9  99          10     6 279          180
   1986   4    22 112          10     6 279          167
   1987   4     5  95          10     3 276          181
   1988   4    27 118          10     4 278          160
   1989   5     6 126           9    23 266          140
   1990   5     1 121          10    11 284          163
   1991   4    10 100          10     7 280          180
   1992   4    27 118          10    17 291          173
   1993   4    21 111           9    30 273          162
   1994   5     7 127          10    10 283          156
   1995   4    25 115           9    22 265          150
   1996   5    14 135          10     3 277          142
   1997   5    21 141          10    14 287          146
   1998   4    28 118          11     3 307          189
             MEAN=121              MEAN=281     MEAN=159
 
 LENGTH OF SEASON FOR STATION NUMBER 8755   BASE TEMP=30
 LAST SPRING OCCURENCE FIRST FALL OCCURENCE  LENGTH OF SEASON
   YEAR MONTH DAY DOY         MONTH DAY DOY
   1951   4    23 113          10     8 281          168
   1952   4    15 106          10     3 277          171
   1953   5    13 133          10     7 280          147
   1954   5     7 127          10    18 291          164
   1955   5     8 128          10    16 289          161
   1956   4    30 121          10     9 283          162
   1957   4    14 104          10    11 284          180
   1958   5     5 125          10     1 274          149
   1959   4    20 110          10    12 285          175
   1960   4    18 109          10    19 293          184
   1961   5     2 122           9    28 271          149
   1962   4    20 110          10    23 296          186
   1963   5     1 121          10    29 302          181
   1964   4     9 100          10     9 283          183
   1965   4    28 118          10    22 295          177
   1966   5    10 130          10    16 289          159
   1967   5     3 123           9    29 272          149
   1968   4    25 116          10     4 278          162
   1969   4    11 101          10    14 287          186
   1970   4    10 100          10    10 283          183
   1971   4    24 114          10    31 304          190
   1972   4    24 115           9    30 274          159
   1973   4    16 106          11     1 305          199
   1974   5    10 130           9    22 265          135
   1975   4    22 112          10    16 289          177
   1976   4    27 118          10     6 280          162
   1977   4     8  98          10    12 285          187
   1978   5     1 121          10    17 290          169
   1979   4    14 104          10     7 280          176
   1980   4    24 115          10     5 279          164
   1981   5    10 130          10     2 275          145
   1982   4    21 111          10    16 289          178
   1983   4    20 110          10    13 286          176
   1984   4    22 113           9    26 270          157
   1985   4     9  99          10    16 289          190
   1986   4    22 112          10    10 283          171
   1987   4     4  94          10     3 276          182
   1988   4    27 118          10     4 278          160
   1989   5     6 126          10     3 276          150
   1990   5     1 121          10    19 292          171
   1991   4    10 100          10     7 280          180
   1992   4    12 103          10    17 291          188
   1993   4    16 106           9    30 273          167
   1994   5     7 127          10    10 283          156
   1995   4    11 101           9    23 266          165
   1996   5    13 134          10     3 277          143
   1997   5    16 136          10    14 287          151
   1998   4     5  95          11     3 307          212
             MEAN=114              MEAN=283     MEAN=169
 
 LENGTH OF SEASON FOR STATION NUMBER 8755   BASE TEMP=28
 LAST SPRING OCCURENCE FIRST FALL OCCURENCE  LENGTH OF SEASON
   YEAR MONTH DAY DOY         MONTH DAY DOY
   1951   4    23 113          10    27 300          187
   1952   4    11 102          10     3 277          175
   1953   5    13 133          10    27 300          167
   1954   5     7 127          10    20 293          166
   1955   4     7  97          10    16 289          192
   1956   4    30 121          10     9 283          162
   1957   4    14 104          10    25 298          194
   1958   4    29 119          10     1 274          155
   1959   4    11 101          10    12 285          184
   1960   4    18 109          10    19 293          184
   1961   5     1 121           9    28 271          150
   1962   4    20 110          10    24 297          187
   1963   4    30 120          11     1 305          185
   1964   4     9 100          10     9 283          183
   1965   4     3  93          10    24 297          204
   1966   5    10 130          10    17 290          160
   1967   5     3 123          10    26 299          176
   1968   4    15 106          10    29 303          197
   1969   4     1  91          10    14 287          196
   1970   4     4  94          11    14 318          224
   1971   4    24 114          11     3 307          193
   1972   4     9 100          10    17 291          191
   1973   4    13 103          11     5 309          206
   1974   4     8  98          10     2 275          177
   1975   4    12 102          10    29 302          200
   1976   4    12 103          10     8 282          179
   1977   4     8  98          10    13 286          188
   1978   5     1 121          11     7 311          190
   1979   4    14 104          10    24 297          193
   1980   4    24 115          10    12 286          171
   1981   5    10 130          10    19 292          162
   1982   4    21 111          10    21 294          183
   1983   4    20 110          10    13 286          176
   1984   3    31  91           9    26 270          179
   1985   4     9  99          11     5 309          210
   1986   4    22 112          11     2 306          194
   1987   4     4  94          10     3 276          182
   1988   4    24 115          10     4 278          163
   1989   5     6 126          10    18 291          165
   1990   4    18 108          10    19 292          184
   1991   3    30  89          10    19 292          203
   1992   4    12 103          10    17 291          188
   1993   4    10 100          10    10 283          183
   1994   4     8  98          11     1 305          207
   1995   4    11 101          10    22 295          194
   1996   4    28 119          10     3 277          158
   1997   5    14 134          10    15 288          154
   1998   3    25  84          11     4 308          224
             MEAN=108              MEAN=292     MEAN=183
 
 LENGTH OF SEASON FOR STATION NUMBER 8755   BASE TEMP=26
 LAST SPRING OCCURENCE FIRST FALL OCCURENCE  LENGTH OF SEASON
   YEAR MONTH DAY DOY         MONTH DAY DOY
   1951   4    17 107          10    27 300          193
   1952   4    11 102          10     5 279          177
   1953   4    19 109          11     4 308          199
   1954   4     9  99          10    30 303          204
   1955   4     7  97          10    24 297          200
   1956   4    30 121          11     8 313          192
   1957   4    14 104          10    25 298          194
   1958   4    29 119          11     6 310          191
   1959   4    11 101          10    17 290          189
   1960   4    18 109          10    20 294          185
   1961   4    17 107           9    28 271          164
   1962   4    16 106          10    24 297          191
   1963   4    10 100          11     2 306          206
   1964   4     9 100          10     9 283          183
   1965   4     3  93          10    24 297          204
   1966   5     9 129          11     1 305          176
   1967   5     3 123          10    28 301          178
   1968   4     5  96          11    10 315          219
   1969   4     1  91          10    14 287          196
   1970   4     4  94          11    14 318          224
   1971   4     6  96          11     4 308          212
   1972   4     9 100          10    17 291          191
   1973   4    11 101          11     5 309          208
   1974   4     8  98          10     2 275          177
   1975   4    11 101          11    13 317          216
   1976   3    22  82          10    17 291          209
   1977   4     6  96          11    11 315          219
   1978   4    21 111          11     7 311          200
   1979   4    10 100          10    26 299          199
   1980   4    24 115          10    28 302          187
   1981   4     6  96          10    19 292          196
   1982   4    11 101          10    21 294          193
   1983   4    20 110          10    13 286          176
   1984   3    29  89          10    23 297          208
   1985   4     9  99          11     7 311          212
   1986   4    22 112          11     2 306          194
   1987   4     4  94          10     3 276          182
   1988   4    19 110          10     5 279          169
   1989   5     6 126          10    19 292          166
   1990   4    17 107          11     7 311          204
   1991   3    30  89          10    19 292          203
   1992   4    12 103          10    17 291          188
   1993   4    10 100          10    10 283          183
   1994   4     8  98          11     1 305          207
   1995   4     6  96          11     3 307          211
   1996   4    28 119          10     8 282          163
   1997   5    14 134          10    22 295          161
   1998   3    25  84          11     7 311          227
             MEAN=103              MEAN=297     MEAN=194
 
 LENGTH OF SEASON FOR STATION NUMBER 8755   BASE TEMP=24
 LAST SPRING OCCURENCE FIRST FALL OCCURENCE  LENGTH OF SEASON
   YEAR MONTH DAY DOY         MONTH DAY DOY
   1951   4    17 107          10    31 304          197
   1952   4    11 102          10     5 279          177
   1953   4    18 108          11     4 308          200
   1954   4     9  99          10    30 303          204
   1955   3    29  88          10    24 297          209
   1956   4    30 121          11     9 314          193
   1957   4    14 104          10    25 298          194
   1958   4    29 119          11     6 310          191
   1959   4    11 101          11     2 306          205
   1960   4    10 101          10    20 294          193
   1961   4    17 107          11     3 307          200
   1962   4    16 106          10    24 297          191
   1963   4     4  94          11     2 306          212
   1964   4     4  95          10    10 284          189
   1965   3    30  89          11     9 313          224
   1966   3    28  87          11     2 306          219
   1967   5     3 123          10    28 301          178
   1968   4     5  96          11    12 317          221
   1969   4     1  91          10    23 296          205
   1970   4     2  92          11    15 319          227
   1971   4     5  95          11     4 308          213
   1972   4     9 100          10    19 293          193
   1973   4    11 101          11     5 309          208
   1974   4     8  98          11    14 318          220
   1975   4     5  95          11    13 317          222
   1976   3    22  82          10    22 296          214
   1977   4     6  96          11    11 315          219
   1978   3    24  83          11    15 319          236
   1979   4    10 100          10    26 299          199
   1980   4    11 102          10    28 302          200
   1981   4     6  96          10    19 292          196
   1982   4    11 101          10    21 294          193
   1983   4    19 109          11     4 308          199
   1984   3    29  89          11     2 307          218
   1985   4     9  99          11     8 312          213
   1986   4    22 112          11     2 306          194
   1987   4     4  94          10    11 284          190
   1988   4    19 110          10    25 299          189
   1989   4    13 103          11     2 306          203
   1990   4    12 102          11     7 311          209
   1991   3    30  89          10    19 292          203
   1992   4    12 103          10    17 291          188
   1993   4     4  94          10    31 304          210
   1994   4     8  98          11     1 305          207
   1995   4     6  96          11     3 307          211
   1996   4    10 101          10    31 305          204
   1997   4    18 108          10    22 295          187
   1998   3    24  83          11     7 311          228
             MEAN= 99              MEAN=303     MEAN=204
 
 THESE ARE THE MONTHLY AVG. MAX TEMPS 1951-1998 FOR STATION #8755
 YEAR    JAN   FEB  MARCH APRIL  MAY  JUNE  JULY AUGUST SEPT   OCT   NOV   DEC   ANN
  
 1951   20.4  27.2  32.4  49.9  70.7  72.4  78.9  74.8  67.7  58.7  35.8  26.3  51.3
 1952   27.3  33.6  36.1  59.2  67.3  78.8  83.2  78.2  74.4  58.6  46.9  30.3  56.2
 1953   27.9  30.9  42.0  49.7  68.2  79.5  80.8  81.5  74.9  69.2  49.3  32.8  57.2
 1954   26.7  41.1  39.6  60.4  63.2  79.7  83.5  79.5  73.5  58.9  46.5  30.6  56.9
 1955   23.8  27.3  39.1  64.0  74.1  75.3  86.6  86.5  77.0  60.9  37.1  24.5  56.3
 1956   25.3  28.6  35.7  55.8  69.6  82.2  79.5  79.9  70.8  67.8  41.6  32.3  55.8
 1957   20.5  34.7  42.0  56.6  65.4  75.9  83.5  78.9  69.3  57.7  40.0  33.9  54.9
 1958   27.0  24.0  40.3  58.5  72.1  73.2  78.7  81.8  72.7  65.0  48.0  24.3  55.5
 1959   20.2  24.0  37.2  56.7  71.2  78.5  79.5  81.4  71.7  53.2  34.3  36.0  53.7
 1960   27.2  29.2  31.0  58.7  67.4  75.0  80.3  80.7  72.7  60.9  47.1  28.2  54.9
 1961   24.2  36.5  39.7  50.6  67.1  79.0  80.0  81.1  68.9  62.4  42.2  25.1  54.7
 1962   20.0  24.8  34.1  54.4  71.3  74.5  75.4  77.9  66.1  59.1  43.2  28.3  52.4
 1963   12.5  24.5  45.3  60.2  67.2  81.9  81.7  78.5  71.9  71.2  48.3  19.1  55.2
 1964   31.3  37.6  38.8  58.1  73.8  78.7  85.9  79.5  69.1  59.7  48.0  24.7  57.1
 1965   22.7  24.9  30.5  52.8  71.7  75.6  80.1  78.1  65.9  60.0  43.9  36.8  53.6
 1966   17.5  29.0  45.7  51.6  65.9  77.8  83.4  79.0  70.5  61.8  44.3  28.6  54.6
 1967   27.9  23.6  42.3  57.2  65.5  76.3  80.1  77.5  70.5  57.6  39.3  31.8  54.1
 1968   25.5  27.4  52.5  60.8  65.7  76.6  79.3  79.1  70.6  61.1  42.0  27.7  55.7
 1969   19.9  29.6  35.5  58.1  69.4  70.6  80.3  82.3  71.6  56.5  44.1  28.3  53.9
 1970   16.4  30.4  39.0  59.1  70.6  78.0  82.7  80.0  70.6  60.3  41.3  29.5  54.8
 1971   18.2  24.8  36.1  59.8  66.8  81.0  77.4  79.3  74.8  66.6  43.2  30.4  54.9
 1972   21.2  25.2  38.6  52.6  72.1  77.6  77.7  78.6  70.6  55.7  38.2  23.5  52.6
 1973   27.5  32.2  50.1  53.0  65.0  78.5  80.9  79.8  69.5  66.2  43.9  26.4  56.1
 1974   23.9  28.9  40.8  60.6  64.7  74.5  83.5  76.5  68.6  61.5  44.9  30.5  54.9
 1975   24.3  25.8  32.8  48.7  70.9  74.7  81.1  80.5  66.3  65.8  49.0  31.1  54.3
 1976   26.5  39.1  44.2  61.1  68.3  79.2  85.6  79.6  73.2  55.9  38.2  23.4  56.2
 1977   11.5  32.4  49.2  66.6  77.4  78.0  83.6  76.5  71.2  58.5  41.0  24.0  55.8
 1978   15.7  20.9  39.2  57.0  69.3  77.9  78.4  79.9  76.6  58.4  41.7  25.2  53.3
 1979   11.5  19.5  36.8  52.4  68.7  77.3  79.7  76.8  74.7  59.4  41.6  35.1  52.8
 1980   23.5  24.2  37.5  59.1  71.8  77.5  84.3  79.5  71.8  55.1  45.5  29.3  54.9
 1981   29.6  33.6  47.7  61.0  66.9  76.4  79.5  77.5  70.3  56.9  45.5  26.5  56.0
 1982   15.0  26.9  37.3  52.2  70.5  71.9  81.4  77.1  68.8  61.1  41.8  34.0  53.2
 1983   28.2  32.1  42.1  50.6  63.2  77.7  84.4  84.5  72.0  58.7  42.5  15.7  54.3
 1984   23.0  37.6  35.4  55.9  65.5  77.7  79.7  82.2  72.8  60.8  43.6  31.6  55.5
 1985   20.3  24.4  46.2  62.8  73.6  75.6  82.5  76.8  69.8  59.1  35.1  19.0  53.8
 1986   25.4  24.8  46.0  63.0  69.0  78.4  82.1  75.9  70.4  59.6  38.0  29.0  55.1
 1987   28.0  38.1  47.7  64.6  74.3  81.9  83.8  77.1  72.1  57.5  46.9  31.8  58.6
 1988   21.9  24.5  44.2  59.2  76.0  84.6  86.3  86.5  75.5  56.5  44.4  30.3  57.5
 1989   33.4  23.5  38.7  56.4  67.8  75.6  83.2  78.7  69.4  62.6  39.7  20.5  54.1
 1990   35.5  34.6  45.7  57.4  65.6  77.8  80.3  78.5  73.8  60.1  49.7  26.2  57.1
 1991   20.9  34.0  44.6  59.6  71.0  80.9  81.4  79.1  69.7  58.0  34.9  31.9  55.5
 1992   30.1  35.2  42.7  53.7  71.5  75.6  75.3  74.5  70.0  59.3  36.9  29.4  54.5
 1993   25.1  25.9  37.1  53.3  67.3  74.6  77.6  78.8  64.7  58.6  41.4  30.7  52.9
 1994   16.2  22.0  44.7  58.1  70.2  80.8  78.9  76.2  73.4  60.9  47.1  32.8  55.1
 1995   24.1  31.0  44.9  51.2  65.9  80.4  83.4  84.4  70.0  59.6  35.8  28.1  54.9
 1996   22.5  27.2  37.3  53.8  62.7  75.6  80.0  80.3  71.1  61.2  33.5  25.1  52.5
 1997   20.4  30.7  41.2  54.7  62.6  79.9  79.7  76.3  72.3  61.7  38.6  33.5  54.3
 1998   28.6  39.0  39.6  57.7  74.5  74.6  82.3  79.9  78.3  59.2  45.9  35.8  57.9
 MEANS  23.3  29.3  40.6  56.8  69.0  77.4  81.2  79.3  71.3  60.3  42.3  28.5  54.9
 
 THESE ARE THE MONTHLY AVG. MIN TEMPS 1951-1998 FOR STATION #8755
 YEAR    JAN   FEB  MARCH APRIL  MAY  JUNE  JULY AUGUST SEPT   OCT   NOV   DEC   ANN
  
 1951    4.9  11.5  15.8  34.1  50.8  53.4  59.2  56.5  46.3  40.0  17.4  11.1  33.4
 1952    7.8  19.9  20.4  38.3  47.4  59.3  61.9  57.1  49.1  31.5  27.4  18.2  36.5
 1953   13.1  12.8  24.4  32.6  47.5  59.1  61.1  59.7  47.8  43.4  28.2  16.5  37.2
 1954    5.8  24.0  19.6  36.9  42.5  60.0  62.4  58.5  52.4  39.5  29.0  16.6  37.3
 1955    8.8  10.3  18.5  41.8  49.6  54.6  64.4  61.1  49.3  37.4  17.6   6.7  35.0
 1956    7.8   8.6  19.0  32.2  45.6  60.3  57.5  58.2  46.7  41.6  24.5  16.2  34.8
 1957    1.1  16.3  21.1  37.1  44.8  55.1  63.0  58.8  47.9  37.3  25.0  17.7  35.4
 1958   12.9   5.8  24.6  35.6  46.7  52.4  58.7  58.8  49.6  41.0  26.0   6.7  34.9
 1959    1.0   5.2  20.3  35.7  50.1  56.8  58.4  63.1  52.3  37.5  16.8  23.9  35.1
 1960   12.9  13.5  11.1  37.7  47.3  54.0  59.2  59.9  53.0  39.6  27.2  10.2  35.5
 1961    6.9  19.1  25.7  30.1  43.5  57.2  59.0  59.7  49.1  39.4  25.2   8.2  35.3
 1962    1.7   8.6  20.2  33.3  52.4  56.6  58.8  58.2  47.4  42.0  26.9  11.6  34.8
 1963   -4.1   4.0  24.7  35.9  45.1  58.0  61.5  58.4  52.2  49.5  30.7   3.6  35.0
 1964   14.6  15.2  20.1  37.2  53.3  57.8  63.5  58.3  50.9  38.2  28.7  11.0  37.4
 1965    4.6   5.7  15.5  35.2  50.8  56.5  60.7  58.4  48.7  40.7  27.5  23.2  35.6
 1966   -0.2  10.9  27.3  33.5  43.2  57.2  63.3  56.7  49.6  38.5  26.2  14.0  35.0
 1967   10.2   3.1  24.2  37.3  42.3  58.0  57.7  54.8  49.0  39.9  25.3  17.2  34.9
 1968   10.4   9.4  29.1  38.8  45.2  58.4  61.5  60.6  52.7  42.3  28.4  12.6  37.5
 1969    5.1  14.5  16.2  38.8  48.7  51.9  62.5  61.3  51.6  37.5  25.1  14.5  35.6
 1970   -0.4   8.0  20.3  37.7  49.9  59.1  62.0  60.2  51.9  42.3  27.2  11.5  35.8
 1971    0.0  10.5  19.0  35.5  44.6  61.9  58.1  57.3  53.8  47.5  28.7  17.5  36.2
 1972    0.8   6.1  20.7  34.3  51.5  55.0  60.5  62.5  52.9  38.1  28.3   7.8  34.9
 1973   12.3  15.9  33.2  36.6  45.8  60.2  62.6  62.1  53.1  46.1  28.6  11.6  39.0
 1974    8.6  12.2  23.6  38.9  45.6  55.1  64.4  58.9  47.1  41.0  28.7  18.9  36.9
 1975   10.4  11.8  15.2  32.2  51.7  58.9  62.9  61.8  48.4  43.0  31.4  17.4  37.1
 1976    6.7  19.7  26.5  39.0  45.4  58.0  62.4  59.0  49.2  35.7  18.2   3.1  35.2
 1977   -6.2  14.6  32.1  41.7  55.1  56.3  64.2  57.7  52.6  39.4  25.2  10.4  36.9
 1978   -1.1   2.1  20.5  36.0  48.5  56.2  61.9  58.4  54.4  38.6  24.4   8.8  34.1
 1979   -4.4   2.2  21.7  32.2  45.2  55.5  59.5  57.0  50.7  40.1  26.9  18.4  33.8
 1980    9.4   9.6  19.7  36.9  49.0  55.8  62.8  61.1  52.2  35.8  27.4  13.6  36.1
 1981   10.4  15.1  26.5  38.7  45.3  55.8  60.3  57.2  49.9  38.7  29.4  12.0  36.6
 1982   -3.7   9.7  21.4  31.5  52.5  52.7  62.2  58.6  50.5  40.9  24.8  19.7  35.0
 1983   14.1  20.2  26.3  32.5  43.3  58.3  65.6  64.8  51.8  40.5  29.9  -0.2  37.3
 1984    7.8  21.5  18.3  37.3  45.2  58.9  59.4  61.1  48.3  42.3  25.2  12.6  36.5
 1985    2.0   8.8  27.9  40.4  50.2  53.5  59.7  57.4  52.7  41.1  21.3   0.8  34.6
 1986   10.5  11.9  27.3  40.5  49.9  58.6  63.9  55.4  53.5  38.9  20.1  17.2  37.3
 1987   12.8  21.1  28.8  39.7  49.9  59.5  63.4  58.4  50.5  33.2  30.0  19.2  38.9
 1988    0.7   4.8  23.7  34.3  48.0  58.2  61.8  61.5  50.1  31.2  24.4   9.7  34.0
 1989   15.6   0.9  18.3  34.9  48.8  60.0  66.0  61.7  50.4  40.8  23.2   5.1  35.5
 1990   19.6  16.8  29.7  37.3  45.7  58.3  61.5  61.6  55.1  39.1  31.4  11.1  38.9
 1991    4.9  17.3  27.5  40.6  54.0  62.8  61.7  61.7  51.1  40.1  20.7  17.5  38.3
 1992   15.9  23.3  27.2  36.3  47.6  57.0  58.9  56.2  50.2  39.7  27.0  15.7  37.9
 1993   10.5  11.7  22.9  34.9  51.3  56.9  63.5  63.0  47.5  35.7  23.0  15.6  36.4
 1994   -3.1   1.6  22.9  32.9  42.1  56.8  57.6  54.2  52.9  41.4  28.4  18.3  33.8
 1995    9.0  10.8  23.3  30.6  44.1  57.3  60.2  65.5  45.6  37.5  17.4  10.3  34.3
 1996    1.7   7.4  13.8  28.4  43.0  55.5  56.2  54.9  47.5  36.2  18.5   9.5  31.1
 1997    3.3  13.6  21.8  29.4  37.3  54.1  58.7  55.4  49.0  37.6  23.6  19.5  33.6
 1998   16.1  25.8  24.0  38.2  51.3  54.9  59.8  60.8  51.2  41.8  29.7  18.5  39.3
 MEANS   6.4  11.9  22.5  35.9  47.5  57.0  61.2  59.2  50.4  39.6  25.5  13.1  35.9
 
 THESE ARE THE MONTHLY AVG. MEAN TEMPS 1951-1998 FOR STATION #8755
 YEAR    JAN   FEB  MARCH APRIL  MAY  JUNE  JULY AUGUST SEPT   OCT   NOV   DEC   ANN
  
 1951   12.7  19.4  24.1  42.0  60.8  62.9  69.0  65.7  57.0  49.4  26.6  18.7  42.3
 1952   17.6  26.8  28.2  48.8  57.3  69.0  72.5  67.6  61.7  45.0  37.1  24.2  46.3
 1953   20.5  21.8  33.2  41.2  57.9  69.3  71.0  70.6  61.3  56.3  38.8  24.7  47.2
 1954   16.2  32.6  29.6  48.7  52.9  69.9  72.9  69.0  63.0  49.2  37.8  23.6  47.1
 1955   16.3  18.8  28.8  52.9  61.9  64.9  75.5  73.8  63.2  49.2  27.3  15.6  45.7
 1956   16.6  18.6  27.4  44.0  57.6  71.2  68.5  69.0  58.8  54.7  33.1  24.3  45.3
 1957   10.8  25.5  31.5  46.8  55.1  65.5  73.3  68.9  58.6  47.5  32.5  25.8  45.1
 1958   19.9  14.9  32.5  47.0  59.4  62.8  68.7  70.3  61.2  53.0  37.0  15.5  45.2
 1959   10.6  14.6  28.7  46.2  60.6  67.6  68.9  72.3  62.0  45.4  25.5  30.0  44.4
 1960   20.1  21.3  21.0  48.2  57.3  64.5  69.7  70.3  62.9  50.3  37.2  19.2  45.2
 1961   15.5  27.8  32.7  40.3  55.3  68.1  69.5  70.4  59.0  50.9  33.7  16.6  45.0
 1962   10.9  16.7  27.1  43.8  61.9  65.6  67.1  68.0  56.8  50.5  35.0  19.9  43.6
 1963    4.2  14.3  35.0  48.0  56.1  69.9  71.6  68.5  62.0  60.3  39.5  11.4  45.1
 1964   23.0  26.4  29.5  47.6  63.6  68.2  74.7  68.9  60.0  49.0  38.3  17.8  47.3
 1965   13.6  15.3  23.0  44.0  61.3  66.1  70.4  68.3  57.3  50.4  35.7  30.0  44.6
 1966    8.6  20.0  36.5  42.6  54.5  67.5  73.3  67.9  60.0  50.1  35.3  21.3  44.8
 1967   19.0  13.3  33.3  47.3  53.9  67.1  68.9  66.1  59.8  48.8  32.3  24.5  44.5
 1968   18.0  18.4  40.8  49.8  55.5  67.5  70.4  69.9  61.6  51.7  35.2  20.2  46.6
 1969   12.5  22.0  25.9  48.5  59.1  61.3  71.4  71.8  61.6  47.0  34.6  21.4  44.8
 1970    8.0  19.2  29.6  48.4  60.2  68.6  72.4  70.1  61.3  51.3  34.3  20.5  45.3
 1971    9.1  17.7  27.5  47.6  55.7  71.5  67.7  68.3  64.3  57.1  35.9  24.0  45.5
 1972   11.0  15.6  29.6  43.4  61.8  66.3  69.1  70.5  61.8  46.9  33.2  15.6  43.7
 1973   19.9  24.1  41.6  44.8  55.4  69.3  71.7  70.9  61.3  56.2  36.3  19.0  47.5
 1974   16.2  20.5  32.2  49.7  55.2  64.8  74.0  67.7  57.8  51.2  36.8  24.7  45.9
 1975   17.4  18.8  24.0  40.5  61.3  66.8  72.0  71.1  57.3  54.4  40.2  24.2  45.7
 1976   16.6  29.4  35.4  50.0  56.8  68.6  74.0  69.3  61.2  45.8  28.2  13.2  45.7
 1977    2.6  23.5  40.6  54.2  66.2  67.1  73.9  67.1  61.9  48.9  33.1  17.2  46.4
 1978    7.3  11.5  29.8  46.5  58.9  67.1  70.1  69.1  65.5  48.5  33.0  17.0  43.7
 1979    3.6  10.8  29.3  42.3  56.9  66.4  69.6  66.9  62.7  49.8  34.3  26.8  43.3
 1980   16.4  16.9  28.6  48.0  60.4  66.7  73.5  70.3  62.0  45.4  36.5  21.5  45.5
 1981   20.0  24.4  37.1  49.9  56.1  66.1  69.9  67.3  60.1  47.8  37.5  19.2  46.3
 1982    5.6  18.3  29.3  41.8  61.5  62.3  71.8  67.9  59.7  51.0  33.3  26.9  44.1
 1983   21.2  26.2  34.2  41.5  53.2  68.0  75.0  74.7  61.9  49.6  36.2   7.7  45.8
 1984   15.4  29.6  26.9  46.6  55.4  68.3  69.6  71.6  60.5  51.5  34.4  22.1  46.0
 1985   11.1  16.6  37.1  51.6  61.9  64.6  71.1  67.1  61.3  50.1  28.2   9.9  44.2
 1986   17.9  18.4  36.7  51.8  59.4  68.5  73.0  65.6  62.0  49.3  29.0  23.1  46.2
 1987   20.4  29.6  38.3  52.2  62.1  70.7  73.6  67.7  61.3  45.4  38.5  25.5  48.8
 1988   11.3  14.7  33.9  46.8  62.0  71.4  74.0  74.0  62.8  43.8  34.4  20.0  45.8
 1989   24.5  12.2  28.5  45.7  58.3  67.8  74.6  70.2  59.9  51.7  31.5  12.8  44.8
 1990   27.5  25.7  37.7  47.3  55.7  68.1  70.9  70.0  64.4  49.6  40.5  18.7  48.0
 1991   12.9  25.6  36.1  50.1  62.5  71.8  71.5  70.4  60.4  49.1  27.8  24.7  46.9
 1992   23.0  29.3  34.9  45.0  59.5  66.3  67.1  65.3  60.1  49.5  32.0  22.6  46.2
 1993   17.8  18.8  30.0  44.1  59.3  65.8  70.5  70.9  56.1  47.2  32.2  23.1  44.7
 1994    6.6  11.8  33.8  45.5  56.1  68.8  68.2  65.2  63.2  51.1  37.8  25.5  44.5
 1995   16.6  20.9  34.1  40.9  55.0  68.9  71.8  75.0  57.8  48.5  26.6  19.2  44.6
 1996   12.1  17.3  25.6  41.1  52.9  65.5  68.1  67.6  59.3  48.7  26.0  17.3  41.8
 1997   11.9  22.2  31.5  42.0  50.0  67.0  69.2  65.8  60.7  49.7  31.1  26.5  44.0
 1998   22.3  32.4  31.8  47.9  62.9  64.8  71.0  70.3  64.8  50.5  37.8  27.2  48.6
 MEANS  14.9  20.6  31.6  46.4  58.2  67.2  71.2  69.3  60.9  50.0  33.9  20.8  45.4
 
 THESE ARE THE MONTHLY PRECIP TOTALS AND NUMBER OF MISSING DAYS 1951-1998 FOR STATION #8755
 YEAR    JAN   FEB  MARCH APRIL  MAY  JUNE  JULY AUGUST SEPT   OCT   NOV   DEC   ANN
  
 1951   1.10  0.99  4.00  7.35  2.90  5.24  6.59  9.10  2.16  3.24  1.31  0.34 44.32
           0     0     0     0     0     0     0     0     0     0     0     0     0
 1952   1.92  0.26  2.12  1.57  4.34  3.97  4.96  3.07  0.65  0.00  1.75  0.88 25.49
           0     1     0     0     0     0     0     0     0     0     0     0     1
 1953   0.44  2.16  1.27  3.41  2.32  5.01  3.70  2.16  1.02  0.68  1.40  1.09 24.66
           0     0     0     0     0     0     7     0     0     0     0     0     7
 1954   0.22  0.46  0.54  5.49  4.42  2.86  3.86  3.28  2.54  3.47  0.18  0.60 27.92
           1     0     4     0     0     2     0     0     0     0     0     0     7
 1955   0.00  0.36  0.82  4.02  5.12  2.50  5.60  1.62  1.59  1.84  0.50  0.21 24.18
           0     0     0     0     0     0     0     0     0     0     0     0     0
 1956   0.40  0.20  3.22  2.60  4.91  1.52  5.27  2.72  2.08  1.63  2.54  0.52 27.61
           0     0     0     0     0     2     0     0     0     0     0     0     2
 1957   0.00  0.00  0.87  1.85  4.66  4.80  5.51  3.35  2.00  1.24  2.01  0.20 26.49
          31    28     0     0     0     0     0     0     0     0     0     1    60
 1958   0.14  0.00  0.00  1.79  0.70  3.53  2.20  3.65  3.14  0.62  2.17  0.20 18.14
           0     0     1     0     0     0     0     0     0     0     0     0     1
 1959   0.70  1.07  2.22  1.45  8.41  5.90  2.40  6.36  5.41  1.87  2.61  1.24 39.64
           4     0     0     0     0     0     0     0     0     0     1     0     5
 1960   0.97  0.12  0.62  3.99  5.89  3.98  3.00  5.70  2.68  2.55  1.29  0.20 30.99
           2     2     0     0     0     0     0     0     0     0     0     1     5
 1961   0.00  0.76  3.56  2.28  2.01  2.01  4.65  2.44  5.50  2.89  2.52  0.83 29.45
           2     0     0     0     0     0     0     0     0     0     0     0     2
 1962   0.00  1.26  1.40  1.76  3.72  2.96  5.39  5.48  2.01  2.44  0.12  0.25 26.79
           0     0     0     0     0     0     0     0     0     0     0     0     0
 1963   0.04  0.62  1.26  2.45  1.75  1.16  4.54  2.17  2.49  0.47  1.07  0.42 18.44
           0     0     0     0     0     0     0     0     0     0     0     0     0
 1964   0.36  0.10  1.42  3.22  7.07  2.99  0.78  3.67  3.09  0.28  1.22  0.58 24.78
           0     0     0     0     0     0     0     0     0     0     0     0     0
 1965   0.28  0.96  1.59  5.20  4.00  3.00  2.15  4.89  9.20  2.15  2.05  2.19 37.66
           0    16     0     0     0     0     0     0     0     0     0     0    16
 1966   0.62  1.03  2.61  1.26  2.10  3.52  3.45  0.95  1.60  0.95  0.54  1.31 19.94
           0     0     0     0     0     0     0     0     0     0     0     0     0
 1967   1.44  0.37  1.76  1.65  1.54  4.32  0.78  1.34  1.65  2.67  0.74  1.10 19.36
           0     0     0     0     0     0     0     0     0     0     0     0     0
 1968   0.78  0.12  1.02  5.84  1.72  5.73  4.99  1.41  3.48  3.16  0.76  1.43 30.44
           0     0     0     0     0     0     0     0     0     0     0     0     0
 1969   0.47  0.00  0.28  3.28  3.23  7.06  4.30  0.99  3.26  3.21  0.33  1.36 27.77
           0     0     0     0     0     0     0     0     0     0     0     0     0
 1970   0.12  0.24  1.15  1.94  4.74  6.71  7.14  1.16  5.63  2.92  1.19  0.56 33.50
           0     0     0     0     0     0     0     0     0     0     0     0     0
 1971   1.20  1.83  1.67  1.79  4.21  5.43  2.56  0.84  2.29  2.07  3.05  1.84 28.78
           0     0     0     0     0     0     0     0     0     0     0     0     0
 1972   0.21  0.52  1.27  1.35  3.28  4.02  5.47  3.22  6.70  4.04  0.27  1.12 31.47
           0     0     0     0     0     0     0     0     0     0     0     0     0
 1973   0.60  0.49  2.01  6.07  6.37  3.70  3.21  6.35  3.96  1.51  1.87  0.84 36.98
           0     0     0     0     0     0     0     0     0     0     0     0     0
 1974   0.28  0.78  1.06  1.84  4.15  7.17  3.47  4.78  1.46  2.61  1.34  1.09 30.03
           0     0     0     0     0     0     0     0     0     0     0     0     0
 1975   0.63  0.78  1.58  4.26  1.83  4.34  1.14  5.16  0.92  0.54  2.95  0.36 24.49
           0     0     0     0     0     0     0     0     0     0     0     0     0
 1976   0.04  0.78  2.52  5.78  3.30  1.73  1.44  3.28  1.20  1.25  0.00  0.44 21.76
           0     0     0     0     0     0     1     0     0     0     0     1     2
 1977   0.48  0.49  3.48  2.46  2.50  2.61  9.98  2.92  2.69  2.45  2.66  0.99 33.71
           0     1     0     0     0     0     0     0     0     0     1     4     6
 1978   0.52  0.63  0.32  3.81  3.87  6.92  4.82  2.57  3.73  1.57  1.52  0.00 30.28
           0     0     0     0     0     0     1     0     0     0     0    31    32
 1979   0.00  0.58  2.07  2.64  4.34  4.17  4.10  7.09  0.19  3.38  1.17  0.37 30.10
          31     0     0     0     0     0     0     0     0     0     0     0    31
 1980   1.08  0.28  0.27  2.19  4.88  2.51  2.48 10.51  4.54  2.02  0.38  0.30 31.44
           0     0     0     0     0     0     0     0     0     0     0     0     0
 1981   0.05  0.96  0.61  8.55  1.75  5.81  4.05  7.62  2.03  2.42  1.17  0.73 35.75
           0     0     0     0     0     0     0     0     0     0     0     0     0
 1982   1.12  0.05  1.93  2.33  7.26  2.69  3.65  5.58  1.55  2.33  4.19  1.43 34.11
           0     0     0     0     0     0     0     0     0     0     0     2     2
 1983   0.58  0.00  1.27  2.15  7.23  8.39  4.12  6.04  4.48  3.31  3.74  0.89 42.20
           0    28     0     0     0     0     0     0     0     0     0     2    30
 1984   0.09  0.58  0.68  5.20  4.32  3.04  2.52  2.15  1.30  4.95  2.83  1.82 29.48
           0     0     3     0     0     0     0     0     0     0     0     1     4
 1985   0.05  0.50  1.80  3.58  1.84  1.34  2.28  3.90  9.45  1.78  2.40  0.00 28.92
           6     3     1     2     0     0     0     0     0     0     0    31    43
 1986   0.12  0.60  1.94  3.12  4.08  4.37  4.00  2.11  8.97  2.79  1.65  0.29 34.04
           0     2     0     0     0     0     0     0     0     0     1     0     3
 1987   0.33  0.00  1.04  2.53  2.27  5.16  7.87  5.00  1.92  0.33  2.30  1.57 30.32
           3     0     1     0     0     0     0     0     0     0     0     1     5
 1988   0.33  0.00  0.84  2.61  1.39  0.99  2.58  3.15  6.72  0.72  2.85  0.75 22.93
           2     6     0     0     0     0     0     0     0     0     1     1    10
 1989   0.48  0.48  1.37  2.48  2.11  1.70  1.67  5.09  3.13  2.71  0.81  0.10 22.13
           1     0     1     0     0     0     0     0     0     0     2     4     8
 1990   0.94  0.00  4.22  2.50  4.00  9.91  4.52  7.36  0.83  1.72  0.75  0.74 37.49
           1     4     1     0     0     2     1     1     0     1     2     7    20
 1991   0.67  0.16  2.35  6.90  4.84  3.37  2.67  4.07  6.60  2.88  5.63  1.48 41.62
           0     0     0     0     0     0     0     0     0     0     0     0     0
 1992   0.90  0.74  1.98  3.78  1.81  2.42  5.26  2.70  6.22  0.85  4.32  1.52 32.50
           0     0     0     0     0     0     0     0     0     0     0     0     0
 1993   0.98  1.28  1.85  5.43  3.44  8.83  6.78  7.82  3.58  1.89  0.90  0.72 43.50
           0     0     0     0     0     0     0     0     0     0     0     0     0
 1994   1.90  1.26  0.19  2.51  1.32  3.37  3.98  4.70  3.10  1.88  1.81  0.74 26.76
           0     0     0     0     0     0     0     0     0     0     0     0     0
 1995   0.63  0.03  3.22  4.44  4.45  2.42  5.96  4.92  1.44  3.05  2.52  0.52 33.60
           0     0     0     0     0     0     0     0     0     0     0     0     0
 1996   2.93  0.22  1.96  1.46  2.82  7.44  1.02  2.65  1.90  2.63  3.47  1.02 29.52
           0     0     0     0     0     0     0     0     0     0     0     0     0
 1997   1.44  7.62  6.15  2.43  4.44  2.73  8.30  2.55  1.86  3.70  0.16  0.58 41.96
           0     0     0     0     0     0     0     0     0     0     0     0     0
 1998   1.21  2.23  2.92  4.52  4.03  8.01  2.40  6.37  1.36  4.56  1.43  0.16 39.20
           0     0     0     0     0     0     0     0     0     0     0     0     0
 
 MEANS  0.62  0.73  1.76  3.36  3.70  4.24  4.03  4.08  3.24  2.17  1.76  0.79 30.47
 PRECIPITATION MEANS AND TOTALS ARE BASED ON DATA AVAILABLE
 NO ATTEMPT WAS MADE TO ESTIMATE MISSING PRECIPITATION DATA
 *****************************************************************************************
 *****************************************************************************************
 
 THESE ARE THE MONTHLY HEATING DEGREE DAYS 1951-1998 FOR STATION #8755
 YEAR    JAN    FEB   MARCH  APRIL   MAY    JUNE   JULY  AUGUST  SEPT   OCT   NOV   DEC
 
 1951  1622.0 1278.0 1268.5  694.5  158.5   92.5   13.5   58.0  244.5  489.5 1151.5 1436.0
 1952  1470.0 1109.0 1139.5  505.5  265.5   37.5    2.0   23.0  152.5  620.0  836.0 1263.5
 1953  1379.0 1209.0  986.0  715.5  253.5   24.5    6.5    2.5  148.5  292.5  787.0 1249.5
 1954  1512.0  908.5 1096.5  490.5  383.0   49.0    0.0    6.5  119.5  493.5  817.5 1283.5
 1955  1509.0 1294.5 1122.0  362.5  134.0   63.5    0.0   11.5  130.0  491.0 1130.0 1532.0
 1956  1501.5 1345.5 1167.0  629.5  261.5   28.5   19.0   30.5  197.5  320.0  958.0 1262.5
 1957  1680.0 1106.0 1037.5  545.0  313.5   62.0    1.5   24.0  206.0  543.0  976.0 1215.0
 1958  1397.0 1402.5 1009.0  540.0  182.5   99.0   13.0   24.5  143.5  376.0  840.0 1534.5
 1959  1686.5 1411.5 1124.0  563.5  176.5   34.5   16.5    6.0  170.0  609.0 1183.5 1086.5
 1960  1393.0 1266.0 1362.5  518.5  241.0   61.0   13.5    7.5  163.0  462.5  835.0 1420.5
 1961  1533.0 1041.5 1000.5  739.5  312.5   39.5    9.0    2.5  237.5  440.0  939.5 1499.0
 1962  1678.5 1353.5 1173.5  641.5  174.5   60.0   29.5   14.5  265.5  456.0  898.5 1397.0
 1963  1884.5 1420.0  930.0  508.5  292.5   31.5    0.0   24.5  127.0  170.5  764.5 1663.0
 1964  1303.0 1119.5 1101.0  521.0  111.0   47.0    1.5   41.0  193.0  496.5  800.0 1462.0
 1965  1592.5 1391.0 1301.5  630.0  159.5   41.0    5.0   41.5  238.5  460.0  879.5 1085.0
 1966  1747.0 1260.5  883.0  672.5  341.0   51.0    0.5   28.0  177.5  463.5  892.0 1355.0
 1967  1425.5 1447.0  983.5  532.5  371.0   21.5   39.5   44.0  167.5  511.5  981.5 1255.5
 1968  1458.5 1350.0  749.0  456.5  302.0   53.5   11.0   32.0  129.0  438.5  895.0 1390.0
 1969  1627.5 1203.0 1213.5  496.5  224.5  142.0    9.0    0.0  145.5  569.5  912.5 1351.0
 1970  1766.5 1282.5 1096.0  514.5  204.0   38.0    8.0    2.0  173.5  431.5  922.5 1378.5
 1971  1733.0 1325.0 1161.0  521.0  291.0   22.0   30.5   19.0  125.5  268.5  872.0 1271.5
 1972  1673.5 1431.5 1096.0  647.5  177.5   66.0   27.0   32.0  133.0  562.5  953.5 1530.0
 1973  1398.0 1146.5  724.0  606.5  297.5   13.5    0.0   13.0  156.5  286.0  862.5 1426.5
 1974  1512.0 1245.5 1015.5  470.0  322.5   60.0    1.0   29.5  239.5  427.0  846.0 1249.5
 1975  1476.5 1294.0 1270.0  736.0  161.5   67.0   20.0   10.0  253.0  352.0  744.0 1263.5
 1976  1500.0 1032.5  919.0  451.0  259.0   14.5    1.5   17.5  161.0  605.5 1104.5 1605.0
 1977  1934.0 1162.5  755.5  353.0   73.0   40.5    2.0   36.0  117.5  498.0  957.0 1482.5
 1978  1788.0 1498.0 1090.0  555.5  237.5   37.0    5.5   11.5   95.5  512.5  958.5 1488.5
 1979  1904.0 1517.0 1108.0  681.0  271.5   38.0    7.0   52.5  120.5  474.5  922.0 1185.5
 1980  1505.5 1395.5 1128.5  524.0  194.0   43.0    1.5    6.5  148.5  606.5  856.0 1349.5
 1981  1395.5 1138.0  865.0  454.0  277.5   38.0   21.0   26.0  170.0  533.0  825.5 1419.5
 1982  1840.5 1308.0 1106.0  694.5  127.5  115.0    1.0   49.5  202.5  438.5  951.0 1182.5
 1983  1359.0 1087.5  956.0  703.5  365.0   47.0    3.0    0.0  166.5  482.0  864.5 1775.5
 1984  1536.5 1028.0 1182.5  552.0  313.5   16.5   11.0   14.5  199.0  417.0  917.0 1330.0
 1985  1670.0 1355.0  866.0  436.0  124.0   91.5    3.5   28.5  221.5  463.0 1105.0 1708.0
 1986  1459.0 1306.0  878.5  408.5  195.0   27.5    3.5   44.5  133.5  488.0 1078.5 1300.0
 1987  1382.0  991.5  829.0  395.0  143.5   17.5    4.5   54.0  140.0  609.0  795.5 1224.0
 1988  1664.5 1460.0  963.5  547.5  137.0   17.0    2.5   19.0  115.0  656.0  917.0 1395.0
 1989  1255.0 1478.0 1131.0  580.5  231.5   46.0    0.0    3.5  178.0  415.0 1006.5 1617.0
 1990  1162.0 1100.5  846.0  551.5  295.0   51.0    9.0    4.0  124.0  486.5  734.0 1436.5
 1991  1616.0 1102.0  896.5  457.0  190.5    7.0    9.5    9.0  215.0  494.5 1117.0 1250.5
 1992  1302.0 1036.5  932.5  600.5  208.0   49.5   31.5   65.0  184.5  483.5  991.0 1315.5
 1993  1463.0 1293.5 1085.5  627.0  202.0   70.0    2.5   16.5  284.0  557.0  984.0 1297.5
 1994  1811.5 1489.5  967.0  593.0  293.0   44.0   22.5   66.0  129.0  429.5  817.0 1223.0
 1995  1501.0 1235.5  958.0  723.5  310.0   42.0   13.5    0.0  237.0  514.5 1152.5 1420.5
 1996  1639.5 1383.0 1222.5  716.5  398.0   76.5   13.5   21.0  211.5  507.5 1171.0 1479.5
 1997  1647.0 1199.5 1039.0  688.5  465.5   44.5   46.5   51.0  152.0  504.5 1017.0 1193.5
 1998  1322.5  913.0 1029.5  512.5  124.0  113.5    1.5    0.0   83.5  450.5  815.5 1172.0
 *****************************************************************************************
 MEANS 1587.1 1279.2 1057.7  575.1  245.1   50.5   10.5   23.8  174.7  481.8  950.9 1397.2
 
 THESE ARE THE MONTHLY COOLING DEGREE DAYS 1951-1998 FOR STATION #8755
 YEAR    JAN   FEB  MARCH APRIL  MAY  JUNE  JULY AUGUST SEPT   OCT   NOV   DEC   ANN
 
 1951    0.0   0.0   0.0   4.5  27.0  28.5 139.0  79.0   4.0   4.5   0.0   0.0
 1952    0.0   0.0   0.0  19.0  27.5 158.5 235.5 105.0  54.0   1.0   0.0   0.0
 1953    0.0   0.0   0.0   0.0  32.5 153.5 191.0 175.5  38.0  22.5   0.0   0.0
 1954    0.0   0.0   0.0   0.0   6.5 195.0 246.0 130.0  58.5   2.5   0.0   0.0
 1955    0.0   0.0   0.0   0.0  36.5  61.0 325.5 284.0  74.5   0.0   0.0   0.0
 1956    0.0   0.0   0.0   0.0  33.0 215.5 126.0 155.0  10.0   1.0   0.0   0.0
 1957    0.0   0.0   0.0   0.5   5.5  76.5 257.5 143.5  14.5   0.0   0.0   0.0
 1958    0.0   0.0   0.0   1.5   8.5  34.0 128.0 189.0  28.0   4.0   0.0   0.0
 1959    0.0   0.0   0.0   0.0  41.0 113.5 138.0 231.5  79.5   0.0   0.0   0.0
 1960    0.0   0.0   0.0  15.5   3.5  45.5 160.5 172.0  99.5   6.5   0.0   0.0
 1961    0.0   0.0   0.0   0.0  12.5 133.0 148.5 171.0  57.5   1.5   0.0   0.0
 1962    0.0   0.0   0.0   6.0  77.5  76.5  94.0 109.0  18.0   7.0   0.0   0.0
 1963    0.0   0.0   0.0   0.0  17.5 179.5 205.0 132.0  38.5  26.0   0.0   0.0
 1964    0.0   0.0   0.0   0.0  66.5 144.0 302.5 162.5  43.0   0.0   0.0   0.0
 1965    0.0   0.0   0.0   0.0  43.5  73.5 172.5 142.5   7.5   6.0   0.0   0.0
 1966    0.0   0.0   0.0   0.0  16.5 125.5 258.5 117.5  28.5   2.5   0.0   0.0
 1967    0.0   0.0   0.0   0.0  27.0  85.5 161.5  79.5  10.0   8.0   0.0   0.0
 1968    0.0   0.0   0.0   1.5   6.0 129.0 177.0 182.5  28.0  25.5   0.0   0.0
 1969    0.0   0.0   0.0   0.0  40.5  30.5 207.5 209.5  43.5  13.0   0.0   0.0
 1970    0.0   0.0   0.0  17.5  56.5 145.0 236.0 160.0  61.5   6.0   0.0   0.0
 1971    0.0   0.0   0.0   0.0   3.5 216.5 115.0 121.0 105.0  22.5   0.0   0.0
 1972    0.0   0.0   0.0   0.0  77.5 105.5 154.5 203.5  35.5   1.5   0.0   0.0
 1973    0.0   0.0   0.0   0.0   0.0 144.0 208.5 196.5  46.0  12.0   0.0   0.0
 1974    0.0   0.0   0.0  12.0  18.0  53.5 279.0 114.0  25.0   0.0   0.0   0.0
 1975    0.0   0.0   0.0   0.0  48.0 121.0 238.0 200.5  23.5  23.0   0.0   0.0
 1976    0.0   0.0   0.0   2.0   6.0 123.0 279.5 150.5  47.0  10.5   0.0   0.0
 1977    0.0   0.0   0.0  28.5 110.5 104.5 277.0 102.5  23.5   0.0   0.0   0.0
 1978    0.0   0.0   0.0   0.0  48.0  98.5 164.0 139.0 110.5   0.0   0.0   0.0
 1979    0.0   0.0   0.0   0.0  21.0  79.5 149.0 111.5  51.5   2.5   0.0   0.0
 1980    0.0   0.0   0.0  15.0  51.5  93.0 266.0 171.5  57.5   0.0   0.0   0.0
 1981    0.0   0.0   0.0   0.0   1.0  71.0 172.5  98.0  23.0   0.0   0.0   0.0
 1982    0.0   0.0   0.0   0.0  17.5  35.0 211.5 138.0  42.0   4.0   0.0   0.0
 1983    0.0   0.0   0.0   0.0   0.0 137.0 312.0 300.0  73.0   4.0   0.0   0.0
 1984    0.0   0.0   0.0   0.0  15.0 116.5 152.5 220.5  64.5   0.0   0.0   0.0
 1985    0.0   0.0   0.0  33.0  28.0  78.5 192.5  92.5 109.5   0.0   0.0   0.0
 1986    0.0   0.0   0.0  11.0  22.0 132.0 251.0  64.5  42.5   0.0   0.0   0.0
 1987    0.0   0.0   0.0   9.5  53.5 189.0 270.5 138.5  28.5   0.0   0.0   0.0
 1988    0.0   0.0   0.0   0.0  44.0 209.0 283.0 298.0  48.0   0.0   0.0   0.0
 1989    0.0   0.0   0.0   0.0  25.0 130.5 297.5 164.0  24.5   4.0   0.0   0.0
 1990    0.0   0.0   0.0  21.5   5.5 142.5 191.0 160.5 107.5   9.0   0.0   0.0
 1991    0.0   0.0   0.0  10.0 113.0 212.0 212.5 177.0  78.0   0.5   0.0   0.0
 1992    0.0   0.0   0.0   0.0  38.5  88.0  96.0  75.5  38.0   3.5   0.0   0.0
 1993    0.0   0.0   0.0   0.0  25.5  92.5 173.5 200.5  17.5   4.5   0.0   0.0
 1994    0.0   0.0   0.0   7.0  18.0 158.0 122.5  71.5  73.5   0.0   0.0   0.0
 1995    0.0   0.0   0.0   0.0   0.0 158.0 225.0 309.0  21.5   4.5   0.0   0.0
 1996    0.0   0.0   0.0   0.0  21.5  92.5 109.0 101.0  41.5   2.0   0.0   0.0
 1997    0.0   0.0   0.0   0.0   0.0 105.5 177.5  76.5  22.0  29.0   0.0   0.0
 1998    0.0   0.0   0.0   0.0  58.5 106.0 188.0 165.5  76.0   0.0   0.0   0.0
 *****************************************************************************************
 MEANS   0.0   0.0   0.0   4.6  31.3 120.1 207.1 160.3  48.3   5.9   0.0   0.0
 
 THESE ARE THE HEAT STRESS VARIABLES 1951-1998 FOR STATION #8755
             # OF DAYS MAXT >86                           HEAT INDEX
 YEAR   MAY  JUNE  JULY   AUG  SEPT  TOTAL     MAY    JUNE   JULY   AUG    SEPT  TOTAL
 1951   0.0   0.0   1.0   0.0   0.0    1.0      0.0    0.0    2.0    0.0    0.0    2.0
 1952   1.0   5.0   9.0   1.0   1.0   17.0      1.0   13.0   24.0    2.0    2.0   42.0
 1953   1.0   5.0   3.0   8.0   2.0   19.0      3.0   19.0    8.0   21.0   10.0   61.0
 1954   0.0   4.0  10.0   1.0   2.0   17.0      0.0   10.0   27.0    2.0    6.0   45.0
 1955   1.0   1.0  13.0  18.0   6.0   39.0      1.0    3.0   75.0  102.0   26.0  207.0
 1956   1.0   9.0   2.0   4.0   0.0   16.0      2.0   29.0    8.0   12.0    0.0   51.0
 1957   0.0   0.0   7.0   2.0   0.0    9.0      0.0    0.0   23.0    8.0    0.0   31.0
 1958   0.0   1.0   0.0   5.0   0.0    6.0      0.0    1.0    0.0   14.0    0.0   15.0
 1959   0.0   1.0   1.0   6.0   2.0   10.0      0.0    2.0    1.0   13.0    5.0   21.0
 1960   0.0   0.0   3.0   2.0   7.0   12.0      0.0    0.0   10.0    7.0   26.0   43.0
 1961   0.0   2.0   2.0   2.0   0.0    6.0      0.0    7.0    3.0    2.0    0.0   12.0
 1962   0.0   0.0   0.0   0.0   0.0    0.0      0.0    0.0    0.0    0.0    0.0    0.0
 1963   0.0  11.0   3.0   1.0   0.0   15.0      0.0   27.0   18.0    1.0    0.0   46.0
 1964   0.0   4.0  18.0   5.0   0.0   27.0      0.0    5.0   81.0   33.0    0.0  119.0
 1965   0.0   1.0   4.0   6.0   0.0   11.0      0.0    1.0   18.0   17.0    0.0   36.0
 1966   0.0   3.0  11.0   1.0   0.0   15.0      0.0    6.0   36.0    4.0    0.0   46.0
 1967   3.0   0.0   4.0   0.0   0.0    7.0      5.0    0.0    9.0    0.0    0.0   14.0
 1968   0.0   2.0   1.0   8.0   0.0   11.0      0.0    2.0    1.0   22.0    0.0   25.0
 1969   0.0   0.0   7.0   1.0   0.0    8.0      0.0    0.0   14.0    1.0    0.0   15.0
 1970   2.0   2.0   9.0   0.0   0.0   13.0      2.0   12.0   18.0    0.0    0.0   32.0
 1971   0.0   5.0   0.0   2.0   2.0    9.0      0.0   13.0    0.0    3.0    6.0   22.0
 1972   0.0   1.0   2.0   6.0   0.0    9.0      0.0    1.0    3.0   22.0    0.0   26.0
 1973   0.0   5.0   4.0   4.0   0.0   13.0      0.0    8.0   12.0   10.0    0.0   30.0
 1974   0.0   0.0   9.0   0.0   0.0    9.0      0.0    0.0   33.0    0.0    0.0   33.0
 1975   0.0   1.0   4.0   4.0   0.0    9.0      0.0    1.0    8.0    5.0    0.0   14.0
 1976   0.0   3.0  12.0   1.0   1.0   17.0      0.0    4.0   45.0    1.0    1.0   51.0
 1977   0.0   5.0   9.0   0.0   0.0   14.0      0.0   12.0   37.0    0.0    0.0   49.0
 1978   1.0   1.0   0.0   1.0   6.0    9.0      1.0    1.0    0.0    2.0   21.0   25.0
 1979   0.0   0.0   0.0   0.0   0.0    0.0      0.0    0.0    0.0    0.0    0.0    0.0
 1980   0.0   2.0  10.0   3.0   1.0   16.0      0.0    8.0   43.0    5.0    1.0   57.0
 1981   0.0   0.0   2.0   0.0   0.0    2.0      0.0    0.0    7.0    0.0    0.0    7.0
 1982   0.0   0.0   4.0   3.0   0.0    7.0      0.0    0.0   10.0    7.0    0.0   17.0
 1983   0.0   4.0  10.0   9.0   1.0   24.0      0.0    7.0   29.0   34.0    3.0   73.0
 1984   0.0   0.0   2.0   8.0   3.0   13.0      0.0    0.0    3.0   31.0    3.0   37.0
 1985   0.0   3.0   4.0   3.0   3.0   13.0      0.0   13.0   15.0    5.0    8.0   41.0
 1986   0.0   3.0   8.0   0.0   0.0   11.0      0.0    7.0   24.0    0.0    0.0   31.0
 1987   0.0   6.0   7.0   3.0   0.0   16.0      0.0   23.0   23.0   12.0    0.0   58.0
 1988   3.0  12.0  15.0  16.0   1.0   47.0      3.0   46.0   74.0  123.0    3.0  249.0
 1989   0.0   0.0  10.0   3.0   0.0   13.0      0.0    0.0   43.0   10.0    0.0   53.0
 1990   0.0   1.0   3.0   2.0   3.0    9.0      0.0    1.0   20.0    3.0    5.0   29.0
 1991   1.0   5.0   5.0   4.0   0.0   15.0      2.0   15.0   11.0    6.0    0.0   34.0
 1992   0.0   0.0   1.0   2.0   0.0    3.0      0.0    0.0    2.0    2.0    0.0    4.0
 1993   0.0   0.0   0.0   1.0   0.0    1.0      0.0    0.0    0.0    1.0    0.0    1.0
 1994   0.0   8.0   2.0   2.0   2.0   14.0      0.0   26.0    3.0    3.0    3.0   35.0
 1995   0.0   8.0  11.0  12.0   1.0   32.0      0.0   27.0   54.0   36.0    1.0  118.0
 1996   1.0   4.0   2.0   2.0   0.0    9.0      1.0   15.0    6.0    6.0    0.0   28.0
 1997   0.0   3.0   6.0   1.0   0.0   10.0      0.0    7.0   19.0    2.0    0.0   28.0
 1998   4.0   4.0   4.0   1.0   4.0   17.0      9.0   12.0    4.0    1.0   11.0   37.0
 *****************************************************************************************
 MEANS  0.4   3.0   5.5   3.6   1.1   13.6      0.7    8.7   20.0   13.1    3.2   45.7
